datetime,snapshotTime,snapshotTimeUTC,openPrice,closePrice,highPrice,lowPrice,lastTradedVolume,open,high,low,close
2025-01-01 00:30:00,2025-01-01T00:30:00,2025-01-01T00:30:00,"{'bid': 586.57, 'ask': 586.75}","{'bid': 586.21, 'ask': 586.9}","{'bid': 586.57, 'ask': 586.9}","{'bid': 586.21, 'ask': 586.7}",14,586.57,586.57,586.21,586.21
2025-01-01 00:45:00,2025-01-01T00:45:00,2025-01-01T00:45:00,"{'bid': 586.45, 'ask': 586.75}","{'bid': 586.46, 'ask': 586.73}","{'bid': 586.51, 'ask': 586.75}","{'bid': 586.45, 'ask': 586.58}",15,586.45,586.51,586.45,586.46
2025-01-02 09:00:00,2025-01-02T09:00:00,2025-01-02T09:00:00,"{'bid': 588.93, 'ask': 589.15}","{'bid': 589.61, 'ask': 589.82}","{'bid': 589.67, 'ask': 590.15}","{'bid': 588.45, 'ask': 588.88}",1105,588.93,589.67,588.45,589.61
2025-01-02 09:15:00,2025-01-02T09:15:00,2025-01-02T09:15:00,"{'bid': 589.61, 'ask': 589.81}","{'bid': 589.56, 'ask': 589.74}","{'bid': 589.76, 'ask': 590.25}","{'bid': 589.25, 'ask': 589.51}",524,589.61,589.76,589.25,589.56
2025-01-02 09:30:00,2025-01-02T09:30:00,2025-01-02T09:30:00,"{'bid': 589.57, 'ask': 589.74}","{'bid': 589.47, 'ask': 589.68}","{'bid': 589.67, 'ask': 589.85}","{'bid': 588.65, 'ask': 589.02}",663,589.57,589.67,588.65,589.47
2025-01-02 09:45:00,2025-01-02T09:45:00,2025-01-02T09:45:00,"{'bid': 589.46, 'ask': 589.68}","{'bid': 589.75, 'ask': 589.95}","{'bid': 589.76, 'ask': 590.0}","{'bid': 589.06, 'ask': 589.45}",418,589.46,589.76,589.06,589.75
2025-01-02 10:00:00,2025-01-02T10:00:00,2025-01-02T10:00:00,"{'bid': 589.78, 'ask': 589.97}","{'bid': 589.12, 'ask': 589.34}","{'bid': 589.91, 'ask': 590.25}","{'bid': 588.8, 'ask': 589.14}",555,589.78,589.91,588.8,589.12
2025-01-02 10:15:00,2025-01-02T10:15:00,2025-01-02T10:15:00,"{'bid': 589.13, 'ask': 589.34}","{'bid': 589.52, 'ask': 589.73}","{'bid': 589.64, 'ask': 590.05}","{'bid': 589.06, 'ask': 589.3}",390,589.13,589.64,589.06,589.52
2025-01-02 10:30:00,2025-01-02T10:30:00,2025-01-02T10:30:00,"{'bid': 589.51, 'ask': 589.73}","{'bid': 589.83, 'ask': 590.03}","{'bid': 589.87, 'ask': 590.45}","{'bid': 589.43, 'ask': 589.66}",294,589.51,589.87,589.43,589.83
2025-01-02 10:45:00,2025-01-02T10:45:00,2025-01-02T10:45:00,"{'bid': 589.82, 'ask': 590.03}","{'bid': 589.77, 'ask': 590.01}","{'bid': 589.9, 'ask': 590.44}","{'bid': 589.06, 'ask': 589.3}",415,589.82,589.9,589.06,589.77
2025-01-02 11:00:00,2025-01-02T11:00:00,2025-01-02T11:00:00,"{'bid': 589.78, 'ask': 590.01}","{'bid': 589.77, 'ask': 589.99}","{'bid': 589.93, 'ask': 590.45}","{'bid': 589.28, 'ask': 589.45}",441,589.78,589.93,589.28,589.77
2025-01-02 11:15:00,2025-01-02T11:15:00,2025-01-02T11:15:00,"{'bid': 589.78, 'ask': 589.98}","{'bid': 589.82, 'ask': 589.99}","{'bid': 589.96, 'ask': 590.25}","{'bid': 589.35, 'ask': 589.86}",368,589.78,589.96,589.35,589.82
2025-01-02 11:30:00,2025-01-02T11:30:00,2025-01-02T11:30:00,"{'bid': 589.76, 'ask': 589.99}","{'bid': 590.34, 'ask': 590.57}","{'bid': 590.35, 'ask': 590.85}","{'bid': 589.35, 'ask': 589.67}",486,589.76,590.35,589.35,590.34
2025-01-02 11:45:00,2025-01-02T11:45:00,2025-01-02T11:45:00,"{'bid': 590.33, 'ask': 590.57}","{'bid': 591.51, 'ask': 591.69}","{'bid': 591.53, 'ask': 591.85}","{'bid': 590.31, 'ask': 590.53}",655,590.33,591.53,590.31,591.51
2025-01-02 12:00:00,2025-01-02T12:00:00,2025-01-02T12:00:00,"{'bid': 591.52, 'ask': 591.69}","{'bid': 591.87, 'ask': 592.0}","{'bid': 591.92, 'ask': 592.05}","{'bid': 591.15, 'ask': 591.49}",1207,591.52,591.92,591.15,591.87
2025-01-02 12:15:00,2025-01-02T12:15:00,2025-01-02T12:15:00,"{'bid': 591.88, 'ask': 592.0}","{'bid': 591.87, 'ask': 592.05}","{'bid': 592.0, 'ask': 592.45}","{'bid': 591.55, 'ask': 591.91}",719,591.88,592.0,591.55,591.87
2025-01-02 12:30:00,2025-01-02T12:30:00,2025-01-02T12:30:00,"{'bid': 591.87, 'ask': 592.07}","{'bid': 591.09, 'ask': 591.26}","{'bid': 591.95, 'ask': 592.45}","{'bid': 590.75, 'ask': 591.12}",702,591.87,591.95,590.75,591.09
2025-01-02 12:45:00,2025-01-02T12:45:00,2025-01-02T12:45:00,"{'bid': 591.1, 'ask': 591.26}","{'bid': 590.9, 'ask': 591.09}","{'bid': 591.13, 'ask': 591.45}","{'bid': 590.09, 'ask': 590.31}",1106,591.1,591.13,590.09,590.9
2025-01-02 13:00:00,2025-01-02T13:00:00,2025-01-02T13:00:00,"{'bid': 590.87, 'ask': 591.07}","{'bid': 590.64, 'ask': 590.78}","{'bid': 591.06, 'ask': 591.45}","{'bid': 590.6, 'ask': 590.78}",1134,590.87,591.06,590.6,590.64
2025-01-02 13:15:00,2025-01-02T13:15:00,2025-01-02T13:15:00,"{'bid': 590.64, 'ask': 590.8}","{'bid': 586.01, 'ask': 591.75}","{'bid': 590.75, 'ask': 591.75}","{'bid': 586.01, 'ask': 590.35}",1466,590.64,590.75,586.01,586.01
2025-01-02 13:30:00,2025-01-02T13:30:00,2025-01-02T13:30:00,"{'bid': 590.43, 'ask': 591.75}","{'bid': 591.17, 'ask': 591.35}","{'bid': 591.31, 'ask': 591.75}","{'bid': 589.15, 'ask': 590.24}",1527,590.43,591.31,589.15,591.17
2025-01-02 13:45:00,2025-01-02T13:45:00,2025-01-02T13:45:00,"{'bid': 591.15, 'ask': 591.32}","{'bid': 590.33, 'ask': 590.49}","{'bid': 591.16, 'ask': 591.45}","{'bid': 590.15, 'ask': 590.34}",1686,591.15,591.16,590.15,590.33
2025-01-02 14:00:00,2025-01-02T14:00:00,2025-01-02T14:00:00,"{'bid': 590.33, 'ask': 590.48}","{'bid': 589.73, 'ask': 589.87}","{'bid': 590.38, 'ask': 590.85}","{'bid': 588.89, 'ask': 589.05}",2851,590.33,590.38,588.89,589.73
2025-01-02 14:15:00,2025-01-02T14:15:00,2025-01-02T14:15:00,"{'bid': 589.66, 'ask': 589.84}","{'bid': 589.33, 'ask': 589.5}","{'bid': 590.12, 'ask': 590.45}","{'bid': 589.15, 'ask': 589.35}",2186,589.66,590.12,589.15,589.33
2025-01-02 14:30:00,2025-01-02T14:30:00,2025-01-02T14:30:00,"{'bid': 589.31, 'ask': 589.46}","{'bid': 587.09, 'ask': 587.24}","{'bid': 589.58, 'ask': 589.73}","{'bid': 586.09, 'ask': 586.21}",6955,589.31,589.58,586.09,587.09
2025-01-02 14:45:00,2025-01-02T14:45:00,2025-01-02T14:45:00,"{'bid': 587.08, 'ask': 587.24}","{'bid': 590.07, 'ask': 590.2}","{'bid': 590.46, 'ask': 590.6}","{'bid': 586.91, 'ask': 587.06}",6562,587.08,590.46,586.91,590.07
2025-01-02 15:00:00,2025-01-02T15:00:00,2025-01-02T15:00:00,"{'bid': 590.06, 'ask': 590.2}","{'bid': 590.54, 'ask': 590.67}","{'bid': 591.08, 'ask': 591.21}","{'bid': 589.72, 'ask': 589.86}",6767,590.06,591.08,589.72,590.54
2025-01-02 15:15:00,2025-01-02T15:15:00,2025-01-02T15:15:00,"{'bid': 590.55, 'ask': 590.67}","{'bid': 587.76, 'ask': 587.9}","{'bid': 590.8, 'ask': 590.93}","{'bid': 587.25, 'ask': 587.38}",6969,590.55,590.8,587.25,587.76
2025-01-02 15:30:00,2025-01-02T15:30:00,2025-01-02T15:30:00,"{'bid': 587.76, 'ask': 587.89}","{'bid': 586.98, 'ask': 587.12}","{'bid': 588.13, 'ask': 588.26}","{'bid': 586.28, 'ask': 586.4}",6615,587.76,588.13,586.28,586.98
2025-01-02 15:45:00,2025-01-02T15:45:00,2025-01-02T15:45:00,"{'bid': 586.98, 'ask': 587.11}","{'bid': 587.5, 'ask': 587.63}","{'bid': 588.72, 'ask': 588.85}","{'bid': 586.35, 'ask': 586.47}",5796,586.98,588.72,586.35,587.5
2025-01-02 16:00:00,2025-01-02T16:00:00,2025-01-02T16:00:00,"{'bid': 587.52, 'ask': 587.67}","{'bid': 586.39, 'ask': 586.53}","{'bid': 587.75, 'ask': 587.88}","{'bid': 585.15, 'ask': 585.27}",6085,587.52,587.75,585.15,586.39
2025-01-02 16:15:00,2025-01-02T16:15:00,2025-01-02T16:15:00,"{'bid': 586.4, 'ask': 586.53}","{'bid': 587.46, 'ask': 587.6}","{'bid': 587.63, 'ask': 587.75}","{'bid': 585.95, 'ask': 586.07}",5002,586.4,587.63,585.95,587.46
2025-01-02 16:30:00,2025-01-02T16:30:00,2025-01-02T16:30:00,"{'bid': 587.45, 'ask': 587.58}","{'bid': 587.87, 'ask': 587.99}","{'bid': 588.47, 'ask': 588.59}","{'bid': 587.07, 'ask': 587.19}",4172,587.45,588.47,587.07,587.87
2025-01-02 16:45:00,2025-01-02T16:45:00,2025-01-02T16:45:00,"{'bid': 587.89, 'ask': 588.02}","{'bid': 587.81, 'ask': 587.94}","{'bid': 588.7, 'ask': 588.83}","{'bid': 587.29, 'ask': 587.42}",3756,587.89,588.7,587.29,587.81
2025-01-02 17:00:00,2025-01-02T17:00:00,2025-01-02T17:00:00,"{'bid': 587.82, 'ask': 587.95}","{'bid': 588.25, 'ask': 588.38}","{'bid': 588.62, 'ask': 588.74}","{'bid': 587.21, 'ask': 587.33}",4229,587.82,588.62,587.21,588.25
2025-01-02 17:15:00,2025-01-02T17:15:00,2025-01-02T17:15:00,"{'bid': 588.24, 'ask': 588.36}","{'bid': 584.42, 'ask': 584.56}","{'bid': 588.28, 'ask': 588.4}","{'bid': 584.19, 'ask': 584.33}",5144,588.24,588.28,584.19,584.42
2025-01-02 17:30:00,2025-01-02T17:30:00,2025-01-02T17:30:00,"{'bid': 584.41, 'ask': 584.54}","{'bid': 582.13, 'ask': 582.26}","{'bid': 584.41, 'ask': 584.54}","{'bid': 581.37, 'ask': 581.49}",7102,584.41,584.41,581.37,582.13
2025-01-02 17:45:00,2025-01-02T17:45:00,2025-01-02T17:45:00,"{'bid': 582.14, 'ask': 582.28}","{'bid': 582.8, 'ask': 582.93}","{'bid': 583.19, 'ask': 583.32}","{'bid': 580.89, 'ask': 581.01}",6182,582.14,583.19,580.89,582.8
2025-01-02 18:00:00,2025-01-02T18:00:00,2025-01-02T18:00:00,"{'bid': 582.81, 'ask': 582.93}","{'bid': 581.61, 'ask': 581.74}","{'bid': 583.02, 'ask': 583.15}","{'bid': 581.2, 'ask': 581.32}",5425,582.81,583.02,581.2,581.61
2025-01-02 18:15:00,2025-01-02T18:15:00,2025-01-02T18:15:00,"{'bid': 581.62, 'ask': 581.77}","{'bid': 582.27, 'ask': 582.4}","{'bid': 582.51, 'ask': 582.64}","{'bid': 581.03, 'ask': 581.15}",4932,581.62,582.51,581.03,582.27
2025-01-02 18:30:00,2025-01-02T18:30:00,2025-01-02T18:30:00,"{'bid': 582.24, 'ask': 582.37}","{'bid': 582.26, 'ask': 582.39}","{'bid': 582.32, 'ask': 582.45}","{'bid': 580.69, 'ask': 580.82}",5103,582.24,582.32,580.69,582.26
2025-01-02 18:45:00,2025-01-02T18:45:00,2025-01-02T18:45:00,"{'bid': 582.24, 'ask': 582.38}","{'bid': 581.84, 'ask': 581.97}","{'bid': 582.24, 'ask': 582.38}","{'bid': 580.44, 'ask': 580.57}",4461,582.24,582.24,580.44,581.84
2025-01-02 19:00:00,2025-01-02T19:00:00,2025-01-02T19:00:00,"{'bid': 581.83, 'ask': 581.95}","{'bid': 582.02, 'ask': 582.15}","{'bid': 583.02, 'ask': 583.15}","{'bid': 581.35, 'ask': 581.48}",4871,581.83,583.02,581.35,582.02
2025-01-02 19:15:00,2025-01-02T19:15:00,2025-01-02T19:15:00,"{'bid': 582.0, 'ask': 582.13}","{'bid': 583.2, 'ask': 583.32}","{'bid': 583.44, 'ask': 583.56}","{'bid': 581.84, 'ask': 581.97}",3807,582.0,583.44,581.84,583.2
2025-01-02 19:30:00,2025-01-02T19:30:00,2025-01-02T19:30:00,"{'bid': 583.22, 'ask': 583.34}","{'bid': 582.74, 'ask': 582.87}","{'bid': 583.22, 'ask': 583.34}","{'bid': 582.03, 'ask': 582.16}",3325,583.22,583.22,582.03,582.74
2025-01-02 19:45:00,2025-01-02T19:45:00,2025-01-02T19:45:00,"{'bid': 582.76, 'ask': 582.88}","{'bid': 582.1, 'ask': 582.23}","{'bid': 583.92, 'ask': 584.05}","{'bid': 581.97, 'ask': 582.09}",3586,582.76,583.92,581.97,582.1
2025-01-02 20:00:00,2025-01-02T20:00:00,2025-01-02T20:00:00,"{'bid': 582.09, 'ask': 582.23}","{'bid': 584.29, 'ask': 584.42}","{'bid': 584.62, 'ask': 584.74}","{'bid': 582.08, 'ask': 582.21}",3693,582.09,584.62,582.08,584.29
2025-01-02 20:15:00,2025-01-02T20:15:00,2025-01-02T20:15:00,"{'bid': 584.26, 'ask': 584.4}","{'bid': 584.4, 'ask': 584.52}","{'bid': 584.74, 'ask': 584.86}","{'bid': 583.78, 'ask': 583.91}",3875,584.26,584.74,583.78,584.4
2025-01-02 20:30:00,2025-01-02T20:30:00,2025-01-02T20:30:00,"{'bid': 584.4, 'ask': 584.53}","{'bid': 584.1, 'ask': 584.23}","{'bid': 585.32, 'ask': 585.44}","{'bid': 583.49, 'ask': 583.62}",5174,584.4,585.32,583.49,584.1
2025-01-02 20:45:00,2025-01-02T20:45:00,2025-01-02T20:45:00,"{'bid': 584.09, 'ask': 584.22}","{'bid': 584.51, 'ask': 584.63}","{'bid': 584.99, 'ask': 585.12}","{'bid': 583.76, 'ask': 583.88}",5465,584.09,584.99,583.76,584.51
2025-01-02 21:00:00,2025-01-02T21:00:00,2025-01-02T21:00:00,"{'bid': 584.52, 'ask': 584.64}","{'bid': 584.99, 'ask': 585.13}","{'bid': 585.09, 'ask': 585.25}","{'bid': 584.51, 'ask': 584.63}",1436,584.52,585.09,584.51,584.99
2025-01-02 21:15:00,2025-01-02T21:15:00,2025-01-02T21:15:00,"{'bid': 584.98, 'ask': 585.13}","{'bid': 585.29, 'ask': 585.44}","{'bid': 585.31, 'ask': 585.55}","{'bid': 584.83, 'ask': 584.98}",658,584.98,585.31,584.83,585.29
2025-01-02 21:30:00,2025-01-02T21:30:00,2025-01-02T21:30:00,"{'bid': 585.3, 'ask': 585.44}","{'bid': 584.95, 'ask': 585.11}","{'bid': 585.3, 'ask': 585.44}","{'bid': 584.84, 'ask': 584.96}",394,585.3,585.3,584.84,584.95
2025-01-02 21:45:00,2025-01-02T21:45:00,2025-01-02T21:45:00,"{'bid': 584.94, 'ask': 585.09}","{'bid': 584.88, 'ask': 585.04}","{'bid': 584.95, 'ask': 585.11}","{'bid': 584.79, 'ask': 584.97}",255,584.94,584.95,584.79,584.88
2025-01-02 22:00:00,2025-01-02T22:00:00,2025-01-02T22:00:00,"{'bid': 584.88, 'ask': 585.1}","{'bid': 584.9, 'ask': 585.05}","{'bid': 584.9, 'ask': 585.1}","{'bid': 584.87, 'ask': 585.01}",30,584.88,584.9,584.87,584.9
2025-01-02 22:15:00,2025-01-02T22:15:00,2025-01-02T22:15:00,"{'bid': 584.87, 'ask': 585.05}","{'bid': 584.88, 'ask': 585.01}","{'bid': 584.93, 'ask': 585.09}","{'bid': 584.87, 'ask': 585.01}",24,584.87,584.93,584.87,584.88
2025-01-02 22:30:00,2025-01-02T22:30:00,2025-01-02T22:30:00,"{'bid': 584.88, 'ask': 585.05}","{'bid': 584.89, 'ask': 585.02}","{'bid': 584.91, 'ask': 585.05}","{'bid': 584.87, 'ask': 585.01}",6,584.88,584.91,584.87,584.89
2025-01-02 22:45:00,2025-01-02T22:45:00,2025-01-02T22:45:00,"{'bid': 584.89, 'ask': 585.05}","{'bid': 584.9, 'ask': 585.22}","{'bid': 585.01, 'ask': 585.22}","{'bid': 584.75, 'ask': 584.9}",39,584.89,585.01,584.75,584.9
2025-01-02 23:00:00,2025-01-02T23:00:00,2025-01-02T23:00:00,"{'bid': 584.75, 'ask': 584.95}","{'bid': 584.62, 'ask': 584.8}","{'bid': 584.97, 'ask': 585.25}","{'bid': 584.4, 'ask': 584.59}",309,584.75,584.97,584.4,584.62
2025-01-02 23:15:00,2025-01-02T23:15:00,2025-01-02T23:15:00,"{'bid': 584.62, 'ask': 584.79}","{'bid': 584.36, 'ask': 584.58}","{'bid': 584.81, 'ask': 585.0}","{'bid': 584.19, 'ask': 584.4}",377,584.62,584.81,584.19,584.36
2025-01-02 23:30:00,2025-01-02T23:30:00,2025-01-02T23:30:00,"{'bid': 584.39, 'ask': 584.59}","{'bid': 584.25, 'ask': 584.44}","{'bid': 584.52, 'ask': 584.75}","{'bid': 584.12, 'ask': 584.38}",182,584.39,584.52,584.12,584.25
2025-01-02 23:45:00,2025-01-02T23:45:00,2025-01-02T23:45:00,"{'bid': 584.25, 'ask': 584.45}","{'bid': 584.3, 'ask': 584.47}","{'bid': 584.35, 'ask': 584.85}","{'bid': 583.97, 'ask': 584.16}",272,584.25,584.35,583.97,584.3
2025-01-03 00:00:00,2025-01-03T00:00:00,2025-01-03T00:00:00,"{'bid': 584.3, 'ask': 584.48}","{'bid': 585.08, 'ask': 585.29}","{'bid': 585.22, 'ask': 585.45}","{'bid': 584.15, 'ask': 584.36}",441,584.3,585.22,584.15,585.08
2025-01-03 00:15:00,2025-01-03T00:15:00,2025-01-03T00:15:00,"{'bid': 585.07, 'ask': 585.29}","{'bid': 585.44, 'ask': 585.62}","{'bid': 585.58, 'ask': 586.05}","{'bid': 584.96, 'ask': 585.14}",478,585.07,585.58,584.96,585.44
2025-01-03 00:30:00,2025-01-03T00:30:00,2025-01-03T00:30:00,"{'bid': 585.46, 'ask': 585.62}","{'bid': 585.63, 'ask': 585.79}","{'bid': 585.76, 'ask': 585.97}","{'bid': 585.15, 'ask': 585.58}",348,585.46,585.76,585.15,585.63
2025-01-03 00:45:00,2025-01-03T00:45:00,2025-01-03T00:45:00,"{'bid': 585.62, 'ask': 585.79}","{'bid': 585.76, 'ask': 585.91}","{'bid': 585.79, 'ask': 586.1}","{'bid': 585.35, 'ask': 585.75}",224,585.62,585.79,585.35,585.76
2025-01-03 09:00:00,2025-01-03T09:00:00,2025-01-03T09:00:00,"{'bid': 585.82, 'ask': 586.09}","{'bid': 586.76, 'ask': 586.96}","{'bid': 586.79, 'ask': 587.05}","{'bid': 585.82, 'ask': 586.0}",661,585.82,586.79,585.82,586.76
2025-01-03 09:15:00,2025-01-03T09:15:00,2025-01-03T09:15:00,"{'bid': 586.76, 'ask': 586.95}","{'bid': 586.94, 'ask': 587.15}","{'bid': 587.19, 'ask': 587.45}","{'bid': 586.55, 'ask': 586.85}",512,586.76,587.19,586.55,586.94
2025-01-03 09:30:00,2025-01-03T09:30:00,2025-01-03T09:30:00,"{'bid': 586.95, 'ask': 587.15}","{'bid': 587.02, 'ask': 587.2}","{'bid': 587.08, 'ask': 587.45}","{'bid': 586.55, 'ask': 586.89}",365,586.95,587.08,586.55,587.02
2025-01-03 09:45:00,2025-01-03T09:45:00,2025-01-03T09:45:00,"{'bid': 586.75, 'ask': 587.2}","{'bid': 586.88, 'ask': 587.1}","{'bid': 587.08, 'ask': 587.45}","{'bid': 586.55, 'ask': 586.96}",298,586.75,587.08,586.55,586.88
2025-01-03 10:00:00,2025-01-03T10:00:00,2025-01-03T10:00:00,"{'bid': 586.87, 'ask': 587.09}","{'bid': 586.67, 'ask': 586.87}","{'bid': 586.87, 'ask': 587.25}","{'bid': 586.35, 'ask': 586.7}",291,586.87,586.87,586.35,586.67
2025-01-03 10:15:00,2025-01-03T10:15:00,2025-01-03T10:15:00,"{'bid': 586.66, 'ask': 586.87}","{'bid': 586.43, 'ask': 586.63}","{'bid': 586.68, 'ask': 586.87}","{'bid': 585.95, 'ask': 586.37}",260,586.66,586.68,585.95,586.43
2025-01-03 10:30:00,2025-01-03T10:30:00,2025-01-03T10:30:00,"{'bid': 586.42, 'ask': 586.63}","{'bid': 586.33, 'ask': 586.51}","{'bid': 586.46, 'ask': 586.85}","{'bid': 586.16, 'ask': 586.37}",301,586.42,586.46,586.16,586.33
2025-01-03 10:45:00,2025-01-03T10:45:00,2025-01-03T10:45:00,"{'bid': 586.32, 'ask': 586.51}","{'bid': 585.96, 'ask': 586.16}","{'bid': 586.32, 'ask': 586.85}","{'bid': 585.55, 'ask': 586.02}",295,586.32,586.32,585.55,585.96
2025-01-03 11:00:00,2025-01-03T11:00:00,2025-01-03T11:00:00,"{'bid': 585.97, 'ask': 586.16}","{'bid': 585.71, 'ask': 585.9}","{'bid': 586.07, 'ask': 586.45}","{'bid': 585.35, 'ask': 585.74}",299,585.97,586.07,585.35,585.71
2025-01-03 11:15:00,2025-01-03T11:15:00,2025-01-03T11:15:00,"{'bid': 585.71, 'ask': 585.91}","{'bid': 586.0, 'ask': 586.17}","{'bid': 586.11, 'ask': 586.45}","{'bid': 585.55, 'ask': 585.88}",171,585.71,586.11,585.55,586.0
2025-01-03 11:30:00,2025-01-03T11:30:00,2025-01-03T11:30:00,"{'bid': 586.01, 'ask': 586.17}","{'bid': 585.91, 'ask': 586.08}","{'bid': 586.01, 'ask': 586.45}","{'bid': 585.55, 'ask': 585.98}",212,586.01,586.01,585.55,585.91
2025-01-03 11:45:00,2025-01-03T11:45:00,2025-01-03T11:45:00,"{'bid': 585.93, 'ask': 586.13}","{'bid': 585.96, 'ask': 586.16}","{'bid': 586.02, 'ask': 586.21}","{'bid': 585.73, 'ask': 585.94}",134,585.93,586.02,585.73,585.96
2025-01-03 12:00:00,2025-01-03T12:00:00,2025-01-03T12:00:00,"{'bid': 585.95, 'ask': 586.14}","{'bid': 585.81, 'ask': 585.95}","{'bid': 585.95, 'ask': 586.25}","{'bid': 585.35, 'ask': 585.66}",558,585.95,585.95,585.35,585.81
2025-01-03 12:15:00,2025-01-03T12:15:00,2025-01-03T12:15:00,"{'bid': 585.79, 'ask': 585.95}","{'bid': 585.95, 'ask': 586.16}","{'bid': 585.96, 'ask': 586.25}","{'bid': 585.29, 'ask': 585.56}",503,585.79,585.96,585.29,585.95
2025-01-03 12:30:00,2025-01-03T12:30:00,2025-01-03T12:30:00,"{'bid': 585.95, 'ask': 586.15}","{'bid': 585.84, 'ask': 585.99}","{'bid': 586.02, 'ask': 586.45}","{'bid': 585.55, 'ask': 585.85}",483,585.95,586.02,585.55,585.84
2025-01-03 12:45:00,2025-01-03T12:45:00,2025-01-03T12:45:00,"{'bid': 585.85, 'ask': 586.06}","{'bid': 586.23, 'ask': 586.37}","{'bid': 586.28, 'ask': 586.65}","{'bid': 585.8, 'ask': 586.02}",366,585.85,586.28,585.8,586.23
2025-01-03 13:00:00,2025-01-03T13:00:00,2025-01-03T13:00:00,"{'bid': 586.2, 'ask': 586.36}","{'bid': 586.51, 'ask': 586.65}","{'bid': 586.75, 'ask': 587.02}","{'bid': 586.17, 'ask': 586.32}",641,586.2,586.75,586.17,586.51
2025-01-03 13:15:00,2025-01-03T13:15:00,2025-01-03T13:15:00,"{'bid': 586.52, 'ask': 586.66}","{'bid': 586.61, 'ask': 586.76}","{'bid': 586.65, 'ask': 586.84}","{'bid': 586.18, 'ask': 586.42}",828,586.52,586.65,586.18,586.61
2025-01-03 13:30:00,2025-01-03T13:30:00,2025-01-03T13:30:00,"{'bid': 586.62, 'ask': 586.76}","{'bid': 586.63, 'ask': 586.78}","{'bid': 586.84, 'ask': 587.03}","{'bid': 586.59, 'ask': 586.73}",532,586.62,586.84,586.59,586.63
2025-01-03 13:45:00,2025-01-03T13:45:00,2025-01-03T13:45:00,"{'bid': 586.62, 'ask': 586.78}","{'bid': 586.05, 'ask': 586.2}","{'bid': 586.67, 'ask': 586.85}","{'bid': 586.03, 'ask': 586.18}",870,586.62,586.67,586.03,586.05
2025-01-03 14:00:00,2025-01-03T14:00:00,2025-01-03T14:00:00,"{'bid': 586.03, 'ask': 586.19}","{'bid': 586.84, 'ask': 586.99}","{'bid': 586.89, 'ask': 587.03}","{'bid': 586.03, 'ask': 586.19}",1056,586.03,586.89,586.03,586.84
2025-01-03 14:15:00,2025-01-03T14:15:00,2025-01-03T14:15:00,"{'bid': 586.85, 'ask': 587.0}","{'bid': 587.42, 'ask': 587.58}","{'bid': 587.53, 'ask': 587.85}","{'bid': 586.79, 'ask': 586.94}",1280,586.85,587.53,586.79,587.42
2025-01-03 14:30:00,2025-01-03T14:30:00,2025-01-03T14:30:00,"{'bid': 587.43, 'ask': 587.58}","{'bid': 589.23, 'ask': 589.36}","{'bid': 589.49, 'ask': 589.62}","{'bid': 586.87, 'ask': 587.0}",5236,587.43,589.49,586.87,589.23
2025-01-03 14:45:00,2025-01-03T14:45:00,2025-01-03T14:45:00,"{'bid': 589.22, 'ask': 589.34}","{'bid': 587.92, 'ask': 588.07}","{'bid': 589.38, 'ask': 589.51}","{'bid': 586.74, 'ask': 586.86}",5386,589.22,589.38,586.74,587.92
2025-01-03 15:00:00,2025-01-03T15:00:00,2025-01-03T15:00:00,"{'bid': 587.93, 'ask': 588.08}","{'bid': 588.08, 'ask': 588.21}","{'bid': 589.38, 'ask': 589.51}","{'bid': 587.39, 'ask': 587.54}",5666,587.93,589.38,587.39,588.08
2025-01-03 15:15:00,2025-01-03T15:15:00,2025-01-03T15:15:00,"{'bid': 588.1, 'ask': 588.23}","{'bid': 588.16, 'ask': 588.29}","{'bid': 588.53, 'ask': 588.65}","{'bid': 586.35, 'ask': 586.48}",6219,588.1,588.53,586.35,588.16
2025-01-03 15:30:00,2025-01-03T15:30:00,2025-01-03T15:30:00,"{'bid': 588.17, 'ask': 588.29}","{'bid': 588.91, 'ask': 589.04}","{'bid': 589.4, 'ask': 589.52}","{'bid': 587.48, 'ask': 587.62}",4731,588.17,589.4,587.48,588.91
2025-01-03 15:45:00,2025-01-03T15:45:00,2025-01-03T15:45:00,"{'bid': 588.93, 'ask': 589.07}","{'bid': 589.1, 'ask': 589.23}","{'bid': 589.29, 'ask': 589.42}","{'bid': 588.34, 'ask': 588.47}",3883,588.93,589.29,588.34,589.1
2025-01-03 16:00:00,2025-01-03T16:00:00,2025-01-03T16:00:00,"{'bid': 589.1, 'ask': 589.22}","{'bid': 588.47, 'ask': 588.6}","{'bid': 589.79, 'ask': 589.92}","{'bid': 588.07, 'ask': 588.19}",3827,589.1,589.79,588.07,588.47
2025-01-03 16:15:00,2025-01-03T16:15:00,2025-01-03T16:15:00,"{'bid': 588.47, 'ask': 588.59}","{'bid': 589.57, 'ask': 589.7}","{'bid': 589.6, 'ask': 589.72}","{'bid': 588.27, 'ask': 588.39}",3085,588.47,589.6,588.27,589.57
2025-01-03 16:30:00,2025-01-03T16:30:00,2025-01-03T16:30:00,"{'bid': 589.56, 'ask': 589.68}","{'bid': 590.6, 'ask': 590.72}","{'bid': 590.73, 'ask': 590.86}","{'bid': 589.5, 'ask': 589.62}",2842,589.56,590.73,589.5,590.6
2025-01-03 16:45:00,2025-01-03T16:45:00,2025-01-03T16:45:00,"{'bid': 590.6, 'ask': 590.73}","{'bid': 590.32, 'ask': 590.45}","{'bid': 590.92, 'ask': 591.04}","{'bid': 590.25, 'ask': 590.37}",2469,590.6,590.92,590.25,590.32
2025-01-03 17:00:00,2025-01-03T17:00:00,2025-01-03T17:00:00,"{'bid': 590.34, 'ask': 590.46}","{'bid': 590.24, 'ask': 590.36}","{'bid': 590.94, 'ask': 591.07}","{'bid': 590.21, 'ask': 590.34}",2142,590.34,590.94,590.21,590.24
2025-01-03 17:15:00,2025-01-03T17:15:00,2025-01-03T17:15:00,"{'bid': 590.23, 'ask': 590.36}","{'bid': 590.08, 'ask': 590.21}","{'bid': 590.82, 'ask': 590.95}","{'bid': 589.97, 'ask': 590.1}",2092,590.23,590.82,589.97,590.08
2025-01-03 17:30:00,2025-01-03T17:30:00,2025-01-03T17:30:00,"{'bid': 590.1, 'ask': 590.22}","{'bid': 590.23, 'ask': 590.35}","{'bid': 590.43, 'ask': 590.56}","{'bid': 589.85, 'ask': 589.97}",2023,590.1,590.43,589.85,590.23
2025-01-03 17:45:00,2025-01-03T17:45:00,2025-01-03T17:45:00,"{'bid': 590.24, 'ask': 590.37}","{'bid': 590.63, 'ask': 590.76}","{'bid': 590.69, 'ask': 590.82}","{'bid': 590.02, 'ask': 590.15}",1674,590.24,590.69,590.02,590.63
2025-01-03 18:00:00,2025-01-03T18:00:00,2025-01-03T18:00:00,"{'bid': 590.63, 'ask': 590.75}","{'bid': 590.62, 'ask': 590.75}","{'bid': 590.69, 'ask': 590.82}","{'bid': 590.14, 'ask': 590.27}",1465,590.63,590.69,590.14,590.62
2025-01-03 18:15:00,2025-01-03T18:15:00,2025-01-03T18:15:00,"{'bid': 590.63, 'ask': 590.76}","{'bid': 591.43, 'ask': 591.56}","{'bid': 591.44, 'ask': 591.56}","{'bid': 590.55, 'ask': 590.68}",1380,590.63,591.44,590.55,591.43
2025-01-03 18:30:00,2025-01-03T18:30:00,2025-01-03T18:30:00,"{'bid': 591.44, 'ask': 591.56}","{'bid': 591.57, 'ask': 591.69}","{'bid': 591.78, 'ask': 591.91}","{'bid': 591.1, 'ask': 591.22}",1387,591.44,591.78,591.1,591.57
2025-01-03 18:45:00,2025-01-03T18:45:00,2025-01-03T18:45:00,"{'bid': 591.58, 'ask': 591.7}","{'bid': 591.24, 'ask': 591.36}","{'bid': 591.74, 'ask': 591.86}","{'bid': 591.06, 'ask': 591.19}",1186,591.58,591.74,591.06,591.24
2025-01-03 19:00:00,2025-01-03T19:00:00,2025-01-03T19:00:00,"{'bid': 591.25, 'ask': 591.37}","{'bid': 591.83, 'ask': 591.96}","{'bid': 591.92, 'ask': 592.05}","{'bid': 591.05, 'ask': 591.18}",1463,591.25,591.92,591.05,591.83
2025-01-03 19:15:00,2025-01-03T19:15:00,2025-01-03T19:15:00,"{'bid': 591.84, 'ask': 591.97}","{'bid': 592.03, 'ask': 592.15}","{'bid': 592.13, 'ask': 592.25}","{'bid': 591.7, 'ask': 591.83}",1255,591.84,592.13,591.7,592.03
2025-01-03 19:30:00,2025-01-03T19:30:00,2025-01-03T19:30:00,"{'bid': 592.04, 'ask': 592.16}","{'bid': 592.31, 'ask': 592.44}","{'bid': 592.53, 'ask': 592.66}","{'bid': 591.93, 'ask': 592.05}",1237,592.04,592.53,591.93,592.31
2025-01-03 19:45:00,2025-01-03T19:45:00,2025-01-03T19:45:00,"{'bid': 592.31, 'ask': 592.43}","{'bid': 592.0, 'ask': 592.12}","{'bid': 592.45, 'ask': 592.57}","{'bid': 591.83, 'ask': 591.96}",1431,592.31,592.45,591.83,592.0
2025-01-03 20:00:00,2025-01-03T20:00:00,2025-01-03T20:00:00,"{'bid': 591.97, 'ask': 592.1}","{'bid': 591.85, 'ask': 591.98}","{'bid': 591.97, 'ask': 592.1}","{'bid': 591.37, 'ask': 591.49}",1774,591.97,591.97,591.37,591.85
2025-01-03 20:15:00,2025-01-03T20:15:00,2025-01-03T20:15:00,"{'bid': 591.83, 'ask': 591.96}","{'bid': 591.88, 'ask': 592.0}","{'bid': 591.93, 'ask': 592.06}","{'bid': 591.61, 'ask': 591.74}",1280,591.83,591.93,591.61,591.88
2025-01-03 20:30:00,2025-01-03T20:30:00,2025-01-03T20:30:00,"{'bid': 591.86, 'ask': 591.99}","{'bid': 591.5, 'ask': 591.63}","{'bid': 591.89, 'ask': 592.02}","{'bid': 591.32, 'ask': 591.45}",2177,591.86,591.89,591.32,591.5
2025-01-03 20:45:00,2025-01-03T20:45:00,2025-01-03T20:45:00,"{'bid': 591.5, 'ask': 591.62}","{'bid': 591.82, 'ask': 591.95}","{'bid': 592.14, 'ask': 592.26}","{'bid': 591.01, 'ask': 591.13}",3391,591.5,592.14,591.01,591.82
2025-01-03 21:00:00,2025-01-03T21:00:00,2025-01-03T21:00:00,"{'bid': 591.8, 'ask': 591.93}","{'bid': 591.55, 'ask': 591.68}","{'bid': 591.85, 'ask': 591.98}","{'bid': 591.45, 'ask': 591.58}",1120,591.8,591.85,591.45,591.55
2025-01-03 21:15:00,2025-01-03T21:15:00,2025-01-03T21:15:00,"{'bid': 591.55, 'ask': 591.67}","{'bid': 591.43, 'ask': 591.57}","{'bid': 591.59, 'ask': 591.73}","{'bid': 591.15, 'ask': 591.46}",365,591.55,591.59,591.15,591.43
2025-01-03 21:30:00,2025-01-03T21:30:00,2025-01-03T21:30:00,"{'bid': 591.42, 'ask': 591.57}","{'bid': 591.47, 'ask': 591.62}","{'bid': 591.56, 'ask': 591.69}","{'bid': 591.15, 'ask': 591.47}",373,591.42,591.56,591.15,591.47
2025-01-03 21:45:00,2025-01-03T21:45:00,2025-01-03T21:45:00,"{'bid': 591.46, 'ask': 591.61}","{'bid': 591.45, 'ask': 591.66}","{'bid': 591.47, 'ask': 591.7}","{'bid': 591.28, 'ask': 591.42}",273,591.46,591.47,591.28,591.45
2025-01-06 09:00:00,2025-01-06T09:00:00,2025-01-06T09:00:00,"{'bid': 593.69, 'ask': 593.84}","{'bid': 594.06, 'ask': 594.21}","{'bid': 594.15, 'ask': 594.55}","{'bid': 593.61, 'ask': 593.84}",581,593.69,594.15,593.61,594.06
2025-01-06 09:15:00,2025-01-06T09:15:00,2025-01-06T09:15:00,"{'bid': 594.04, 'ask': 594.21}","{'bid': 594.08, 'ask': 594.24}","{'bid': 594.32, 'ask': 594.65}","{'bid': 593.91, 'ask': 594.11}",431,594.04,594.32,593.91,594.08
2025-01-06 09:30:00,2025-01-06T09:30:00,2025-01-06T09:30:00,"{'bid': 594.08, 'ask': 594.25}","{'bid': 594.29, 'ask': 594.48}","{'bid': 594.32, 'ask': 594.75}","{'bid': 593.95, 'ask': 594.17}",299,594.08,594.32,593.95,594.29
2025-01-06 09:45:00,2025-01-06T09:45:00,2025-01-06T09:45:00,"{'bid': 594.29, 'ask': 594.47}","{'bid': 594.67, 'ask': 594.83}","{'bid': 594.69, 'ask': 595.05}","{'bid': 594.25, 'ask': 594.46}",217,594.29,594.69,594.25,594.67
2025-01-06 10:00:00,2025-01-06T10:00:00,2025-01-06T10:00:00,"{'bid': 594.68, 'ask': 594.84}","{'bid': 594.74, 'ask': 594.93}","{'bid': 594.82, 'ask': 595.25}","{'bid': 594.15, 'ask': 594.6}",337,594.68,594.82,594.15,594.74
2025-01-06 10:15:00,2025-01-06T10:15:00,2025-01-06T10:15:00,"{'bid': 594.74, 'ask': 594.92}","{'bid': 594.83, 'ask': 595.01}","{'bid': 595.04, 'ask': 595.45}","{'bid': 594.55, 'ask': 594.86}",280,594.74,595.04,594.55,594.83
2025-01-06 10:30:00,2025-01-06T10:30:00,2025-01-06T10:30:00,"{'bid': 594.83, 'ask': 594.99}","{'bid': 594.58, 'ask': 594.75}","{'bid': 594.83, 'ask': 595.25}","{'bid': 594.5, 'ask': 594.69}",312,594.83,594.83,594.5,594.58
2025-01-06 10:45:00,2025-01-06T10:45:00,2025-01-06T10:45:00,"{'bid': 594.57, 'ask': 594.75}","{'bid': 594.45, 'ask': 594.66}","{'bid': 594.61, 'ask': 594.84}","{'bid': 594.15, 'ask': 594.49}",370,594.57,594.61,594.15,594.45
2025-01-06 11:00:00,2025-01-06T11:00:00,2025-01-06T11:00:00,"{'bid': 594.45, 'ask': 594.6}","{'bid': 594.77, 'ask': 594.95}","{'bid': 594.84, 'ask': 595.25}","{'bid': 593.55, 'ask': 593.95}",954,594.45,594.84,593.55,594.77
2025-01-06 11:15:00,2025-01-06T11:15:00,2025-01-06T11:15:00,"{'bid': 594.78, 'ask': 594.95}","{'bid': 595.85, 'ask': 596.06}","{'bid': 595.85, 'ask': 596.25}","{'bid': 594.55, 'ask': 594.95}",1091,594.78,595.85,594.55,595.85
2025-01-06 11:30:00,2025-01-06T11:30:00,2025-01-06T11:30:00,"{'bid': 595.84, 'ask': 596.05}","{'bid': 595.92, 'ask': 596.1}","{'bid': 596.24, 'ask': 596.65}","{'bid': 595.55, 'ask': 595.85}",926,595.84,596.24,595.55,595.92
2025-01-06 11:45:00,2025-01-06T11:45:00,2025-01-06T11:45:00,"{'bid': 595.9, 'ask': 596.1}","{'bid': 596.19, 'ask': 596.41}","{'bid': 596.2, 'ask': 596.45}","{'bid': 595.35, 'ask': 595.76}",679,595.9,596.2,595.35,596.19
2025-01-06 12:00:00,2025-01-06T12:00:00,2025-01-06T12:00:00,"{'bid': 595.96, 'ask': 596.39}","{'bid': 595.95, 'ask': 596.1}","{'bid': 596.3, 'ask': 596.65}","{'bid': 595.55, 'ask': 595.88}",859,595.96,596.3,595.55,595.95
2025-01-06 12:15:00,2025-01-06T12:15:00,2025-01-06T12:15:00,"{'bid': 595.95, 'ask': 596.14}","{'bid': 596.13, 'ask': 596.28}","{'bid': 596.31, 'ask': 596.85}","{'bid': 595.55, 'ask': 595.94}",757,595.95,596.31,595.55,596.13
2025-01-06 12:30:00,2025-01-06T12:30:00,2025-01-06T12:30:00,"{'bid': 596.15, 'ask': 596.35}","{'bid': 596.38, 'ask': 596.53}","{'bid': 596.4, 'ask': 596.85}","{'bid': 595.94, 'ask': 596.12}",606,596.15,596.4,595.94,596.38
2025-01-06 12:45:00,2025-01-06T12:45:00,2025-01-06T12:45:00,"{'bid': 596.38, 'ask': 596.54}","{'bid': 596.36, 'ask': 596.58}","{'bid': 596.9, 'ask': 597.05}","{'bid': 596.27, 'ask': 596.49}",909,596.38,596.9,596.27,596.36
2025-01-06 13:00:00,2025-01-06T13:00:00,2025-01-06T13:00:00,"{'bid': 596.36, 'ask': 596.57}","{'bid': 596.28, 'ask': 596.42}","{'bid': 596.56, 'ask': 596.97}","{'bid': 596.22, 'ask': 596.36}",802,596.36,596.56,596.22,596.28
2025-01-06 13:15:00,2025-01-06T13:15:00,2025-01-06T13:15:00,"{'bid': 596.28, 'ask': 596.43}","{'bid': 596.51, 'ask': 596.66}","{'bid': 596.51, 'ask': 596.84}","{'bid': 596.12, 'ask': 596.32}",764,596.28,596.51,596.12,596.51
2025-01-06 13:30:00,2025-01-06T13:30:00,2025-01-06T13:30:00,"{'bid': 596.52, 'ask': 596.67}","{'bid': 596.37, 'ask': 596.52}","{'bid': 596.65, 'ask': 596.99}","{'bid': 596.06, 'ask': 596.22}",888,596.52,596.65,596.06,596.37
2025-01-06 13:45:00,2025-01-06T13:45:00,2025-01-06T13:45:00,"{'bid': 596.38, 'ask': 596.52}","{'bid': 596.95, 'ask': 597.1}","{'bid': 596.98, 'ask': 597.25}","{'bid': 596.31, 'ask': 596.46}",946,596.38,596.98,596.31,596.95
2025-01-06 14:00:00,2025-01-06T14:00:00,2025-01-06T14:00:00,"{'bid': 596.98, 'ask': 597.13}","{'bid': 596.75, 'ask': 596.9}","{'bid': 597.03, 'ask': 597.2}","{'bid': 596.5, 'ask': 596.65}",1067,596.98,597.03,596.5,596.75
2025-01-06 14:15:00,2025-01-06T14:15:00,2025-01-06T14:15:00,"{'bid': 596.75, 'ask': 596.89}","{'bid': 596.2, 'ask': 596.35}","{'bid': 596.75, 'ask': 596.9}","{'bid': 594.5, 'ask': 594.63}",4564,596.75,596.75,594.5,596.2
2025-01-06 14:30:00,2025-01-06T14:30:00,2025-01-06T14:30:00,"{'bid': 596.18, 'ask': 596.33}","{'bid': 597.08, 'ask': 597.3}","{'bid': 597.73, 'ask': 597.85}","{'bid': 595.84, 'ask': 595.97}",6545,596.18,597.73,595.84,597.08
2025-01-06 14:45:00,2025-01-06T14:45:00,2025-01-06T14:45:00,"{'bid': 597.18, 'ask': 597.31}","{'bid': 597.82, 'ask': 597.96}","{'bid': 598.22, 'ask': 598.34}","{'bid': 597.15, 'ask': 597.31}",5289,597.18,598.22,597.15,597.82
2025-01-06 15:00:00,2025-01-06T15:00:00,2025-01-06T15:00:00,"{'bid': 597.82, 'ask': 597.95}","{'bid': 598.67, 'ask': 598.8}","{'bid': 598.79, 'ask': 598.92}","{'bid': 597.6, 'ask': 597.73}",5331,597.82,598.79,597.6,598.67
2025-01-06 15:15:00,2025-01-06T15:15:00,2025-01-06T15:15:00,"{'bid': 598.67, 'ask': 598.79}","{'bid': 598.83, 'ask': 598.95}","{'bid': 598.93, 'ask': 599.05}","{'bid': 598.01, 'ask': 598.14}",4135,598.67,598.93,598.01,598.83
2025-01-06 15:30:00,2025-01-06T15:30:00,2025-01-06T15:30:00,"{'bid': 598.83, 'ask': 598.96}","{'bid': 598.4, 'ask': 598.52}","{'bid': 598.89, 'ask': 599.01}","{'bid': 598.0, 'ask': 598.13}",3543,598.83,598.89,598.0,598.4
2025-01-06 15:45:00,2025-01-06T15:45:00,2025-01-06T15:45:00,"{'bid': 598.38, 'ask': 598.51}","{'bid': 598.81, 'ask': 598.94}","{'bid': 599.15, 'ask': 599.28}","{'bid': 598.37, 'ask': 598.49}",3171,598.38,599.15,598.37,598.81
2025-01-06 16:00:00,2025-01-06T16:00:00,2025-01-06T16:00:00,"{'bid': 598.8, 'ask': 598.93}","{'bid': 599.01, 'ask': 599.13}","{'bid': 599.13, 'ask': 599.25}","{'bid': 598.48, 'ask': 598.61}",2488,598.8,599.13,598.48,599.01
2025-01-06 16:15:00,2025-01-06T16:15:00,2025-01-06T16:15:00,"{'bid': 599.01, 'ask': 599.14}","{'bid': 599.44, 'ask': 599.56}","{'bid': 599.44, 'ask': 599.57}","{'bid': 598.84, 'ask': 598.96}",2279,599.01,599.44,598.84,599.44
2025-01-06 16:30:00,2025-01-06T16:30:00,2025-01-06T16:30:00,"{'bid': 599.43, 'ask': 599.56}","{'bid': 599.41, 'ask': 599.54}","{'bid': 599.64, 'ask': 599.77}","{'bid': 599.3, 'ask': 599.42}",1904,599.43,599.64,599.3,599.41
2025-01-06 16:45:00,2025-01-06T16:45:00,2025-01-06T16:45:00,"{'bid': 599.42, 'ask': 599.54}","{'bid': 599.4, 'ask': 599.52}","{'bid': 599.5, 'ask': 599.62}","{'bid': 599.12, 'ask': 599.25}",1684,599.42,599.5,599.12,599.4
2025-01-06 17:00:00,2025-01-06T17:00:00,2025-01-06T17:00:00,"{'bid': 599.39, 'ask': 599.52}","{'bid': 598.86, 'ask': 598.99}","{'bid': 599.39, 'ask': 599.52}","{'bid': 598.76, 'ask': 598.88}",2091,599.39,599.39,598.76,598.86
2025-01-06 17:15:00,2025-01-06T17:15:00,2025-01-06T17:15:00,"{'bid': 598.88, 'ask': 599.0}","{'bid': 598.51, 'ask': 598.64}","{'bid': 599.06, 'ask': 599.18}","{'bid': 598.3, 'ask': 598.43}",2320,598.88,599.06,598.3,598.51
2025-01-06 17:30:00,2025-01-06T17:30:00,2025-01-06T17:30:00,"{'bid': 598.51, 'ask': 598.63}","{'bid': 597.92, 'ask': 598.05}","{'bid': 598.69, 'ask': 598.81}","{'bid': 597.64, 'ask': 597.77}",2752,598.51,598.69,597.64,597.92
2025-01-06 17:45:00,2025-01-06T17:45:00,2025-01-06T17:45:00,"{'bid': 597.91, 'ask': 598.03}","{'bid': 597.68, 'ask': 597.81}","{'bid': 598.07, 'ask': 598.2}","{'bid': 597.34, 'ask': 597.46}",2638,597.91,598.07,597.34,597.68
2025-01-06 18:00:00,2025-01-06T18:00:00,2025-01-06T18:00:00,"{'bid': 597.7, 'ask': 597.82}","{'bid': 597.24, 'ask': 597.36}","{'bid': 597.74, 'ask': 597.87}","{'bid': 596.52, 'ask': 596.64}",3372,597.7,597.74,596.52,597.24
2025-01-06 18:15:00,2025-01-06T18:15:00,2025-01-06T18:15:00,"{'bid': 597.25, 'ask': 597.38}","{'bid': 597.32, 'ask': 597.45}","{'bid': 597.5, 'ask': 597.62}","{'bid': 596.75, 'ask': 596.88}",2931,597.25,597.5,596.75,597.32
2025-01-06 18:30:00,2025-01-06T18:30:00,2025-01-06T18:30:00,"{'bid': 597.31, 'ask': 597.44}","{'bid': 596.41, 'ask': 596.54}","{'bid': 597.37, 'ask': 597.5}","{'bid': 596.24, 'ask': 596.37}",3050,597.31,597.37,596.24,596.41
2025-01-06 18:45:00,2025-01-06T18:45:00,2025-01-06T18:45:00,"{'bid': 596.41, 'ask': 596.53}","{'bid': 595.57, 'ask': 595.69}","{'bid': 596.5, 'ask': 596.63}","{'bid': 595.53, 'ask': 595.65}",3461,596.41,596.5,595.53,595.57
2025-01-06 19:00:00,2025-01-06T19:00:00,2025-01-06T19:00:00,"{'bid': 595.57, 'ask': 595.7}","{'bid': 595.47, 'ask': 595.6}","{'bid': 595.76, 'ask': 595.88}","{'bid': 594.83, 'ask': 594.95}",3878,595.57,595.76,594.83,595.47
2025-01-06 19:15:00,2025-01-06T19:15:00,2025-01-06T19:15:00,"{'bid': 595.46, 'ask': 595.58}","{'bid': 595.3, 'ask': 595.42}","{'bid': 595.79, 'ask': 595.92}","{'bid': 595.26, 'ask': 595.38}",2840,595.46,595.79,595.26,595.3
2025-01-06 19:30:00,2025-01-06T19:30:00,2025-01-06T19:30:00,"{'bid': 595.32, 'ask': 595.45}","{'bid': 595.24, 'ask': 595.36}","{'bid': 595.52, 'ask': 595.65}","{'bid': 594.78, 'ask': 594.9}",3064,595.32,595.52,594.78,595.24
2025-01-06 19:45:00,2025-01-06T19:45:00,2025-01-06T19:45:00,"{'bid': 595.21, 'ask': 595.34}","{'bid': 594.29, 'ask': 594.42}","{'bid': 595.52, 'ask': 595.65}","{'bid': 594.21, 'ask': 594.33}",2951,595.21,595.52,594.21,594.29
2025-01-06 20:00:00,2025-01-06T20:00:00,2025-01-06T20:00:00,"{'bid': 594.28, 'ask': 594.41}","{'bid': 594.45, 'ask': 594.58}","{'bid': 594.8, 'ask': 594.93}","{'bid': 593.99, 'ask': 594.12}",3025,594.28,594.8,593.99,594.45
2025-01-06 20:15:00,2025-01-06T20:15:00,2025-01-06T20:15:00,"{'bid': 594.44, 'ask': 594.56}","{'bid': 594.99, 'ask': 595.12}","{'bid': 595.21, 'ask': 595.33}","{'bid': 594.22, 'ask': 594.34}",2334,594.44,595.21,594.22,594.99
2025-01-06 20:30:00,2025-01-06T20:30:00,2025-01-06T20:30:00,"{'bid': 594.97, 'ask': 595.1}","{'bid': 594.53, 'ask': 594.65}","{'bid': 595.39, 'ask': 595.52}","{'bid': 594.43, 'ask': 594.56}",2500,594.97,595.39,594.43,594.53
2025-01-06 20:45:00,2025-01-06T20:45:00,2025-01-06T20:45:00,"{'bid': 594.54, 'ask': 594.67}","{'bid': 595.35, 'ask': 595.48}","{'bid': 595.44, 'ask': 595.56}","{'bid': 593.53, 'ask': 593.65}",4327,594.54,595.44,593.53,595.35
2025-01-06 21:00:00,2025-01-06T21:00:00,2025-01-06T21:00:00,"{'bid': 595.32, 'ask': 595.45}","{'bid': 595.75, 'ask': 595.89}","{'bid': 595.88, 'ask': 596.05}","{'bid': 595.3, 'ask': 595.43}",1559,595.32,595.88,595.3,595.75
2025-01-06 21:15:00,2025-01-06T21:15:00,2025-01-06T21:15:00,"{'bid': 595.78, 'ask': 595.9}","{'bid': 595.63, 'ask': 595.76}","{'bid': 595.8, 'ask': 595.93}","{'bid': 595.45, 'ask': 595.73}",498,595.78,595.8,595.45,595.63
2025-01-06 21:30:00,2025-01-06T21:30:00,2025-01-06T21:30:00,"{'bid': 595.64, 'ask': 595.77}","{'bid': 595.63, 'ask': 595.76}","{'bid': 595.75, 'ask': 596.05}","{'bid': 595.61, 'ask': 595.74}",260,595.64,595.75,595.61,595.63
2025-01-06 21:45:00,2025-01-06T21:45:00,2025-01-06T21:45:00,"{'bid': 595.66, 'ask': 595.84}","{'bid': 595.82, 'ask': 595.97}","{'bid': 595.92, 'ask': 596.05}","{'bid': 595.46, 'ask': 595.73}",342,595.66,595.92,595.46,595.82
2025-01-06 22:00:00,2025-01-06T22:00:00,2025-01-06T22:00:00,"{'bid': 595.45, 'ask': 595.97}","{'bid': 595.78, 'ask': 595.9}","{'bid': 595.81, 'ask': 595.97}","{'bid': 595.45, 'ask': 595.88}",30,595.45,595.81,595.45,595.78
2025-01-06 22:15:00,2025-01-06T22:15:00,2025-01-06T22:15:00,"{'bid': 595.75, 'ask': 595.9}","{'bid': 595.75, 'ask': 595.9}","{'bid': 595.76, 'ask': 595.95}","{'bid': 595.7, 'ask': 595.85}",16,595.75,595.76,595.7,595.75
2025-01-06 22:30:00,2025-01-06T22:30:00,2025-01-06T22:30:00,"{'bid': 595.73, 'ask': 595.9}","{'bid': 595.79, 'ask': 595.95}","{'bid': 595.82, 'ask': 595.95}","{'bid': 595.72, 'ask': 595.87}",12,595.73,595.82,595.72,595.79
2025-01-06 22:45:00,2025-01-06T22:45:00,2025-01-06T22:45:00,"{'bid': 595.78, 'ask': 595.94}","{'bid': 595.66, 'ask': 596.05}","{'bid': 595.92, 'ask': 596.05}","{'bid': 595.66, 'ask': 595.89}",35,595.78,595.92,595.66,595.66
2025-01-06 23:00:00,2025-01-06T23:00:00,2025-01-06T23:00:00,"{'bid': 595.45, 'ask': 596.05}","{'bid': 596.0, 'ask': 596.18}","{'bid': 596.15, 'ask': 596.35}","{'bid': 595.45, 'ask': 595.98}",95,595.45,596.15,595.45,596.0
2025-01-06 23:15:00,2025-01-06T23:15:00,2025-01-06T23:15:00,"{'bid': 595.99, 'ask': 596.18}","{'bid': 595.75, 'ask': 595.91}","{'bid': 595.99, 'ask': 596.35}","{'bid': 595.45, 'ask': 595.86}",180,595.99,595.99,595.45,595.75
2025-01-06 23:30:00,2025-01-06T23:30:00,2025-01-06T23:30:00,"{'bid': 595.75, 'ask': 595.89}","{'bid': 595.82, 'ask': 595.99}","{'bid': 595.84, 'ask': 596.35}","{'bid': 595.6, 'ask': 595.81}",174,595.75,595.84,595.6,595.82
2025-01-06 23:45:00,2025-01-06T23:45:00,2025-01-06T23:45:00,"{'bid': 595.8, 'ask': 595.97}","{'bid': 595.64, 'ask': 595.82}","{'bid': 595.89, 'ask': 596.35}","{'bid': 595.55, 'ask': 595.76}",277,595.8,595.89,595.55,595.64
2025-01-07 00:00:00,2025-01-07T00:00:00,2025-01-07T00:00:00,"{'bid': 595.63, 'ask': 595.78}","{'bid': 595.63, 'ask': 595.8}","{'bid': 595.66, 'ask': 596.35}","{'bid': 595.45, 'ask': 595.59}",341,595.63,595.66,595.45,595.63
2025-01-07 00:15:00,2025-01-07T00:15:00,2025-01-07T00:15:00,"{'bid': 595.63, 'ask': 595.82}","{'bid': 595.49, 'ask': 595.69}","{'bid': 595.73, 'ask': 596.35}","{'bid': 595.49, 'ask': 595.68}",217,595.63,595.73,595.49,595.49
2025-01-07 00:30:00,2025-01-07T00:30:00,2025-01-07T00:30:00,"{'bid': 595.49, 'ask': 595.68}","{'bid': 595.72, 'ask': 595.9}","{'bid': 595.78, 'ask': 596.35}","{'bid': 595.49, 'ask': 595.68}",153,595.49,595.78,595.49,595.72
2025-01-07 00:45:00,2025-01-07T00:45:00,2025-01-07T00:45:00,"{'bid': 595.72, 'ask': 595.91}","{'bid': 595.43, 'ask': 595.62}","{'bid': 595.73, 'ask': 596.35}","{'bid': 595.16, 'ask': 595.4}",248,595.72,595.73,595.16,595.43
2025-01-07 09:00:00,2025-01-07T09:00:00,2025-01-07T09:00:00,"{'bid': 595.52, 'ask': 596.05}","{'bid': 595.73, 'ask': 595.91}","{'bid': 595.89, 'ask': 596.45}","{'bid': 595.15, 'ask': 595.63}",559,595.52,595.89,595.15,595.73
2025-01-07 09:15:00,2025-01-07T09:15:00,2025-01-07T09:15:00,"{'bid': 595.7, 'ask': 595.91}","{'bid': 595.62, 'ask': 595.8}","{'bid': 595.74, 'ask': 596.05}","{'bid': 595.15, 'ask': 595.63}",415,595.7,595.74,595.15,595.62
2025-01-07 09:30:00,2025-01-07T09:30:00,2025-01-07T09:30:00,"{'bid': 595.61, 'ask': 595.8}","{'bid': 595.47, 'ask': 595.68}","{'bid': 595.81, 'ask': 596.25}","{'bid': 595.44, 'ask': 595.66}",286,595.61,595.81,595.44,595.47
2025-01-07 09:45:00,2025-01-07T09:45:00,2025-01-07T09:45:00,"{'bid': 595.47, 'ask': 595.67}","{'bid': 595.16, 'ask': 595.37}","{'bid': 595.47, 'ask': 595.67}","{'bid': 594.76, 'ask': 595.21}",446,595.47,595.47,594.76,595.16
2025-01-07 10:00:00,2025-01-07T10:00:00,2025-01-07T10:00:00,"{'bid': 595.17, 'ask': 595.37}","{'bid': 595.72, 'ask': 595.94}","{'bid': 595.77, 'ask': 596.05}","{'bid': 594.91, 'ask': 595.14}",336,595.17,595.77,594.91,595.72
2025-01-07 10:15:00,2025-01-07T10:15:00,2025-01-07T10:15:00,"{'bid': 595.67, 'ask': 595.93}","{'bid': 595.8, 'ask': 595.99}","{'bid': 595.98, 'ask': 596.21}","{'bid': 595.35, 'ask': 595.82}",232,595.67,595.98,595.35,595.8
2025-01-07 10:30:00,2025-01-07T10:30:00,2025-01-07T10:30:00,"{'bid': 595.81, 'ask': 596.0}","{'bid': 595.84, 'ask': 596.01}","{'bid': 595.98, 'ask': 596.45}","{'bid': 595.55, 'ask': 595.92}",199,595.81,595.98,595.55,595.84
2025-01-07 10:45:00,2025-01-07T10:45:00,2025-01-07T10:45:00,"{'bid': 595.85, 'ask': 596.02}","{'bid': 595.94, 'ask': 596.15}","{'bid': 596.0, 'ask': 596.45}","{'bid': 595.55, 'ask': 595.87}",231,595.85,596.0,595.55,595.94
2025-01-07 11:00:00,2025-01-07T11:00:00,2025-01-07T11:00:00,"{'bid': 595.93, 'ask': 596.15}","{'bid': 595.77, 'ask': 595.98}","{'bid': 595.96, 'ask': 596.25}","{'bid': 595.35, 'ask': 595.93}",325,595.93,595.96,595.35,595.77
2025-01-07 11:15:00,2025-01-07T11:15:00,2025-01-07T11:15:00,"{'bid': 595.76, 'ask': 595.98}","{'bid': 596.08, 'ask': 596.28}","{'bid': 596.08, 'ask': 596.45}","{'bid': 595.35, 'ask': 595.82}",264,595.76,596.08,595.35,596.08
2025-01-07 11:30:00,2025-01-07T11:30:00,2025-01-07T11:30:00,"{'bid': 596.09, 'ask': 596.28}","{'bid': 595.5, 'ask': 595.7}","{'bid': 596.1, 'ask': 596.28}","{'bid': 595.15, 'ask': 595.52}",524,596.09,596.1,595.15,595.5
2025-01-07 11:45:00,2025-01-07T11:45:00,2025-01-07T11:45:00,"{'bid': 595.49, 'ask': 595.7}","{'bid': 595.54, 'ask': 595.74}","{'bid': 595.6, 'ask': 595.85}","{'bid': 594.96, 'ask': 595.47}",425,595.49,595.6,594.96,595.54
2025-01-07 12:00:00,2025-01-07T12:00:00,2025-01-07T12:00:00,"{'bid': 595.54, 'ask': 595.83}","{'bid': 595.66, 'ask': 595.83}","{'bid': 595.88, 'ask': 596.01}","{'bid': 595.16, 'ask': 595.43}",670,595.54,595.88,595.16,595.66
2025-01-07 12:15:00,2025-01-07T12:15:00,2025-01-07T12:15:00,"{'bid': 595.67, 'ask': 595.83}","{'bid': 595.59, 'ask': 595.74}","{'bid': 595.76, 'ask': 596.01}","{'bid': 595.15, 'ask': 595.64}",403,595.67,595.76,595.15,595.59
2025-01-07 12:30:00,2025-01-07T12:30:00,2025-01-07T12:30:00,"{'bid': 595.6, 'ask': 595.75}","{'bid': 596.17, 'ask': 596.33}","{'bid': 596.27, 'ask': 596.65}","{'bid': 595.58, 'ask': 595.75}",350,595.6,596.27,595.58,596.17
2025-01-07 12:45:00,2025-01-07T12:45:00,2025-01-07T12:45:00,"{'bid': 596.19, 'ask': 596.34}","{'bid': 595.84, 'ask': 596.01}","{'bid': 596.35, 'ask': 596.85}","{'bid': 595.7, 'ask': 595.82}",675,596.19,596.35,595.7,595.84
2025-01-07 13:00:00,2025-01-07T13:00:00,2025-01-07T13:00:00,"{'bid': 595.86, 'ask': 596.01}","{'bid': 596.08, 'ask': 596.23}","{'bid': 596.14, 'ask': 596.42}","{'bid': 595.7, 'ask': 595.89}",803,595.86,596.14,595.7,596.08
2025-01-07 13:15:00,2025-01-07T13:15:00,2025-01-07T13:15:00,"{'bid': 596.07, 'ask': 596.22}","{'bid': 596.03, 'ask': 596.18}","{'bid': 596.36, 'ask': 596.85}","{'bid': 595.91, 'ask': 596.06}",749,596.07,596.36,595.91,596.03
2025-01-07 13:30:00,2025-01-07T13:30:00,2025-01-07T13:30:00,"{'bid': 596.03, 'ask': 596.19}","{'bid': 596.38, 'ask': 596.53}","{'bid': 596.39, 'ask': 596.55}","{'bid': 595.91, 'ask': 596.04}",742,596.03,596.39,595.91,596.38
2025-01-07 13:45:00,2025-01-07T13:45:00,2025-01-07T13:45:00,"{'bid': 596.4, 'ask': 596.56}","{'bid': 596.87, 'ask': 597.03}","{'bid': 596.92, 'ask': 597.06}","{'bid': 596.35, 'ask': 596.51}",800,596.4,596.92,596.35,596.87
2025-01-07 14:00:00,2025-01-07T14:00:00,2025-01-07T14:00:00,"{'bid': 596.85, 'ask': 597.0}","{'bid': 597.03, 'ask': 597.17}","{'bid': 597.17, 'ask': 597.52}","{'bid': 596.83, 'ask': 596.98}",1093,596.85,597.17,596.83,597.03
2025-01-07 14:15:00,2025-01-07T14:15:00,2025-01-07T14:15:00,"{'bid': 597.03, 'ask': 597.16}","{'bid': 597.34, 'ask': 597.5}","{'bid': 597.37, 'ask': 597.65}","{'bid': 596.75, 'ask': 596.93}",1292,597.03,597.37,596.75,597.34
2025-01-07 14:30:00,2025-01-07T14:30:00,2025-01-07T14:30:00,"{'bid': 597.34, 'ask': 597.49}","{'bid': 596.84, 'ask': 596.97}","{'bid': 597.68, 'ask': 597.84}","{'bid': 596.04, 'ask': 596.16}",5049,597.34,597.68,596.04,596.84
2025-01-07 14:45:00,2025-01-07T14:45:00,2025-01-07T14:45:00,"{'bid': 596.84, 'ask': 596.96}","{'bid': 596.26, 'ask': 596.42}","{'bid': 597.24, 'ask': 597.37}","{'bid': 596.17, 'ask': 596.29}",4011,596.84,597.24,596.17,596.26
2025-01-07 15:00:00,2025-01-07T15:00:00,2025-01-07T15:00:00,"{'bid': 595.84, 'ask': 596.38}","{'bid': 593.01, 'ask': 593.14}","{'bid': 595.97, 'ask': 596.38}","{'bid': 592.63, 'ask': 592.75}",6929,595.84,595.97,592.63,593.01
2025-01-07 15:15:00,2025-01-07T15:15:00,2025-01-07T15:15:00,"{'bid': 592.99, 'ask': 593.13}","{'bid': 593.54, 'ask': 593.68}","{'bid': 594.5, 'ask': 594.63}","{'bid': 591.95, 'ask': 592.09}",6077,592.99,594.5,591.95,593.54
2025-01-07 15:30:00,2025-01-07T15:30:00,2025-01-07T15:30:00,"{'bid': 593.55, 'ask': 593.68}","{'bid': 591.19, 'ask': 591.33}","{'bid': 593.7, 'ask': 593.83}","{'bid': 590.66, 'ask': 590.8}",6441,593.55,593.7,590.66,591.19
2025-01-07 15:45:00,2025-01-07T15:45:00,2025-01-07T15:45:00,"{'bid': 591.19, 'ask': 591.32}","{'bid': 593.38, 'ask': 593.5}","{'bid': 593.42, 'ask': 593.55}","{'bid': 590.2, 'ask': 590.34}",6175,591.19,593.42,590.2,593.38
2025-01-07 16:00:00,2025-01-07T16:00:00,2025-01-07T16:00:00,"{'bid': 593.4, 'ask': 593.52}","{'bid': 592.39, 'ask': 592.52}","{'bid': 593.65, 'ask': 593.78}","{'bid': 592.07, 'ask': 592.2}",5182,593.4,593.65,592.07,592.39
2025-01-07 16:15:00,2025-01-07T16:15:00,2025-01-07T16:15:00,"{'bid': 592.39, 'ask': 592.53}","{'bid': 593.04, 'ask': 593.16}","{'bid': 593.4, 'ask': 593.52}","{'bid': 591.98, 'ask': 592.11}",5060,592.39,593.4,591.98,593.04
2025-01-07 16:30:00,2025-01-07T16:30:00,2025-01-07T16:30:00,"{'bid': 593.02, 'ask': 593.15}","{'bid': 592.19, 'ask': 592.31}","{'bid': 593.21, 'ask': 593.34}","{'bid': 591.35, 'ask': 591.48}",5335,593.02,593.21,591.35,592.19
2025-01-07 16:45:00,2025-01-07T16:45:00,2025-01-07T16:45:00,"{'bid': 592.18, 'ask': 592.3}","{'bid': 590.63, 'ask': 590.76}","{'bid': 592.66, 'ask': 592.79}","{'bid': 590.44, 'ask': 590.57}",4307,592.18,592.66,590.44,590.63
2025-01-07 17:00:00,2025-01-07T17:00:00,2025-01-07T17:00:00,"{'bid': 590.65, 'ask': 590.78}","{'bid': 591.32, 'ask': 591.45}","{'bid': 591.34, 'ask': 591.47}","{'bid': 590.4, 'ask': 590.53}",3289,590.65,591.34,590.4,591.32
2025-01-07 17:15:00,2025-01-07T17:15:00,2025-01-07T17:15:00,"{'bid': 591.3, 'ask': 591.43}","{'bid': 590.58, 'ask': 590.71}","{'bid': 591.66, 'ask': 591.79}","{'bid': 590.15, 'ask': 590.28}",3318,591.3,591.66,590.15,590.58
2025-01-07 17:30:00,2025-01-07T17:30:00,2025-01-07T17:30:00,"{'bid': 590.57, 'ask': 590.7}","{'bid': 590.33, 'ask': 590.47}","{'bid': 591.53, 'ask': 591.65}","{'bid': 590.23, 'ask': 590.36}",3133,590.57,591.53,590.23,590.33
2025-01-07 17:45:00,2025-01-07T17:45:00,2025-01-07T17:45:00,"{'bid': 590.33, 'ask': 590.45}","{'bid': 590.85, 'ask': 590.98}","{'bid': 590.92, 'ask': 591.05}","{'bid': 589.58, 'ask': 589.71}",2928,590.33,590.92,589.58,590.85
2025-01-07 18:00:00,2025-01-07T18:00:00,2025-01-07T18:00:00,"{'bid': 590.84, 'ask': 590.98}","{'bid': 591.77, 'ask': 591.9}","{'bid': 591.89, 'ask': 592.01}","{'bid': 590.8, 'ask': 590.92}",2526,590.84,591.89,590.8,591.77
2025-01-07 18:15:00,2025-01-07T18:15:00,2025-01-07T18:15:00,"{'bid': 591.78, 'ask': 591.91}","{'bid': 592.22, 'ask': 592.35}","{'bid': 592.35, 'ask': 592.49}","{'bid': 591.46, 'ask': 591.58}",1932,591.78,592.35,591.46,592.22
2025-01-07 18:30:00,2025-01-07T18:30:00,2025-01-07T18:30:00,"{'bid': 592.21, 'ask': 592.33}","{'bid': 590.89, 'ask': 591.02}","{'bid': 592.21, 'ask': 592.33}","{'bid': 590.66, 'ask': 590.79}",2864,592.21,592.21,590.66,590.89
2025-01-07 18:45:00,2025-01-07T18:45:00,2025-01-07T18:45:00,"{'bid': 590.91, 'ask': 591.03}","{'bid': 590.95, 'ask': 591.08}","{'bid': 591.25, 'ask': 591.38}","{'bid': 590.75, 'ask': 590.87}",2327,590.91,591.25,590.75,590.95
2025-01-07 19:00:00,2025-01-07T19:00:00,2025-01-07T19:00:00,"{'bid': 590.94, 'ask': 591.06}","{'bid': 591.07, 'ask': 591.2}","{'bid': 591.52, 'ask': 591.65}","{'bid': 590.82, 'ask': 590.95}",2260,590.94,591.52,590.82,591.07
2025-01-07 19:15:00,2025-01-07T19:15:00,2025-01-07T19:15:00,"{'bid': 591.08, 'ask': 591.2}","{'bid': 591.01, 'ask': 591.15}","{'bid': 591.09, 'ask': 591.22}","{'bid': 590.49, 'ask': 590.61}",2238,591.08,591.09,590.49,591.01
2025-01-07 19:30:00,2025-01-07T19:30:00,2025-01-07T19:30:00,"{'bid': 591.0, 'ask': 591.13}","{'bid': 590.58, 'ask': 590.71}","{'bid': 591.04, 'ask': 591.16}","{'bid': 589.78, 'ask': 589.91}",2102,591.0,591.04,589.78,590.58
2025-01-07 19:45:00,2025-01-07T19:45:00,2025-01-07T19:45:00,"{'bid': 590.56, 'ask': 590.69}","{'bid': 589.95, 'ask': 590.07}","{'bid': 590.79, 'ask': 590.91}","{'bid': 589.86, 'ask': 589.99}",2100,590.56,590.79,589.86,589.95
2025-01-07 20:00:00,2025-01-07T20:00:00,2025-01-07T20:00:00,"{'bid': 589.95, 'ask': 590.08}","{'bid': 588.83, 'ask': 588.96}","{'bid': 590.06, 'ask': 590.19}","{'bid': 588.62, 'ask': 588.74}",2976,589.95,590.06,588.62,588.83
2025-01-07 20:15:00,2025-01-07T20:15:00,2025-01-07T20:15:00,"{'bid': 588.84, 'ask': 588.96}","{'bid': 587.77, 'ask': 587.9}","{'bid': 589.05, 'ask': 589.19}","{'bid': 587.64, 'ask': 587.77}",3057,588.84,589.05,587.64,587.77
2025-01-07 20:30:00,2025-01-07T20:30:00,2025-01-07T20:30:00,"{'bid': 587.79, 'ask': 587.91}","{'bid': 587.65, 'ask': 587.77}","{'bid': 588.43, 'ask': 588.55}","{'bid': 586.72, 'ask': 586.85}",4209,587.79,588.43,586.72,587.65
2025-01-07 20:45:00,2025-01-07T20:45:00,2025-01-07T20:45:00,"{'bid': 587.67, 'ask': 587.79}","{'bid': 588.64, 'ask': 588.76}","{'bid': 588.78, 'ask': 588.91}","{'bid': 587.42, 'ask': 587.55}",4712,587.67,588.78,587.42,588.64
2025-01-07 21:00:00,2025-01-07T21:00:00,2025-01-07T21:00:00,"{'bid': 588.66, 'ask': 588.79}","{'bid': 588.97, 'ask': 589.1}","{'bid': 589.0, 'ask': 589.13}","{'bid': 588.58, 'ask': 588.71}",1180,588.66,589.0,588.58,588.97
2025-01-07 21:15:00,2025-01-07T21:15:00,2025-01-07T21:15:00,"{'bid': 588.98, 'ask': 589.1}","{'bid': 588.83, 'ask': 588.95}","{'bid': 589.1, 'ask': 589.45}","{'bid': 588.68, 'ask': 588.86}",419,588.98,589.1,588.68,588.83
2025-01-07 21:30:00,2025-01-07T21:30:00,2025-01-07T21:30:00,"{'bid': 588.83, 'ask': 588.96}","{'bid': 588.79, 'ask': 588.91}","{'bid': 588.88, 'ask': 589.05}","{'bid': 588.57, 'ask': 588.83}",185,588.83,588.88,588.57,588.79
2025-01-07 21:45:00,2025-01-07T21:45:00,2025-01-07T21:45:00,"{'bid': 588.77, 'ask': 588.91}","{'bid': 588.65, 'ask': 588.95}","{'bid': 588.85, 'ask': 589.0}","{'bid': 588.56, 'ask': 588.69}",244,588.77,588.85,588.56,588.65
2025-01-07 22:00:00,2025-01-07T22:00:00,2025-01-07T22:00:00,"{'bid': 588.65, 'ask': 588.86}","{'bid': 588.73, 'ask': 588.89}","{'bid': 588.77, 'ask': 589.03}","{'bid': 588.65, 'ask': 588.85}",32,588.65,588.77,588.65,588.73
2025-01-07 22:15:00,2025-01-07T22:15:00,2025-01-07T22:15:00,"{'bid': 588.76, 'ask': 588.89}","{'bid': 588.65, 'ask': 588.89}","{'bid': 588.79, 'ask': 588.95}","{'bid': 588.65, 'ask': 588.87}",20,588.76,588.79,588.65,588.65
2025-01-07 22:30:00,2025-01-07T22:30:00,2025-01-07T22:30:00,"{'bid': 588.65, 'ask': 588.88}","{'bid': 588.65, 'ask': 588.89}","{'bid': 588.75, 'ask': 588.89}","{'bid': 588.63, 'ask': 588.81}",14,588.65,588.75,588.63,588.65
2025-01-07 22:45:00,2025-01-07T22:45:00,2025-01-07T22:45:00,"{'bid': 588.65, 'ask': 588.8}","{'bid': 588.72, 'ask': 588.87}","{'bid': 588.75, 'ask': 588.89}","{'bid': 588.65, 'ask': 588.8}",25,588.65,588.75,588.65,588.72
2025-01-07 23:00:00,2025-01-07T23:00:00,2025-01-07T23:00:00,"{'bid': 588.72, 'ask': 588.86}","{'bid': 588.34, 'ask': 588.53}","{'bid': 588.73, 'ask': 588.87}","{'bid': 587.75, 'ask': 588.28}",348,588.72,588.73,587.75,588.34
2025-01-07 23:15:00,2025-01-07T23:15:00,2025-01-07T23:15:00,"{'bid': 588.35, 'ask': 588.53}","{'bid': 588.6, 'ask': 588.79}","{'bid': 588.71, 'ask': 588.88}","{'bid': 587.95, 'ask': 588.5}",263,588.35,588.71,587.95,588.6
2025-01-07 23:30:00,2025-01-07T23:30:00,2025-01-07T23:30:00,"{'bid': 588.6, 'ask': 588.78}","{'bid': 588.61, 'ask': 588.79}","{'bid': 588.88, 'ask': 589.25}","{'bid': 588.39, 'ask': 588.71}",236,588.6,588.88,588.39,588.61
2025-01-07 23:45:00,2025-01-07T23:45:00,2025-01-07T23:45:00,"{'bid': 588.62, 'ask': 588.79}","{'bid': 589.05, 'ask': 589.2}","{'bid': 589.1, 'ask': 589.45}","{'bid': 588.39, 'ask': 588.75}",287,588.62,589.1,588.39,589.05
2025-01-08 00:00:00,2025-01-08T00:00:00,2025-01-08T00:00:00,"{'bid': 589.06, 'ask': 589.2}","{'bid': 589.35, 'ask': 589.48}","{'bid': 589.37, 'ask': 589.52}","{'bid': 588.55, 'ask': 589.1}",372,589.06,589.37,588.55,589.35
2025-01-08 00:15:00,2025-01-08T00:15:00,2025-01-08T00:15:00,"{'bid': 589.31, 'ask': 589.48}","{'bid': 589.27, 'ask': 589.43}","{'bid': 589.35, 'ask': 589.85}","{'bid': 588.95, 'ask': 589.32}",274,589.31,589.35,588.95,589.27
2025-01-08 00:30:00,2025-01-08T00:30:00,2025-01-08T00:30:00,"{'bid': 589.27, 'ask': 589.44}","{'bid': 589.47, 'ask': 589.67}","{'bid': 589.49, 'ask': 589.85}","{'bid': 589.22, 'ask': 589.4}",219,589.27,589.49,589.22,589.47
2025-01-08 00:45:00,2025-01-08T00:45:00,2025-01-08T00:45:00,"{'bid': 589.48, 'ask': 589.67}","{'bid': 589.4, 'ask': 589.54}","{'bid': 589.58, 'ask': 590.03}","{'bid': 588.95, 'ask': 589.41}",201,589.48,589.58,588.95,589.4
2025-01-08 09:00:00,2025-01-08T09:00:00,2025-01-08T09:00:00,"{'bid': 589.86, 'ask': 590.16}","{'bid': 590.35, 'ask': 590.55}","{'bid': 590.44, 'ask': 590.85}","{'bid': 589.55, 'ask': 590.06}",469,589.86,590.44,589.55,590.35
2025-01-08 09:15:00,2025-01-08T09:15:00,2025-01-08T09:15:00,"{'bid': 590.34, 'ask': 590.55}","{'bid': 590.17, 'ask': 590.36}","{'bid': 590.44, 'ask': 590.85}","{'bid': 589.95, 'ask': 590.33}",341,590.34,590.44,589.95,590.17
2025-01-08 09:30:00,2025-01-08T09:30:00,2025-01-08T09:30:00,"{'bid': 590.17, 'ask': 590.4}","{'bid': 590.26, 'ask': 590.42}","{'bid': 590.33, 'ask': 590.64}","{'bid': 589.95, 'ask': 590.3}",353,590.17,590.33,589.95,590.26
2025-01-08 09:45:00,2025-01-08T09:45:00,2025-01-08T09:45:00,"{'bid': 590.26, 'ask': 590.43}","{'bid': 590.41, 'ask': 590.57}","{'bid': 590.42, 'ask': 590.85}","{'bid': 589.75, 'ask': 590.23}",256,590.26,590.42,589.75,590.41
2025-01-08 10:00:00,2025-01-08T10:00:00,2025-01-08T10:00:00,"{'bid': 590.42, 'ask': 590.58}","{'bid': 590.44, 'ask': 590.61}","{'bid': 590.64, 'ask': 591.05}","{'bid': 590.15, 'ask': 590.53}",261,590.42,590.64,590.15,590.44
2025-01-08 10:15:00,2025-01-08T10:15:00,2025-01-08T10:15:00,"{'bid': 590.44, 'ask': 590.66}","{'bid': 590.49, 'ask': 590.64}","{'bid': 590.57, 'ask': 591.05}","{'bid': 590.31, 'ask': 590.52}",246,590.44,590.57,590.31,590.49
2025-01-08 10:30:00,2025-01-08T10:30:00,2025-01-08T10:30:00,"{'bid': 590.49, 'ask': 590.66}","{'bid': 590.61, 'ask': 590.81}","{'bid': 590.63, 'ask': 590.82}","{'bid': 590.15, 'ask': 590.51}",280,590.49,590.63,590.15,590.61
2025-01-08 10:45:00,2025-01-08T10:45:00,2025-01-08T10:45:00,"{'bid': 590.59, 'ask': 590.81}","{'bid': 590.71, 'ask': 590.87}","{'bid': 590.74, 'ask': 591.04}","{'bid': 590.15, 'ask': 590.73}",220,590.59,590.74,590.15,590.71
2025-01-08 11:00:00,2025-01-08T11:00:00,2025-01-08T11:00:00,"{'bid': 590.69, 'ask': 590.87}","{'bid': 590.38, 'ask': 590.59}","{'bid': 590.75, 'ask': 591.05}","{'bid': 590.15, 'ask': 590.51}",307,590.69,590.75,590.15,590.38
2025-01-08 11:15:00,2025-01-08T11:15:00,2025-01-08T11:15:00,"{'bid': 590.38, 'ask': 590.58}","{'bid': 589.29, 'ask': 589.61}","{'bid': 590.39, 'ask': 590.59}","{'bid': 588.58, 'ask': 588.99}",805,590.38,590.39,588.58,589.29
2025-01-08 11:30:00,2025-01-08T11:30:00,2025-01-08T11:30:00,"{'bid': 589.3, 'ask': 589.54}","{'bid': 587.56, 'ask': 587.85}","{'bid': 589.45, 'ask': 590.05}","{'bid': 586.95, 'ask': 587.15}",2957,589.3,589.45,586.95,587.56
2025-01-08 11:45:00,2025-01-08T11:45:00,2025-01-08T11:45:00,"{'bid': 587.6, 'ask': 587.9}","{'bid': 588.72, 'ask': 588.94}","{'bid': 588.95, 'ask': 589.45}","{'bid': 587.15, 'ask': 587.79}",1560,587.6,588.95,587.15,588.72
2025-01-08 12:00:00,2025-01-08T12:00:00,2025-01-08T12:00:00,"{'bid': 588.75, 'ask': 588.98}","{'bid': 587.53, 'ask': 587.75}","{'bid': 588.75, 'ask': 588.99}","{'bid': 587.15, 'ask': 587.59}",1689,588.75,588.75,587.15,587.53
2025-01-08 12:15:00,2025-01-08T12:15:00,2025-01-08T12:15:00,"{'bid': 587.53, 'ask': 587.76}","{'bid': 586.54, 'ask': 586.69}","{'bid': 587.59, 'ask': 587.84}","{'bid': 585.95, 'ask': 586.33}",2193,587.53,587.59,585.95,586.54
2025-01-08 12:30:00,2025-01-08T12:30:00,2025-01-08T12:30:00,"{'bid': 586.55, 'ask': 586.71}","{'bid': 587.21, 'ask': 587.44}","{'bid': 587.56, 'ask': 588.05}","{'bid': 585.95, 'ask': 586.16}",2258,586.55,587.56,585.95,587.21
2025-01-08 12:45:00,2025-01-08T12:45:00,2025-01-08T12:45:00,"{'bid': 587.21, 'ask': 587.45}","{'bid': 586.54, 'ask': 586.78}","{'bid': 587.41, 'ask': 587.84}","{'bid': 586.3, 'ask': 586.53}",1421,587.21,587.41,586.3,586.54
2025-01-08 13:00:00,2025-01-08T13:00:00,2025-01-08T13:00:00,"{'bid': 586.55, 'ask': 586.77}","{'bid': 587.48, 'ask': 588.05}","{'bid': 588.54, 'ask': 588.83}","{'bid': 586.49, 'ask': 586.74}",2366,586.55,588.54,586.49,587.48
2025-01-08 13:15:00,2025-01-08T13:15:00,2025-01-08T13:15:00,"{'bid': 587.52, 'ask': 588.05}","{'bid': 587.55, 'ask': 588.71}","{'bid': 589.24, 'ask': 589.48}","{'bid': 587.48, 'ask': 587.83}",1758,587.52,589.24,587.48,587.55
2025-01-08 13:30:00,2025-01-08T13:30:00,2025-01-08T13:30:00,"{'bid': 587.55, 'ask': 588.7}","{'bid': 588.06, 'ask': 588.24}","{'bid': 589.44, 'ask': 589.9}","{'bid': 587.55, 'ask': 588.03}",3162,587.55,589.44,587.55,588.06
2025-01-08 13:45:00,2025-01-08T13:45:00,2025-01-08T13:45:00,"{'bid': 588.05, 'ask': 588.24}","{'bid': 589.15, 'ask': 589.3}","{'bid': 589.19, 'ask': 589.52}","{'bid': 587.75, 'ask': 588.15}",2177,588.05,589.19,587.75,589.15
2025-01-08 14:00:00,2025-01-08T14:00:00,2025-01-08T14:00:00,"{'bid': 589.12, 'ask': 589.27}","{'bid': 588.39, 'ask': 588.55}","{'bid': 589.38, 'ask': 589.52}","{'bid': 588.39, 'ask': 588.55}",2604,589.12,589.38,588.39,588.39
2025-01-08 14:15:00,2025-01-08T14:15:00,2025-01-08T14:15:00,"{'bid': 588.43, 'ask': 588.66}","{'bid': 588.53, 'ask': 588.7}","{'bid': 589.03, 'ask': 589.45}","{'bid': 588.06, 'ask': 588.23}",2240,588.43,589.03,588.06,588.53
2025-01-08 14:30:00,2025-01-08T14:30:00,2025-01-08T14:30:00,"{'bid': 588.57, 'ask': 588.72}","{'bid': 587.73, 'ask': 587.85}","{'bid': 588.66, 'ask': 588.92}","{'bid': 587.09, 'ask': 587.21}",7272,588.57,588.66,587.09,587.73
2025-01-08 14:45:00,2025-01-08T14:45:00,2025-01-08T14:45:00,"{'bid': 587.72, 'ask': 587.85}","{'bid': 587.27, 'ask': 587.42}","{'bid': 588.45, 'ask': 588.57}","{'bid': 586.45, 'ask': 586.57}",6396,587.72,588.45,586.45,587.27
2025-01-08 15:00:00,2025-01-08T15:00:00,2025-01-08T15:00:00,"{'bid': 587.27, 'ask': 587.4}","{'bid': 586.37, 'ask': 586.49}","{'bid': 588.65, 'ask': 588.78}","{'bid': 586.29, 'ask': 586.42}",6078,587.27,588.65,586.29,586.37
2025-01-08 15:15:00,2025-01-08T15:15:00,2025-01-08T15:15:00,"{'bid': 586.38, 'ask': 586.5}","{'bid': 586.41, 'ask': 586.55}","{'bid': 587.29, 'ask': 587.43}","{'bid': 585.94, 'ask': 586.07}",5658,586.38,587.29,585.94,586.41
2025-01-08 15:30:00,2025-01-08T15:30:00,2025-01-08T15:30:00,"{'bid': 586.39, 'ask': 586.52}","{'bid': 587.16, 'ask': 587.3}","{'bid': 588.11, 'ask': 588.24}","{'bid': 586.3, 'ask': 586.43}",4900,586.39,588.11,586.3,587.16
2025-01-08 15:45:00,2025-01-08T15:45:00,2025-01-08T15:45:00,"{'bid': 587.15, 'ask': 587.29}","{'bid': 588.37, 'ask': 588.49}","{'bid': 588.42, 'ask': 588.55}","{'bid': 586.74, 'ask': 586.88}",3822,587.15,588.42,586.74,588.37
2025-01-08 16:00:00,2025-01-08T16:00:00,2025-01-08T16:00:00,"{'bid': 588.35, 'ask': 588.48}","{'bid': 588.01, 'ask': 588.14}","{'bid': 588.45, 'ask': 588.57}","{'bid': 587.14, 'ask': 587.27}",3348,588.35,588.45,587.14,588.01
2025-01-08 16:15:00,2025-01-08T16:15:00,2025-01-08T16:15:00,"{'bid': 588.0, 'ask': 588.13}","{'bid': 588.03, 'ask': 588.18}","{'bid': 588.63, 'ask': 588.76}","{'bid': 587.62, 'ask': 587.74}",2956,588.0,588.63,587.62,588.03
2025-01-08 16:30:00,2025-01-08T16:30:00,2025-01-08T16:30:00,"{'bid': 588.05, 'ask': 588.18}","{'bid': 589.68, 'ask': 589.8}","{'bid': 589.86, 'ask': 589.99}","{'bid': 588.02, 'ask': 588.15}",2712,588.05,589.86,588.02,589.68
2025-01-08 16:45:00,2025-01-08T16:45:00,2025-01-08T16:45:00,"{'bid': 589.68, 'ask': 589.81}","{'bid': 589.35, 'ask': 589.48}","{'bid': 589.69, 'ask': 589.81}","{'bid': 588.93, 'ask': 589.05}",2367,589.68,589.69,588.93,589.35
2025-01-08 17:00:00,2025-01-08T17:00:00,2025-01-08T17:00:00,"{'bid': 589.36, 'ask': 589.48}","{'bid': 587.22, 'ask': 587.36}","{'bid': 589.39, 'ask': 589.52}","{'bid': 587.11, 'ask': 587.23}",3237,589.36,589.39,587.11,587.22
2025-01-08 17:15:00,2025-01-08T17:15:00,2025-01-08T17:15:00,"{'bid': 587.21, 'ask': 587.34}","{'bid': 585.57, 'ask': 585.69}","{'bid': 587.52, 'ask': 587.64}","{'bid': 585.32, 'ask': 585.44}",3272,587.21,587.52,585.32,585.57
2025-01-08 17:30:00,2025-01-08T17:30:00,2025-01-08T17:30:00,"{'bid': 585.59, 'ask': 585.71}","{'bid': 586.43, 'ask': 586.55}","{'bid': 586.46, 'ask': 586.59}","{'bid': 585.12, 'ask': 585.26}",3443,585.59,586.46,585.12,586.43
2025-01-08 17:45:00,2025-01-08T17:45:00,2025-01-08T17:45:00,"{'bid': 586.41, 'ask': 586.55}","{'bid': 586.89, 'ask': 587.01}","{'bid': 587.19, 'ask': 587.31}","{'bid': 585.92, 'ask': 586.04}",2612,586.41,587.19,585.92,586.89
2025-01-08 18:00:00,2025-01-08T18:00:00,2025-01-08T18:00:00,"{'bid': 586.87, 'ask': 587.0}","{'bid': 588.17, 'ask': 588.3}","{'bid': 588.42, 'ask': 588.54}","{'bid': 586.82, 'ask': 586.94}",3357,586.87,588.42,586.82,588.17
2025-01-08 18:15:00,2025-01-08T18:15:00,2025-01-08T18:15:00,"{'bid': 588.18, 'ask': 588.3}","{'bid': 589.04, 'ask': 589.16}","{'bid': 589.51, 'ask': 589.63}","{'bid': 588.03, 'ask': 588.15}",2785,588.18,589.51,588.03,589.04
2025-01-08 18:30:00,2025-01-08T18:30:00,2025-01-08T18:30:00,"{'bid': 589.04, 'ask': 589.17}","{'bid': 589.13, 'ask': 589.25}","{'bid': 589.35, 'ask': 589.47}","{'bid': 588.62, 'ask': 588.75}",2547,589.04,589.35,588.62,589.13
2025-01-08 18:45:00,2025-01-08T18:45:00,2025-01-08T18:45:00,"{'bid': 589.11, 'ask': 589.24}","{'bid': 587.7, 'ask': 587.85}","{'bid': 589.11, 'ask': 589.24}","{'bid': 586.89, 'ask': 587.01}",2975,589.11,589.11,586.89,587.7
2025-01-08 19:00:00,2025-01-08T19:00:00,2025-01-08T19:00:00,"{'bid': 587.7, 'ask': 587.88}","{'bid': 588.06, 'ask': 588.2}","{'bid': 589.45, 'ask': 589.58}","{'bid': 587.05, 'ask': 587.18}",4147,587.7,589.45,587.05,588.06
2025-01-08 19:15:00,2025-01-08T19:15:00,2025-01-08T19:15:00,"{'bid': 588.06, 'ask': 588.21}","{'bid': 590.22, 'ask': 590.34}","{'bid': 590.5, 'ask': 590.63}","{'bid': 588.05, 'ask': 588.17}",3425,588.06,590.5,588.05,590.22
2025-01-08 19:30:00,2025-01-08T19:30:00,2025-01-08T19:30:00,"{'bid': 590.19, 'ask': 590.32}","{'bid': 588.41, 'ask': 588.54}","{'bid': 590.19, 'ask': 590.32}","{'bid': 588.14, 'ask': 588.26}",3896,590.19,590.19,588.14,588.41
2025-01-08 19:45:00,2025-01-08T19:45:00,2025-01-08T19:45:00,"{'bid': 588.39, 'ask': 588.52}","{'bid': 588.47, 'ask': 588.6}","{'bid': 588.86, 'ask': 588.99}","{'bid': 588.1, 'ask': 588.22}",2984,588.39,588.86,588.1,588.47
2025-01-08 20:00:00,2025-01-08T20:00:00,2025-01-08T20:00:00,"{'bid': 588.49, 'ask': 588.62}","{'bid': 587.84, 'ask': 587.97}","{'bid': 588.92, 'ask': 589.05}","{'bid': 587.83, 'ask': 587.95}",2651,588.49,588.92,587.83,587.84
2025-01-08 20:15:00,2025-01-08T20:15:00,2025-01-08T20:15:00,"{'bid': 587.86, 'ask': 587.98}","{'bid': 589.04, 'ask': 589.17}","{'bid': 589.24, 'ask': 589.36}","{'bid': 587.86, 'ask': 587.98}",2540,587.86,589.24,587.86,589.04
2025-01-08 20:30:00,2025-01-08T20:30:00,2025-01-08T20:30:00,"{'bid': 589.02, 'ask': 589.15}","{'bid': 588.83, 'ask': 588.96}","{'bid': 589.21, 'ask': 589.34}","{'bid': 588.18, 'ask': 588.3}",2308,589.02,589.21,588.18,588.83
2025-01-08 20:45:00,2025-01-08T20:45:00,2025-01-08T20:45:00,"{'bid': 588.82, 'ask': 588.94}","{'bid': 589.3, 'ask': 589.42}","{'bid': 589.72, 'ask': 589.85}","{'bid': 588.62, 'ask': 588.74}",3603,588.82,589.72,588.62,589.3
2025-01-08 21:00:00,2025-01-08T21:00:00,2025-01-08T21:00:00,"{'bid': 589.32, 'ask': 589.44}","{'bid': 589.25, 'ask': 589.39}","{'bid': 589.92, 'ask': 590.45}","{'bid': 589.19, 'ask': 589.33}",1287,589.32,589.92,589.19,589.25
2025-01-08 21:15:00,2025-01-08T21:15:00,2025-01-08T21:15:00,"{'bid': 589.29, 'ask': 589.45}","{'bid': 589.55, 'ask': 589.7}","{'bid': 589.55, 'ask': 589.8}","{'bid': 589.22, 'ask': 589.35}",363,589.29,589.55,589.22,589.55
2025-01-08 21:30:00,2025-01-08T21:30:00,2025-01-08T21:30:00,"{'bid': 589.55, 'ask': 589.67}","{'bid': 588.86, 'ask': 589.02}","{'bid': 589.55, 'ask': 589.68}","{'bid': 588.15, 'ask': 588.64}",970,589.55,589.55,588.15,588.86
2025-01-08 21:45:00,2025-01-08T21:45:00,2025-01-08T21:45:00,"{'bid': 588.86, 'ask': 589.01}","{'bid': 588.57, 'ask': 589.08}","{'bid': 589.08, 'ask': 589.38}","{'bid': 588.55, 'ask': 588.97}",345,588.86,589.08,588.55,588.57
2025-01-08 22:00:00,2025-01-08T22:00:00,2025-01-08T22:00:00,"{'bid': 588.55, 'ask': 589.08}","{'bid': 588.93, 'ask': 589.15}","{'bid': 589.05, 'ask': 589.22}","{'bid': 588.35, 'ask': 588.97}",119,588.55,589.05,588.35,588.93
2025-01-08 22:15:00,2025-01-08T22:15:00,2025-01-08T22:15:00,"{'bid': 589.01, 'ask': 589.15}","{'bid': 588.9, 'ask': 589.04}","{'bid': 589.01, 'ask': 589.15}","{'bid': 588.88, 'ask': 589.0}",64,589.01,589.01,588.88,588.9
2025-01-08 22:30:00,2025-01-08T22:30:00,2025-01-08T22:30:00,"{'bid': 588.9, 'ask': 589.05}","{'bid': 588.93, 'ask': 589.06}","{'bid': 588.93, 'ask': 589.07}","{'bid': 588.89, 'ask': 589.02}",12,588.9,588.93,588.89,588.93
2025-01-08 22:45:00,2025-01-08T22:45:00,2025-01-08T22:45:00,"{'bid': 588.91, 'ask': 589.05}","{'bid': 588.9, 'ask': 589.05}","{'bid': 588.93, 'ask': 589.06}","{'bid': 588.86, 'ask': 589.03}",28,588.91,588.93,588.86,588.9
2025-01-08 23:00:00,2025-01-08T23:00:00,2025-01-08T23:00:00,"{'bid': 588.88, 'ask': 589.03}","{'bid': 588.91, 'ask': 589.08}","{'bid': 588.97, 'ask': 589.15}","{'bid': 588.35, 'ask': 588.72}",239,588.88,588.97,588.35,588.91
2025-01-08 23:15:00,2025-01-08T23:15:00,2025-01-08T23:15:00,"{'bid': 588.94, 'ask': 589.08}","{'bid': 588.91, 'ask': 589.08}","{'bid': 589.03, 'ask': 589.2}","{'bid': 588.55, 'ask': 589.04}",151,588.94,589.03,588.55,588.91
2025-01-08 23:30:00,2025-01-08T23:30:00,2025-01-08T23:30:00,"{'bid': 588.92, 'ask': 589.08}","{'bid': 588.82, 'ask': 588.97}","{'bid': 588.95, 'ask': 589.14}","{'bid': 588.36, 'ask': 588.95}",154,588.92,588.95,588.36,588.82
2025-01-08 23:45:00,2025-01-08T23:45:00,2025-01-08T23:45:00,"{'bid': 588.82, 'ask': 588.98}","{'bid': 588.32, 'ask': 588.53}","{'bid': 588.83, 'ask': 589.04}","{'bid': 588.15, 'ask': 588.48}",255,588.82,588.83,588.15,588.32
2025-01-09 00:00:00,2025-01-09T00:00:00,2025-01-09T00:00:00,"{'bid': 588.32, 'ask': 588.57}","{'bid': 587.87, 'ask': 588.08}","{'bid': 588.48, 'ask': 588.77}","{'bid': 587.32, 'ask': 587.85}",294,588.32,588.48,587.32,587.87
2025-01-09 00:15:00,2025-01-09T00:15:00,2025-01-09T00:15:00,"{'bid': 587.88, 'ask': 588.09}","{'bid': 587.71, 'ask': 587.94}","{'bid': 588.28, 'ask': 588.55}","{'bid': 587.23, 'ask': 587.92}",265,587.88,588.28,587.23,587.71
2025-01-09 00:30:00,2025-01-09T00:30:00,2025-01-09T00:30:00,"{'bid': 587.72, 'ask': 587.94}","{'bid': 587.68, 'ask': 587.92}","{'bid': 587.88, 'ask': 588.55}","{'bid': 587.05, 'ask': 587.62}",356,587.72,587.88,587.05,587.68
2025-01-09 00:45:00,2025-01-09T00:45:00,2025-01-09T00:45:00,"{'bid': 587.68, 'ask': 587.91}","{'bid': 588.07, 'ask': 588.23}","{'bid': 588.14, 'ask': 588.63}","{'bid': 587.68, 'ask': 587.89}",195,587.68,588.14,587.68,588.07
2025-01-10 09:00:00,2025-01-10T09:00:00,2025-01-10T09:00:00,"{'bid': 587.11, 'ask': 588.42}","{'bid': 587.77, 'ask': 587.95}","{'bid': 588.25, 'ask': 588.48}","{'bid': 587.11, 'ask': 587.33}",761,587.11,588.25,587.11,587.77
2025-01-10 09:15:00,2025-01-10T09:15:00,2025-01-10T09:15:00,"{'bid': 587.75, 'ask': 587.95}","{'bid': 587.64, 'ask': 587.81}","{'bid': 587.9, 'ask': 588.1}","{'bid': 587.36, 'ask': 587.74}",396,587.75,587.9,587.36,587.64
2025-01-10 09:30:00,2025-01-10T09:30:00,2025-01-10T09:30:00,"{'bid': 587.64, 'ask': 587.83}","{'bid': 587.41, 'ask': 587.61}","{'bid': 588.07, 'ask': 588.28}","{'bid': 587.4, 'ask': 587.61}",419,587.64,588.07,587.4,587.41
2025-01-10 09:45:00,2025-01-10T09:45:00,2025-01-10T09:45:00,"{'bid': 587.41, 'ask': 587.6}","{'bid': 587.62, 'ask': 587.81}","{'bid': 587.78, 'ask': 588.0}","{'bid': 587.23, 'ask': 587.43}",447,587.41,587.78,587.23,587.62
2025-01-10 10:00:00,2025-01-10T10:00:00,2025-01-10T10:00:00,"{'bid': 587.62, 'ask': 587.82}","{'bid': 587.73, 'ask': 587.91}","{'bid': 587.94, 'ask': 588.17}","{'bid': 587.41, 'ask': 587.58}",347,587.62,587.94,587.41,587.73
2025-01-10 10:15:00,2025-01-10T10:15:00,2025-01-10T10:15:00,"{'bid': 587.72, 'ask': 587.91}","{'bid': 587.95, 'ask': 588.17}","{'bid': 588.06, 'ask': 588.28}","{'bid': 587.7, 'ask': 587.9}",330,587.72,588.06,587.7,587.95
2025-01-10 10:30:00,2025-01-10T10:30:00,2025-01-10T10:30:00,"{'bid': 587.96, 'ask': 588.17}","{'bid': 588.48, 'ask': 588.64}","{'bid': 588.51, 'ask': 588.68}","{'bid': 587.96, 'ask': 588.13}",312,587.96,588.51,587.96,588.48
2025-01-10 10:45:00,2025-01-10T10:45:00,2025-01-10T10:45:00,"{'bid': 588.48, 'ask': 588.66}","{'bid': 588.34, 'ask': 588.54}","{'bid': 588.53, 'ask': 588.71}","{'bid': 588.19, 'ask': 588.4}",340,588.48,588.53,588.19,588.34
2025-01-10 11:00:00,2025-01-10T11:00:00,2025-01-10T11:00:00,"{'bid': 588.35, 'ask': 588.55}","{'bid': 589.37, 'ask': 589.57}","{'bid': 589.57, 'ask': 590.05}","{'bid': 588.29, 'ask': 588.49}",413,588.35,589.57,588.29,589.37
2025-01-10 11:15:00,2025-01-10T11:15:00,2025-01-10T11:15:00,"{'bid': 589.38, 'ask': 589.57}","{'bid': 589.03, 'ask': 589.23}","{'bid': 589.41, 'ask': 589.59}","{'bid': 588.98, 'ask': 589.17}",358,589.38,589.41,588.98,589.03
2025-01-10 11:30:00,2025-01-10T11:30:00,2025-01-10T11:30:00,"{'bid': 589.04, 'ask': 589.23}","{'bid': 588.97, 'ask': 589.16}","{'bid': 589.25, 'ask': 589.48}","{'bid': 588.86, 'ask': 589.06}",359,589.04,589.25,588.86,588.97
2025-01-10 11:45:00,2025-01-10T11:45:00,2025-01-10T11:45:00,"{'bid': 588.97, 'ask': 589.18}","{'bid': 588.51, 'ask': 588.7}","{'bid': 589.05, 'ask': 589.26}","{'bid': 588.49, 'ask': 588.66}",370,588.97,589.05,588.49,588.51
2025-01-10 12:00:00,2025-01-10T12:00:00,2025-01-10T12:00:00,"{'bid': 588.51, 'ask': 588.71}","{'bid': 587.62, 'ask': 587.82}","{'bid': 588.68, 'ask': 589.04}","{'bid': 587.15, 'ask': 587.59}",1239,588.51,588.68,587.15,587.62
2025-01-10 12:15:00,2025-01-10T12:15:00,2025-01-10T12:15:00,"{'bid': 587.63, 'ask': 587.82}","{'bid': 587.91, 'ask': 588.09}","{'bid': 588.12, 'ask': 588.45}","{'bid': 587.55, 'ask': 587.8}",732,587.63,588.12,587.55,587.91
2025-01-10 12:30:00,2025-01-10T12:30:00,2025-01-10T12:30:00,"{'bid': 587.91, 'ask': 588.07}","{'bid': 588.44, 'ask': 588.6}","{'bid': 588.73, 'ask': 589.05}","{'bid': 587.81, 'ask': 588.03}",617,587.91,588.73,587.81,588.44
2025-01-10 12:45:00,2025-01-10T12:45:00,2025-01-10T12:45:00,"{'bid': 588.42, 'ask': 588.58}","{'bid': 588.73, 'ask': 588.88}","{'bid': 588.79, 'ask': 589.15}","{'bid': 587.75, 'ask': 588.18}",754,588.42,588.79,587.75,588.73
2025-01-10 13:00:00,2025-01-10T13:00:00,2025-01-10T13:00:00,"{'bid': 588.73, 'ask': 588.89}","{'bid': 588.45, 'ask': 588.68}","{'bid': 588.79, 'ask': 589.15}","{'bid': 588.04, 'ask': 588.38}",887,588.73,588.79,588.04,588.45
2025-01-10 13:15:00,2025-01-10T13:15:00,2025-01-10T13:15:00,"{'bid': 588.46, 'ask': 588.63}","{'bid': 586.95, 'ask': 588.85}","{'bid': 588.61, 'ask': 589.05}","{'bid': 586.95, 'ask': 588.06}",1578,588.46,588.61,586.95,586.95
2025-01-10 13:30:00,2025-01-10T13:30:00,2025-01-10T13:30:00,"{'bid': 586.95, 'ask': 588.48}","{'bid': 584.3, 'ask': 584.61}","{'bid': 587.34, 'ask': 589.25}","{'bid': 582.34, 'ask': 582.65}",5123,586.95,587.34,582.34,584.3
2025-01-10 13:45:00,2025-01-10T13:45:00,2025-01-10T13:45:00,"{'bid': 584.3, 'ask': 584.52}","{'bid': 583.96, 'ask': 584.25}","{'bid': 584.98, 'ask': 585.39}","{'bid': 583.35, 'ask': 583.6}",3903,584.3,584.98,583.35,583.96
2025-01-10 14:00:00,2025-01-10T14:00:00,2025-01-10T14:00:00,"{'bid': 583.94, 'ask': 584.21}","{'bid': 585.2, 'ask': 585.37}","{'bid': 585.35, 'ask': 585.55}","{'bid': 583.4, 'ask': 583.58}",3188,583.94,585.35,583.4,585.2
2025-01-10 14:15:00,2025-01-10T14:15:00,2025-01-10T14:15:00,"{'bid': 585.21, 'ask': 585.37}","{'bid': 585.78, 'ask': 585.93}","{'bid': 585.8, 'ask': 585.95}","{'bid': 584.95, 'ask': 585.1}",2587,585.21,585.8,584.95,585.78
2025-01-10 14:30:00,2025-01-10T14:30:00,2025-01-10T14:30:00,"{'bid': 585.8, 'ask': 585.93}","{'bid': 584.43, 'ask': 584.55}","{'bid': 585.83, 'ask': 585.95}","{'bid': 583.28, 'ask': 583.4}",8244,585.8,585.83,583.28,584.43
2025-01-10 14:45:00,2025-01-10T14:45:00,2025-01-10T14:45:00,"{'bid': 584.44, 'ask': 584.57}","{'bid': 582.88, 'ask': 583.07}","{'bid': 584.86, 'ask': 584.98}","{'bid': 582.22, 'ask': 582.36}",6896,584.44,584.86,582.22,582.88
2025-01-10 15:00:00,2025-01-10T15:00:00,2025-01-10T15:00:00,"{'bid': 582.88, 'ask': 583.02}","{'bid': 579.52, 'ask': 579.64}","{'bid': 582.88, 'ask': 583.02}","{'bid': 579.1, 'ask': 579.22}",7377,582.88,582.88,579.1,579.52
2025-01-10 15:15:00,2025-01-10T15:15:00,2025-01-10T15:15:00,"{'bid': 579.5, 'ask': 579.62}","{'bid': 581.82, 'ask': 581.94}","{'bid': 581.89, 'ask': 582.01}","{'bid': 579.46, 'ask': 579.59}",6091,579.5,581.89,579.46,581.82
2025-01-10 15:30:00,2025-01-10T15:30:00,2025-01-10T15:30:00,"{'bid': 581.84, 'ask': 581.96}","{'bid': 581.92, 'ask': 582.04}","{'bid': 582.66, 'ask': 582.79}","{'bid': 581.42, 'ask': 581.54}",5437,581.84,582.66,581.42,581.92
2025-01-10 15:45:00,2025-01-10T15:45:00,2025-01-10T15:45:00,"{'bid': 581.91, 'ask': 582.04}","{'bid': 581.04, 'ask': 581.16}","{'bid': 583.17, 'ask': 583.29}","{'bid': 580.89, 'ask': 581.01}",6255,581.91,583.17,580.89,581.04
2025-01-10 16:00:00,2025-01-10T16:00:00,2025-01-10T16:00:00,"{'bid': 581.03, 'ask': 581.16}","{'bid': 580.03, 'ask': 580.15}","{'bid': 581.28, 'ask': 581.41}","{'bid': 579.89, 'ask': 580.02}",5236,581.03,581.28,579.89,580.03
2025-01-10 16:15:00,2025-01-10T16:15:00,2025-01-10T16:15:00,"{'bid': 580.02, 'ask': 580.15}","{'bid': 579.81, 'ask': 579.94}","{'bid': 580.59, 'ask': 580.72}","{'bid': 579.53, 'ask': 579.65}",4410,580.02,580.59,579.53,579.81
2025-01-10 16:30:00,2025-01-10T16:30:00,2025-01-10T16:30:00,"{'bid': 579.8, 'ask': 579.92}","{'bid': 580.48, 'ask': 580.61}","{'bid': 580.56, 'ask': 580.68}","{'bid': 578.73, 'ask': 578.86}",4386,579.8,580.56,578.73,580.48
2025-01-10 16:45:00,2025-01-10T16:45:00,2025-01-10T16:45:00,"{'bid': 580.47, 'ask': 580.59}","{'bid': 579.04, 'ask': 579.17}","{'bid': 580.74, 'ask': 580.88}","{'bid': 578.96, 'ask': 579.09}",4238,580.47,580.74,578.96,579.04
2025-01-10 17:00:00,2025-01-10T17:00:00,2025-01-10T17:00:00,"{'bid': 579.06, 'ask': 579.19}","{'bid': 578.98, 'ask': 579.1}","{'bid': 579.27, 'ask': 579.4}","{'bid': 578.51, 'ask': 578.64}",3783,579.06,579.27,578.51,578.98
2025-01-10 17:15:00,2025-01-10T17:15:00,2025-01-10T17:15:00,"{'bid': 578.96, 'ask': 579.08}","{'bid': 579.93, 'ask': 580.06}","{'bid': 580.03, 'ask': 580.16}","{'bid': 578.82, 'ask': 578.94}",3688,578.96,580.03,578.82,579.93
2025-01-10 17:30:00,2025-01-10T17:30:00,2025-01-10T17:30:00,"{'bid': 579.92, 'ask': 580.05}","{'bid': 580.91, 'ask': 581.04}","{'bid': 581.09, 'ask': 581.21}","{'bid': 579.84, 'ask': 579.97}",3626,579.92,581.09,579.84,580.91
2025-01-10 17:45:00,2025-01-10T17:45:00,2025-01-10T17:45:00,"{'bid': 580.91, 'ask': 581.03}","{'bid': 581.49, 'ask': 581.62}","{'bid': 581.64, 'ask': 581.76}","{'bid': 580.53, 'ask': 580.66}",3044,580.91,581.64,580.53,581.49
2025-01-10 18:00:00,2025-01-10T18:00:00,2025-01-10T18:00:00,"{'bid': 581.48, 'ask': 581.6}","{'bid': 582.09, 'ask': 582.22}","{'bid': 582.32, 'ask': 582.44}","{'bid': 580.91, 'ask': 581.03}",3054,581.48,582.32,580.91,582.09
2025-01-10 18:15:00,2025-01-10T18:15:00,2025-01-10T18:15:00,"{'bid': 582.08, 'ask': 582.21}","{'bid': 583.17, 'ask': 583.3}","{'bid': 583.7, 'ask': 583.83}","{'bid': 581.71, 'ask': 581.84}",3347,582.08,583.7,581.71,583.17
2025-01-10 18:30:00,2025-01-10T18:30:00,2025-01-10T18:30:00,"{'bid': 583.15, 'ask': 583.28}","{'bid': 583.29, 'ask': 583.41}","{'bid': 583.77, 'ask': 583.89}","{'bid': 582.56, 'ask': 582.68}",3497,583.15,583.77,582.56,583.29
2025-01-10 18:45:00,2025-01-10T18:45:00,2025-01-10T18:45:00,"{'bid': 583.31, 'ask': 583.43}","{'bid': 584.37, 'ask': 584.49}","{'bid': 584.44, 'ask': 584.56}","{'bid': 582.99, 'ask': 583.12}",3459,583.31,584.44,582.99,584.37
2025-01-10 19:00:00,2025-01-10T19:00:00,2025-01-10T19:00:00,"{'bid': 584.37, 'ask': 584.5}","{'bid': 582.0, 'ask': 582.13}","{'bid': 584.4, 'ask': 584.53}","{'bid': 581.56, 'ask': 581.68}",4658,584.37,584.4,581.56,582.0
2025-01-10 19:15:00,2025-01-10T19:15:00,2025-01-10T19:15:00,"{'bid': 582.02, 'ask': 582.14}","{'bid': 582.54, 'ask': 582.67}","{'bid': 582.92, 'ask': 583.04}","{'bid': 581.53, 'ask': 581.66}",3448,582.02,582.92,581.53,582.54
2025-01-10 19:30:00,2025-01-10T19:30:00,2025-01-10T19:30:00,"{'bid': 582.54, 'ask': 582.66}","{'bid': 581.85, 'ask': 581.99}","{'bid': 582.56, 'ask': 582.69}","{'bid': 581.53, 'ask': 581.65}",3301,582.54,582.56,581.53,581.85
2025-01-10 19:45:00,2025-01-10T19:45:00,2025-01-10T19:45:00,"{'bid': 581.85, 'ask': 581.97}","{'bid': 582.04, 'ask': 582.17}","{'bid': 582.41, 'ask': 582.53}","{'bid': 581.17, 'ask': 581.3}",3353,581.85,582.41,581.17,582.04
2025-01-10 20:00:00,2025-01-10T20:00:00,2025-01-10T20:00:00,"{'bid': 582.03, 'ask': 582.15}","{'bid': 580.68, 'ask': 580.8}","{'bid': 582.31, 'ask': 582.43}","{'bid': 580.56, 'ask': 580.69}",3469,582.03,582.31,580.56,580.68
2025-01-10 20:15:00,2025-01-10T20:15:00,2025-01-10T20:15:00,"{'bid': 580.66, 'ask': 580.78}","{'bid': 580.29, 'ask': 580.41}","{'bid': 580.96, 'ask': 581.09}","{'bid': 579.92, 'ask': 580.04}",4049,580.66,580.96,579.92,580.29
2025-01-10 20:30:00,2025-01-10T20:30:00,2025-01-10T20:30:00,"{'bid': 580.27, 'ask': 580.4}","{'bid': 580.36, 'ask': 580.48}","{'bid': 581.07, 'ask': 581.2}","{'bid': 579.64, 'ask': 579.76}",3922,580.27,581.07,579.64,580.36
2025-01-10 20:45:00,2025-01-10T20:45:00,2025-01-10T20:45:00,"{'bid': 580.37, 'ask': 580.49}","{'bid': 580.41, 'ask': 580.54}","{'bid': 580.97, 'ask': 581.1}","{'bid': 579.73, 'ask': 579.85}",4674,580.37,580.97,579.73,580.41
2025-01-10 21:00:00,2025-01-10T21:00:00,2025-01-10T21:00:00,"{'bid': 580.44, 'ask': 580.57}","{'bid': 580.29, 'ask': 580.43}","{'bid': 580.8, 'ask': 580.94}","{'bid': 579.65, 'ask': 579.81}",1969,580.44,580.8,579.65,580.29
2025-01-10 21:15:00,2025-01-10T21:15:00,2025-01-10T21:15:00,"{'bid': 580.3, 'ask': 580.44}","{'bid': 580.08, 'ask': 580.24}","{'bid': 580.53, 'ask': 581.35}","{'bid': 580.01, 'ask': 580.18}",853,580.3,580.53,580.01,580.08
2025-01-10 21:30:00,2025-01-10T21:30:00,2025-01-10T21:30:00,"{'bid': 580.09, 'ask': 580.24}","{'bid': 579.9, 'ask': 580.05}","{'bid': 580.16, 'ask': 580.31}","{'bid': 579.83, 'ask': 579.97}",434,580.09,580.16,579.83,579.9
2025-01-10 21:45:00,2025-01-10T21:45:00,2025-01-10T21:45:00,"{'bid': 579.9, 'ask': 580.04}","{'bid': 579.98, 'ask': 580.15}","{'bid': 580.12, 'ask': 580.37}","{'bid': 579.8, 'ask': 579.95}",366,579.9,580.12,579.8,579.98
2025-01-13 09:00:00,2025-01-13T09:00:00,2025-01-13T09:00:00,"{'bid': 576.47, 'ask': 576.73}","{'bid': 575.17, 'ask': 575.36}","{'bid': 576.49, 'ask': 576.95}","{'bid': 574.95, 'ask': 575.14}",1594,576.47,576.49,574.95,575.17
2025-01-13 09:15:00,2025-01-13T09:15:00,2025-01-13T09:15:00,"{'bid': 575.15, 'ask': 575.36}","{'bid': 575.11, 'ask': 575.31}","{'bid': 575.72, 'ask': 575.9}","{'bid': 574.95, 'ask': 575.15}",1251,575.15,575.72,574.95,575.11
2025-01-13 09:30:00,2025-01-13T09:30:00,2025-01-13T09:30:00,"{'bid': 575.09, 'ask': 575.3}","{'bid': 575.07, 'ask': 575.25}","{'bid': 575.71, 'ask': 576.15}","{'bid': 574.95, 'ask': 575.18}",1048,575.09,575.71,574.95,575.07
2025-01-13 09:45:00,2025-01-13T09:45:00,2025-01-13T09:45:00,"{'bid': 575.07, 'ask': 575.26}","{'bid': 575.23, 'ask': 575.43}","{'bid': 575.45, 'ask': 575.65}","{'bid': 574.95, 'ask': 575.15}",699,575.07,575.45,574.95,575.23
2025-01-13 10:00:00,2025-01-13T10:00:00,2025-01-13T10:00:00,"{'bid': 575.22, 'ask': 575.43}","{'bid': 575.49, 'ask': 575.66}","{'bid': 575.5, 'ask': 575.84}","{'bid': 574.95, 'ask': 575.17}",650,575.22,575.5,574.95,575.49
2025-01-13 10:15:00,2025-01-13T10:15:00,2025-01-13T10:15:00,"{'bid': 575.48, 'ask': 575.66}","{'bid': 575.49, 'ask': 575.68}","{'bid': 575.57, 'ask': 576.05}","{'bid': 574.95, 'ask': 575.35}",537,575.48,575.57,574.95,575.49
2025-01-13 10:30:00,2025-01-13T10:30:00,2025-01-13T10:30:00,"{'bid': 575.49, 'ask': 575.67}","{'bid': 575.98, 'ask': 576.15}","{'bid': 576.07, 'ask': 576.45}","{'bid': 575.35, 'ask': 575.67}",522,575.49,576.07,575.35,575.98
2025-01-13 10:45:00,2025-01-13T10:45:00,2025-01-13T10:45:00,"{'bid': 575.96, 'ask': 576.15}","{'bid': 575.68, 'ask': 575.88}","{'bid': 576.21, 'ask': 576.65}","{'bid': 575.35, 'ask': 575.59}",514,575.96,576.21,575.35,575.68
2025-01-13 11:00:00,2025-01-13T11:00:00,2025-01-13T11:00:00,"{'bid': 575.69, 'ask': 575.9}","{'bid': 575.67, 'ask': 575.86}","{'bid': 576.16, 'ask': 576.45}","{'bid': 574.95, 'ask': 575.53}",1126,575.69,576.16,574.95,575.67
2025-01-13 11:15:00,2025-01-13T11:15:00,2025-01-13T11:15:00,"{'bid': 575.67, 'ask': 575.87}","{'bid': 575.82, 'ask': 576.06}","{'bid': 575.93, 'ask': 576.45}","{'bid': 575.35, 'ask': 575.85}",457,575.67,575.93,575.35,575.82
2025-01-13 11:30:00,2025-01-13T11:30:00,2025-01-13T11:30:00,"{'bid': 575.83, 'ask': 576.06}","{'bid': 575.85, 'ask': 576.02}","{'bid': 576.14, 'ask': 576.65}","{'bid': 575.35, 'ask': 575.79}",476,575.83,576.14,575.35,575.85
2025-01-13 11:45:00,2025-01-13T11:45:00,2025-01-13T11:45:00,"{'bid': 575.84, 'ask': 576.02}","{'bid': 575.9, 'ask': 576.09}","{'bid': 576.14, 'ask': 576.65}","{'bid': 575.55, 'ask': 575.92}",459,575.84,576.14,575.55,575.9
2025-01-13 12:00:00,2025-01-13T12:00:00,2025-01-13T12:00:00,"{'bid': 575.86, 'ask': 576.08}","{'bid': 575.32, 'ask': 575.52}","{'bid': 576.3, 'ask': 576.65}","{'bid': 574.96, 'ask': 575.33}",1292,575.86,576.3,574.96,575.32
2025-01-13 12:15:00,2025-01-13T12:15:00,2025-01-13T12:15:00,"{'bid': 575.32, 'ask': 575.51}","{'bid': 576.19, 'ask': 576.39}","{'bid': 576.61, 'ask': 577.05}","{'bid': 574.97, 'ask': 575.38}",1110,575.32,576.61,574.97,576.19
2025-01-13 12:30:00,2025-01-13T12:30:00,2025-01-13T12:30:00,"{'bid': 576.18, 'ask': 576.37}","{'bid': 577.06, 'ask': 577.24}","{'bid': 577.08, 'ask': 577.45}","{'bid': 575.75, 'ask': 576.14}",1403,576.18,577.08,575.75,577.06
2025-01-13 12:45:00,2025-01-13T12:45:00,2025-01-13T12:45:00,"{'bid': 577.07, 'ask': 577.24}","{'bid': 576.77, 'ask': 576.95}","{'bid': 577.4, 'ask': 577.6}","{'bid': 576.55, 'ask': 576.92}",1211,577.07,577.4,576.55,576.77
2025-01-13 13:00:00,2025-01-13T13:00:00,2025-01-13T13:00:00,"{'bid': 576.82, 'ask': 576.99}","{'bid': 576.78, 'ask': 576.96}","{'bid': 576.91, 'ask': 577.23}","{'bid': 575.95, 'ask': 576.29}",1232,576.82,576.91,575.95,576.78
2025-01-13 13:15:00,2025-01-13T13:15:00,2025-01-13T13:15:00,"{'bid': 576.79, 'ask': 576.96}","{'bid': 576.66, 'ask': 576.81}","{'bid': 577.12, 'ask': 577.45}","{'bid': 576.41, 'ask': 576.74}",1199,576.79,577.12,576.41,576.66
2025-01-13 13:30:00,2025-01-13T13:30:00,2025-01-13T13:30:00,"{'bid': 576.69, 'ask': 576.83}","{'bid': 576.98, 'ask': 577.14}","{'bid': 577.43, 'ask': 577.85}","{'bid': 576.49, 'ask': 576.64}",1391,576.69,577.43,576.49,576.98
2025-01-13 13:45:00,2025-01-13T13:45:00,2025-01-13T13:45:00,"{'bid': 576.98, 'ask': 577.13}","{'bid': 576.7, 'ask': 576.83}","{'bid': 577.27, 'ask': 577.44}","{'bid': 576.62, 'ask': 576.76}",1509,576.98,577.27,576.62,576.7
2025-01-13 14:00:00,2025-01-13T14:00:00,2025-01-13T14:00:00,"{'bid': 576.69, 'ask': 576.83}","{'bid': 576.08, 'ask': 576.22}","{'bid': 576.85, 'ask': 577.25}","{'bid': 575.7, 'ask': 575.88}",2755,576.69,576.85,575.7,576.08
2025-01-13 14:15:00,2025-01-13T14:15:00,2025-01-13T14:15:00,"{'bid': 576.1, 'ask': 576.28}","{'bid': 575.72, 'ask': 575.88}","{'bid': 576.55, 'ask': 576.71}","{'bid': 575.43, 'ask': 575.72}",2341,576.1,576.55,575.43,575.72
2025-01-13 14:30:00,2025-01-13T14:30:00,2025-01-13T14:30:00,"{'bid': 575.71, 'ask': 575.87}","{'bid': 576.83, 'ask': 576.96}","{'bid': 576.84, 'ask': 576.97}","{'bid': 575.28, 'ask': 575.41}",6390,575.71,576.84,575.28,576.83
2025-01-13 14:45:00,2025-01-13T14:45:00,2025-01-13T14:45:00,"{'bid': 576.84, 'ask': 576.97}","{'bid': 577.82, 'ask': 577.95}","{'bid': 578.25, 'ask': 578.38}","{'bid': 576.02, 'ask': 576.16}",6234,576.84,578.25,576.02,577.82
2025-01-13 15:00:00,2025-01-13T15:00:00,2025-01-13T15:00:00,"{'bid': 577.8, 'ask': 577.93}","{'bid': 576.83, 'ask': 576.95}","{'bid': 578.56, 'ask': 578.69}","{'bid': 576.79, 'ask': 576.92}",5679,577.8,578.56,576.79,576.83
2025-01-13 15:15:00,2025-01-13T15:15:00,2025-01-13T15:15:00,"{'bid': 576.84, 'ask': 576.97}","{'bid': 575.95, 'ask': 576.09}","{'bid': 577.88, 'ask': 578.01}","{'bid': 575.87, 'ask': 576.0}",5296,576.84,577.88,575.87,575.95
2025-01-13 15:30:00,2025-01-13T15:30:00,2025-01-13T15:30:00,"{'bid': 575.95, 'ask': 576.08}","{'bid': 578.59, 'ask': 578.72}","{'bid': 578.81, 'ask': 578.93}","{'bid': 575.95, 'ask': 576.07}",5152,575.95,578.81,575.95,578.59
2025-01-13 15:45:00,2025-01-13T15:45:00,2025-01-13T15:45:00,"{'bid': 578.58, 'ask': 578.71}","{'bid': 577.83, 'ask': 577.95}","{'bid': 579.1, 'ask': 579.23}","{'bid': 577.66, 'ask': 577.78}",4765,578.58,579.1,577.66,577.83
2025-01-13 16:00:00,2025-01-13T16:00:00,2025-01-13T16:00:00,"{'bid': 577.84, 'ask': 577.97}","{'bid': 577.07, 'ask': 577.2}","{'bid': 578.06, 'ask': 578.19}","{'bid': 576.8, 'ask': 576.92}",4620,577.84,578.06,576.8,577.07
2025-01-13 16:15:00,2025-01-13T16:15:00,2025-01-13T16:15:00,"{'bid': 577.07, 'ask': 577.19}","{'bid': 576.91, 'ask': 577.04}","{'bid': 577.59, 'ask': 577.71}","{'bid': 576.72, 'ask': 576.85}",3865,577.07,577.59,576.72,576.91
2025-01-13 16:30:00,2025-01-13T16:30:00,2025-01-13T16:30:00,"{'bid': 576.92, 'ask': 577.05}","{'bid': 577.93, 'ask': 578.06}","{'bid': 578.15, 'ask': 578.27}","{'bid': 576.61, 'ask': 576.73}",4176,576.92,578.15,576.61,577.93
2025-01-13 16:45:00,2025-01-13T16:45:00,2025-01-13T16:45:00,"{'bid': 577.94, 'ask': 578.06}","{'bid': 575.93, 'ask': 576.06}","{'bid': 577.97, 'ask': 578.1}","{'bid': 575.83, 'ask': 575.95}",4265,577.94,577.97,575.83,575.93
2025-01-13 17:00:00,2025-01-13T17:00:00,2025-01-13T17:00:00,"{'bid': 575.95, 'ask': 576.08}","{'bid': 577.55, 'ask': 577.68}","{'bid': 577.6, 'ask': 577.72}","{'bid': 575.61, 'ask': 575.73}",4327,575.95,577.6,575.61,577.55
2025-01-13 17:15:00,2025-01-13T17:15:00,2025-01-13T17:15:00,"{'bid': 577.55, 'ask': 577.67}","{'bid': 578.15, 'ask': 578.28}","{'bid': 578.46, 'ask': 578.58}","{'bid': 577.4, 'ask': 577.53}",3471,577.55,578.46,577.4,578.15
2025-01-13 17:30:00,2025-01-13T17:30:00,2025-01-13T17:30:00,"{'bid': 578.14, 'ask': 578.26}","{'bid': 577.76, 'ask': 577.88}","{'bid': 578.41, 'ask': 578.53}","{'bid': 577.55, 'ask': 577.67}",3599,578.14,578.41,577.55,577.76
2025-01-13 17:45:00,2025-01-13T17:45:00,2025-01-13T17:45:00,"{'bid': 577.74, 'ask': 577.87}","{'bid': 579.39, 'ask': 579.51}","{'bid': 579.47, 'ask': 579.59}","{'bid': 577.65, 'ask': 577.78}",3419,577.74,579.47,577.65,579.39
2025-01-13 18:00:00,2025-01-13T18:00:00,2025-01-13T18:00:00,"{'bid': 579.4, 'ask': 579.53}","{'bid': 579.49, 'ask': 579.61}","{'bid': 579.68, 'ask': 579.8}","{'bid': 578.91, 'ask': 579.03}",2971,579.4,579.68,578.91,579.49
2025-01-13 18:15:00,2025-01-13T18:15:00,2025-01-13T18:15:00,"{'bid': 579.5, 'ask': 579.62}","{'bid': 579.64, 'ask': 579.76}","{'bid': 579.66, 'ask': 579.78}","{'bid': 578.82, 'ask': 578.95}",2910,579.5,579.66,578.82,579.64
2025-01-13 18:30:00,2025-01-13T18:30:00,2025-01-13T18:30:00,"{'bid': 579.64, 'ask': 579.77}","{'bid': 579.4, 'ask': 579.53}","{'bid': 580.08, 'ask': 580.2}","{'bid': 579.31, 'ask': 579.44}",2966,579.64,580.08,579.31,579.4
2025-01-13 18:45:00,2025-01-13T18:45:00,2025-01-13T18:45:00,"{'bid': 579.39, 'ask': 579.51}","{'bid': 579.95, 'ask': 580.08}","{'bid': 580.23, 'ask': 580.35}","{'bid': 579.32, 'ask': 579.44}",2889,579.39,580.23,579.32,579.95
2025-01-13 19:00:00,2025-01-13T19:00:00,2025-01-13T19:00:00,"{'bid': 579.96, 'ask': 580.09}","{'bid': 579.32, 'ask': 579.45}","{'bid': 580.13, 'ask': 580.26}","{'bid': 579.18, 'ask': 579.3}",2870,579.96,580.13,579.18,579.32
2025-01-13 19:15:00,2025-01-13T19:15:00,2025-01-13T19:15:00,"{'bid': 579.34, 'ask': 579.47}","{'bid': 580.24, 'ask': 580.37}","{'bid': 580.29, 'ask': 580.43}","{'bid': 578.91, 'ask': 579.03}",3027,579.34,580.29,578.91,580.24
2025-01-13 19:30:00,2025-01-13T19:30:00,2025-01-13T19:30:00,"{'bid': 580.25, 'ask': 580.38}","{'bid': 580.66, 'ask': 580.78}","{'bid': 580.93, 'ask': 581.05}","{'bid': 579.65, 'ask': 579.77}",3137,580.25,580.93,579.65,580.66
2025-01-13 19:45:00,2025-01-13T19:45:00,2025-01-13T19:45:00,"{'bid': 580.65, 'ask': 580.78}","{'bid': 580.42, 'ask': 580.54}","{'bid': 580.67, 'ask': 580.8}","{'bid': 579.51, 'ask': 579.64}",3278,580.65,580.67,579.51,580.42
2025-01-13 20:00:00,2025-01-13T20:00:00,2025-01-13T20:00:00,"{'bid': 580.4, 'ask': 580.52}","{'bid': 580.25, 'ask': 580.37}","{'bid': 580.6, 'ask': 580.73}","{'bid': 579.87, 'ask': 579.99}",3169,580.4,580.6,579.87,580.25
2025-01-13 20:15:00,2025-01-13T20:15:00,2025-01-13T20:15:00,"{'bid': 580.25, 'ask': 580.38}","{'bid': 580.02, 'ask': 580.14}","{'bid': 580.89, 'ask': 581.02}","{'bid': 579.83, 'ask': 579.96}",3336,580.25,580.89,579.83,580.02
2025-01-13 20:30:00,2025-01-13T20:30:00,2025-01-13T20:30:00,"{'bid': 580.04, 'ask': 580.16}","{'bid': 580.04, 'ask': 580.17}","{'bid': 580.44, 'ask': 580.57}","{'bid': 579.81, 'ask': 579.94}",3194,580.04,580.44,579.81,580.04
2025-01-13 20:45:00,2025-01-13T20:45:00,2025-01-13T20:45:00,"{'bid': 580.05, 'ask': 580.17}","{'bid': 581.44, 'ask': 581.57}","{'bid': 581.69, 'ask': 581.82}","{'bid': 579.86, 'ask': 579.99}",4077,580.05,581.69,579.86,581.44
2025-01-13 21:00:00,2025-01-13T21:00:00,2025-01-13T21:00:00,"{'bid': 581.46, 'ask': 581.59}","{'bid': 581.69, 'ask': 581.82}","{'bid': 581.82, 'ask': 581.95}","{'bid': 581.12, 'ask': 581.24}",1347,581.46,581.82,581.12,581.69
2025-01-13 21:15:00,2025-01-13T21:15:00,2025-01-13T21:15:00,"{'bid': 581.7, 'ask': 581.82}","{'bid': 582.1, 'ask': 582.22}","{'bid': 582.19, 'ask': 582.32}","{'bid': 581.63, 'ask': 581.76}",457,581.7,582.19,581.63,582.1
2025-01-13 21:30:00,2025-01-13T21:30:00,2025-01-13T21:30:00,"{'bid': 582.1, 'ask': 582.23}","{'bid': 581.99, 'ask': 582.14}","{'bid': 582.18, 'ask': 582.33}","{'bid': 581.78, 'ask': 581.99}",376,582.1,582.18,581.78,581.99
2025-01-13 21:45:00,2025-01-13T21:45:00,2025-01-13T21:45:00,"{'bid': 582.01, 'ask': 582.16}","{'bid': 582.04, 'ask': 582.22}","{'bid': 582.16, 'ask': 582.45}","{'bid': 581.45, 'ask': 581.9}",432,582.01,582.16,581.45,582.04
2025-01-13 22:00:00,2025-01-13T22:00:00,2025-01-13T22:00:00,"{'bid': 582.04, 'ask': 582.19}","{'bid': 582.03, 'ask': 582.16}","{'bid': 582.05, 'ask': 582.26}","{'bid': 582.02, 'ask': 582.16}",27,582.04,582.05,582.02,582.03
2025-01-13 22:15:00,2025-01-13T22:15:00,2025-01-13T22:15:00,"{'bid': 582.04, 'ask': 582.17}","{'bid': 582.07, 'ask': 582.24}","{'bid': 582.07, 'ask': 582.24}","{'bid': 582.03, 'ask': 582.16}",19,582.04,582.07,582.03,582.07
2025-01-13 22:30:00,2025-01-13T22:30:00,2025-01-13T22:30:00,"{'bid': 582.08, 'ask': 582.24}","{'bid': 582.18, 'ask': 582.49}","{'bid': 582.26, 'ask': 582.49}","{'bid': 582.08, 'ask': 582.2}",68,582.08,582.26,582.08,582.18
2025-01-13 22:45:00,2025-01-13T22:45:00,2025-01-13T22:45:00,"{'bid': 582.17, 'ask': 582.51}","{'bid': 582.25, 'ask': 582.71}","{'bid': 582.36, 'ask': 582.71}","{'bid': 582.17, 'ask': 582.35}",75,582.17,582.36,582.17,582.25
2025-01-13 23:00:00,2025-01-13T23:00:00,2025-01-13T23:00:00,"{'bid': 582.46, 'ask': 582.79}","{'bid': 582.99, 'ask': 583.17}","{'bid': 583.17, 'ask': 583.62}","{'bid': 582.35, 'ask': 582.73}",486,582.46,583.17,582.35,582.99
2025-01-13 23:15:00,2025-01-13T23:15:00,2025-01-13T23:15:00,"{'bid': 582.99, 'ask': 583.19}","{'bid': 582.93, 'ask': 583.05}","{'bid': 583.08, 'ask': 583.3}","{'bid': 582.55, 'ask': 583.05}",206,582.99,583.08,582.55,582.93
2025-01-13 23:30:00,2025-01-13T23:30:00,2025-01-13T23:30:00,"{'bid': 582.93, 'ask': 583.06}","{'bid': 583.53, 'ask': 583.81}","{'bid': 583.86, 'ask': 584.45}","{'bid': 582.91, 'ask': 583.05}",399,582.93,583.86,582.91,583.53
2025-01-13 23:45:00,2025-01-13T23:45:00,2025-01-13T23:45:00,"{'bid': 583.57, 'ask': 583.81}","{'bid': 582.96, 'ask': 583.24}","{'bid': 583.67, 'ask': 584.05}","{'bid': 582.96, 'ask': 583.23}",230,583.57,583.67,582.96,582.96
2025-01-14 00:00:00,2025-01-14T00:00:00,2025-01-14T00:00:00,"{'bid': 582.96, 'ask': 583.26}","{'bid': 582.77, 'ask': 582.96}","{'bid': 582.96, 'ask': 583.45}","{'bid': 582.57, 'ask': 582.8}",282,582.96,582.96,582.57,582.77
2025-01-14 00:15:00,2025-01-14T00:15:00,2025-01-14T00:15:00,"{'bid': 582.77, 'ask': 582.97}","{'bid': 582.83, 'ask': 583.24}","{'bid': 583.04, 'ask': 583.44}","{'bid': 582.55, 'ask': 582.92}",248,582.77,583.04,582.55,582.83
2025-01-14 00:30:00,2025-01-14T00:30:00,2025-01-14T00:30:00,"{'bid': 582.85, 'ask': 583.24}","{'bid': 582.56, 'ask': 582.88}","{'bid': 582.85, 'ask': 583.25}","{'bid': 582.55, 'ask': 582.88}",103,582.85,582.85,582.55,582.56
2025-01-14 00:45:00,2025-01-14T00:45:00,2025-01-14T00:45:00,"{'bid': 582.56, 'ask': 582.89}","{'bid': 583.08, 'ask': 583.69}","{'bid': 583.11, 'ask': 583.69}","{'bid': 582.56, 'ask': 582.88}",164,582.56,583.11,582.56,583.08
2025-01-14 09:00:00,2025-01-14T09:00:00,2025-01-14T09:00:00,"{'bid': 584.35, 'ask': 585.87}","{'bid': 584.68, 'ask': 584.88}","{'bid': 584.97, 'ask': 585.87}","{'bid': 584.16, 'ask': 584.58}",729,584.35,584.97,584.16,584.68
2025-01-14 09:15:00,2025-01-14T09:15:00,2025-01-14T09:15:00,"{'bid': 584.68, 'ask': 584.87}","{'bid': 584.41, 'ask': 584.58}","{'bid': 584.71, 'ask': 585.05}","{'bid': 583.75, 'ask': 584.25}",615,584.68,584.71,583.75,584.41
2025-01-14 09:30:00,2025-01-14T09:30:00,2025-01-14T09:30:00,"{'bid': 584.41, 'ask': 584.56}","{'bid': 584.58, 'ask': 584.78}","{'bid': 584.75, 'ask': 585.05}","{'bid': 583.95, 'ask': 584.4}",624,584.41,584.75,583.95,584.58
2025-01-14 09:45:00,2025-01-14T09:45:00,2025-01-14T09:45:00,"{'bid': 584.58, 'ask': 584.79}","{'bid': 584.43, 'ask': 584.6}","{'bid': 584.58, 'ask': 585.05}","{'bid': 584.15, 'ask': 584.44}",402,584.58,584.58,584.15,584.43
2025-01-14 10:00:00,2025-01-14T10:00:00,2025-01-14T10:00:00,"{'bid': 584.44, 'ask': 584.62}","{'bid': 584.28, 'ask': 584.46}","{'bid': 584.61, 'ask': 585.05}","{'bid': 583.75, 'ask': 584.35}",309,584.44,584.61,583.75,584.28
2025-01-14 10:15:00,2025-01-14T10:15:00,2025-01-14T10:15:00,"{'bid': 584.28, 'ask': 584.48}","{'bid': 584.1, 'ask': 584.28}","{'bid': 584.44, 'ask': 584.76}","{'bid': 583.75, 'ask': 584.16}",330,584.28,584.44,583.75,584.1
2025-01-14 10:30:00,2025-01-14T10:30:00,2025-01-14T10:30:00,"{'bid': 584.1, 'ask': 584.27}","{'bid': 584.3, 'ask': 584.47}","{'bid': 584.51, 'ask': 585.05}","{'bid': 583.96, 'ask': 584.25}",285,584.1,584.51,583.96,584.3
2025-01-14 10:45:00,2025-01-14T10:45:00,2025-01-14T10:45:00,"{'bid': 584.3, 'ask': 584.52}","{'bid': 584.45, 'ask': 584.65}","{'bid': 584.59, 'ask': 585.05}","{'bid': 584.3, 'ask': 584.52}",214,584.3,584.59,584.3,584.45
2025-01-14 11:00:00,2025-01-14T11:00:00,2025-01-14T11:00:00,"{'bid': 584.45, 'ask': 584.64}","{'bid': 584.33, 'ask': 584.52}","{'bid': 584.45, 'ask': 584.85}","{'bid': 583.95, 'ask': 584.22}",284,584.45,584.45,583.95,584.33
2025-01-14 11:15:00,2025-01-14T11:15:00,2025-01-14T11:15:00,"{'bid': 584.33, 'ask': 584.51}","{'bid': 583.79, 'ask': 583.98}","{'bid': 584.34, 'ask': 584.55}","{'bid': 583.35, 'ask': 583.85}",410,584.33,584.34,583.35,583.79
2025-01-14 11:30:00,2025-01-14T11:30:00,2025-01-14T11:30:00,"{'bid': 583.79, 'ask': 583.97}","{'bid': 583.76, 'ask': 583.94}","{'bid': 583.95, 'ask': 584.25}","{'bid': 583.35, 'ask': 583.73}",483,583.79,583.95,583.35,583.76
2025-01-14 11:45:00,2025-01-14T11:45:00,2025-01-14T11:45:00,"{'bid': 583.76, 'ask': 583.93}","{'bid': 583.52, 'ask': 583.7}","{'bid': 583.76, 'ask': 583.93}","{'bid': 583.15, 'ask': 583.56}",418,583.76,583.76,583.15,583.52
2025-01-14 12:00:00,2025-01-14T12:00:00,2025-01-14T12:00:00,"{'bid': 583.51, 'ask': 583.7}","{'bid': 582.82, 'ask': 583.01}","{'bid': 583.78, 'ask': 583.96}","{'bid': 582.35, 'ask': 582.85}",1222,583.51,583.78,582.35,582.82
2025-01-14 12:15:00,2025-01-14T12:15:00,2025-01-14T12:15:00,"{'bid': 582.85, 'ask': 583.09}","{'bid': 582.79, 'ask': 583.0}","{'bid': 583.06, 'ask': 583.45}","{'bid': 582.11, 'ask': 582.28}",1295,582.85,583.06,582.11,582.79
2025-01-14 12:30:00,2025-01-14T12:30:00,2025-01-14T12:30:00,"{'bid': 582.81, 'ask': 582.99}","{'bid': 583.12, 'ask': 583.33}","{'bid': 583.23, 'ask': 583.55}","{'bid': 582.55, 'ask': 582.92}",922,582.81,583.23,582.55,583.12
2025-01-14 12:45:00,2025-01-14T12:45:00,2025-01-14T12:45:00,"{'bid': 583.12, 'ask': 583.31}","{'bid': 582.86, 'ask': 583.01}","{'bid': 583.21, 'ask': 583.55}","{'bid': 582.52, 'ask': 582.85}",818,583.12,583.21,582.52,582.86
2025-01-14 13:00:00,2025-01-14T13:00:00,2025-01-14T13:00:00,"{'bid': 582.88, 'ask': 583.03}","{'bid': 582.32, 'ask': 582.47}","{'bid': 582.88, 'ask': 583.25}","{'bid': 582.15, 'ask': 582.47}",937,582.88,582.88,582.15,582.32
2025-01-14 13:15:00,2025-01-14T13:15:00,2025-01-14T13:15:00,"{'bid': 582.33, 'ask': 582.47}","{'bid': 581.52, 'ask': 582.13}","{'bid': 582.39, 'ask': 582.61}","{'bid': 581.35, 'ask': 581.59}",1197,582.33,582.39,581.35,581.52
2025-01-14 13:30:00,2025-01-14T13:30:00,2025-01-14T13:30:00,"{'bid': 581.72, 'ask': 582.12}","{'bid': 583.9, 'ask': 584.06}","{'bid': 585.83, 'ask': 586.06}","{'bid': 581.72, 'ask': 582.11}",3305,581.72,585.83,581.72,583.9
2025-01-14 13:45:00,2025-01-14T13:45:00,2025-01-14T13:45:00,"{'bid': 583.95, 'ask': 584.21}","{'bid': 583.69, 'ask': 583.84}","{'bid': 585.01, 'ask': 585.23}","{'bid': 583.54, 'ask': 583.67}",2823,583.95,585.01,583.54,583.69
2025-01-14 14:00:00,2025-01-14T14:00:00,2025-01-14T14:00:00,"{'bid': 583.69, 'ask': 583.86}","{'bid': 583.69, 'ask': 583.84}","{'bid': 583.84, 'ask': 584.25}","{'bid': 583.04, 'ask': 583.22}",2938,583.69,583.84,583.04,583.69
2025-01-14 14:15:00,2025-01-14T14:15:00,2025-01-14T14:15:00,"{'bid': 583.69, 'ask': 583.83}","{'bid': 584.24, 'ask': 584.39}","{'bid': 584.48, 'ask': 584.85}","{'bid': 583.55, 'ask': 583.77}",2473,583.69,584.48,583.55,584.24
2025-01-14 14:30:00,2025-01-14T14:30:00,2025-01-14T14:30:00,"{'bid': 584.25, 'ask': 584.38}","{'bid': 584.74, 'ask': 584.87}","{'bid': 584.93, 'ask': 585.06}","{'bid': 583.25, 'ask': 583.37}",6012,584.25,584.93,583.25,584.74
2025-01-14 14:45:00,2025-01-14T14:45:00,2025-01-14T14:45:00,"{'bid': 584.73, 'ask': 584.85}","{'bid': 582.23, 'ask': 582.36}","{'bid': 584.87, 'ask': 585.0}","{'bid': 581.91, 'ask': 582.04}",6088,584.73,584.87,581.91,582.23
2025-01-14 15:00:00,2025-01-14T15:00:00,2025-01-14T15:00:00,"{'bid': 582.23, 'ask': 582.37}","{'bid': 584.01, 'ask': 584.13}","{'bid': 584.51, 'ask': 584.63}","{'bid': 582.1, 'ask': 582.22}",4984,582.23,584.51,582.1,584.01
2025-01-14 15:15:00,2025-01-14T15:15:00,2025-01-14T15:15:00,"{'bid': 584.01, 'ask': 584.14}","{'bid': 583.08, 'ask': 583.2}","{'bid': 584.58, 'ask': 584.7}","{'bid': 582.81, 'ask': 582.93}",4614,584.01,584.58,582.81,583.08
2025-01-14 15:30:00,2025-01-14T15:30:00,2025-01-14T15:30:00,"{'bid': 583.1, 'ask': 583.23}","{'bid': 583.45, 'ask': 583.57}","{'bid': 583.54, 'ask': 583.67}","{'bid': 582.06, 'ask': 582.19}",4453,583.1,583.54,582.06,583.45
2025-01-14 15:45:00,2025-01-14T15:45:00,2025-01-14T15:45:00,"{'bid': 583.47, 'ask': 583.6}","{'bid': 581.74, 'ask': 581.87}","{'bid': 583.49, 'ask': 583.62}","{'bid': 581.73, 'ask': 581.85}",4347,583.47,583.49,581.73,581.74
2025-01-14 16:00:00,2025-01-14T16:00:00,2025-01-14T16:00:00,"{'bid': 581.76, 'ask': 581.88}","{'bid': 580.8, 'ask': 580.93}","{'bid': 581.87, 'ask': 582.0}","{'bid': 580.1, 'ask': 580.23}",4495,581.76,581.87,580.1,580.8
2025-01-14 16:15:00,2025-01-14T16:15:00,2025-01-14T16:15:00,"{'bid': 580.81, 'ask': 580.94}","{'bid': 580.77, 'ask': 580.91}","{'bid': 581.89, 'ask': 582.02}","{'bid': 580.43, 'ask': 580.55}",3647,580.81,581.89,580.43,580.77
2025-01-14 16:30:00,2025-01-14T16:30:00,2025-01-14T16:30:00,"{'bid': 580.76, 'ask': 580.88}","{'bid': 579.45, 'ask': 579.58}","{'bid': 581.34, 'ask': 581.46}","{'bid': 579.38, 'ask': 579.5}",3885,580.76,581.34,579.38,579.45
2025-01-14 16:45:00,2025-01-14T16:45:00,2025-01-14T16:45:00,"{'bid': 579.47, 'ask': 579.59}","{'bid': 578.72, 'ask': 578.84}","{'bid': 579.7, 'ask': 579.82}","{'bid': 578.71, 'ask': 578.84}",3352,579.47,579.7,578.71,578.72
2025-01-14 17:00:00,2025-01-14T17:00:00,2025-01-14T17:00:00,"{'bid': 578.71, 'ask': 578.84}","{'bid': 579.5, 'ask': 579.62}","{'bid': 579.86, 'ask': 579.99}","{'bid': 578.51, 'ask': 578.63}",3011,578.71,579.86,578.51,579.5
2025-01-14 17:15:00,2025-01-14T17:15:00,2025-01-14T17:15:00,"{'bid': 579.5, 'ask': 579.63}","{'bid': 579.65, 'ask': 579.78}","{'bid': 580.06, 'ask': 580.18}","{'bid': 578.98, 'ask': 579.11}",2515,579.5,580.06,578.98,579.65
2025-01-14 17:30:00,2025-01-14T17:30:00,2025-01-14T17:30:00,"{'bid': 579.65, 'ask': 579.77}","{'bid': 580.07, 'ask': 580.2}","{'bid': 580.24, 'ask': 580.37}","{'bid': 578.3, 'ask': 578.42}",2826,579.65,580.24,578.3,580.07
2025-01-14 17:45:00,2025-01-14T17:45:00,2025-01-14T17:45:00,"{'bid': 580.06, 'ask': 580.19}","{'bid': 580.16, 'ask': 580.29}","{'bid': 580.48, 'ask': 580.61}","{'bid': 579.64, 'ask': 579.77}",2537,580.06,580.48,579.64,580.16
2025-01-14 18:00:00,2025-01-14T18:00:00,2025-01-14T18:00:00,"{'bid': 580.14, 'ask': 580.27}","{'bid': 580.73, 'ask': 580.86}","{'bid': 580.95, 'ask': 581.08}","{'bid': 580.05, 'ask': 580.17}",2119,580.14,580.95,580.05,580.73
2025-01-14 18:15:00,2025-01-14T18:15:00,2025-01-14T18:15:00,"{'bid': 580.7, 'ask': 580.84}","{'bid': 581.94, 'ask': 582.07}","{'bid': 582.17, 'ask': 582.29}","{'bid': 580.54, 'ask': 580.66}",2098,580.7,582.17,580.54,581.94
2025-01-14 18:30:00,2025-01-14T18:30:00,2025-01-14T18:30:00,"{'bid': 581.95, 'ask': 582.07}","{'bid': 582.95, 'ask': 583.08}","{'bid': 583.11, 'ask': 583.24}","{'bid': 581.74, 'ask': 581.86}",2248,581.95,583.11,581.74,582.95
2025-01-14 18:45:00,2025-01-14T18:45:00,2025-01-14T18:45:00,"{'bid': 582.95, 'ask': 583.07}","{'bid': 583.42, 'ask': 583.54}","{'bid': 583.69, 'ask': 583.82}","{'bid': 582.82, 'ask': 582.95}",2137,582.95,583.69,582.82,583.42
2025-01-14 19:00:00,2025-01-14T19:00:00,2025-01-14T19:00:00,"{'bid': 583.42, 'ask': 583.55}","{'bid': 583.19, 'ask': 583.31}","{'bid': 583.54, 'ask': 583.66}","{'bid': 582.79, 'ask': 582.92}",2357,583.42,583.54,582.79,583.19
2025-01-14 19:15:00,2025-01-14T19:15:00,2025-01-14T19:15:00,"{'bid': 583.18, 'ask': 583.31}","{'bid': 582.98, 'ask': 583.11}","{'bid': 583.74, 'ask': 583.87}","{'bid': 582.96, 'ask': 583.08}",2058,583.18,583.74,582.96,582.98
2025-01-14 19:30:00,2025-01-14T19:30:00,2025-01-14T19:30:00,"{'bid': 583.0, 'ask': 583.13}","{'bid': 583.04, 'ask': 583.17}","{'bid': 583.68, 'ask': 583.8}","{'bid': 582.85, 'ask': 582.98}",1964,583.0,583.68,582.85,583.04
2025-01-14 19:45:00,2025-01-14T19:45:00,2025-01-14T19:45:00,"{'bid': 583.06, 'ask': 583.18}","{'bid': 580.47, 'ask': 580.61}","{'bid': 583.09, 'ask': 583.22}","{'bid': 580.34, 'ask': 580.46}",3331,583.06,583.09,580.34,580.47
2025-01-14 20:00:00,2025-01-14T20:00:00,2025-01-14T20:00:00,"{'bid': 580.48, 'ask': 580.62}","{'bid': 579.47, 'ask': 579.6}","{'bid': 580.8, 'ask': 580.92}","{'bid': 578.85, 'ask': 578.97}",5409,580.48,580.8,578.85,579.47
2025-01-14 20:15:00,2025-01-14T20:15:00,2025-01-14T20:15:00,"{'bid': 579.47, 'ask': 579.61}","{'bid': 580.42, 'ask': 580.55}","{'bid': 580.57, 'ask': 580.69}","{'bid': 579.47, 'ask': 579.61}",3871,579.47,580.57,579.47,580.42
2025-01-14 20:30:00,2025-01-14T20:30:00,2025-01-14T20:30:00,"{'bid': 580.41, 'ask': 580.53}","{'bid': 580.18, 'ask': 580.31}","{'bid': 580.76, 'ask': 580.89}","{'bid': 579.52, 'ask': 579.64}",3821,580.41,580.76,579.52,580.18
2025-01-14 20:45:00,2025-01-14T20:45:00,2025-01-14T20:45:00,"{'bid': 580.2, 'ask': 580.33}","{'bid': 582.09, 'ask': 582.21}","{'bid': 582.23, 'ask': 582.35}","{'bid': 580.14, 'ask': 580.26}",4802,580.2,582.23,580.14,582.09
2025-01-14 21:00:00,2025-01-14T21:00:00,2025-01-14T21:00:00,"{'bid': 582.12, 'ask': 582.26}","{'bid': 582.97, 'ask': 583.12}","{'bid': 583.14, 'ask': 583.32}","{'bid': 581.99, 'ask': 582.11}",1712,582.12,583.14,581.99,582.97
2025-01-14 21:15:00,2025-01-14T21:15:00,2025-01-14T21:15:00,"{'bid': 582.97, 'ask': 583.11}","{'bid': 583.17, 'ask': 583.32}","{'bid': 583.19, 'ask': 583.35}","{'bid': 582.97, 'ask': 583.11}",393,582.97,583.19,582.97,583.17
2025-01-14 21:30:00,2025-01-14T21:30:00,2025-01-14T21:30:00,"{'bid': 583.16, 'ask': 583.3}","{'bid': 583.3, 'ask': 583.44}","{'bid': 583.34, 'ask': 583.49}","{'bid': 583.07, 'ask': 583.2}",265,583.16,583.34,583.07,583.3
2025-01-14 21:45:00,2025-01-14T21:45:00,2025-01-14T21:45:00,"{'bid': 583.3, 'ask': 583.42}","{'bid': 582.99, 'ask': 583.13}","{'bid': 583.3, 'ask': 583.42}","{'bid': 582.97, 'ask': 583.1}",311,583.3,583.3,582.97,582.99
2025-01-14 22:00:00,2025-01-14T22:00:00,2025-01-14T22:00:00,"{'bid': 582.96, 'ask': 583.13}","{'bid': 582.9, 'ask': 583.06}","{'bid': 582.98, 'ask': 583.13}","{'bid': 582.86, 'ask': 583.04}",64,582.96,582.98,582.86,582.9
2025-01-14 22:15:00,2025-01-14T22:15:00,2025-01-14T22:15:00,"{'bid': 582.9, 'ask': 583.04}","{'bid': 582.91, 'ask': 583.12}","{'bid': 582.91, 'ask': 583.12}","{'bid': 582.82, 'ask': 583.0}",27,582.9,582.91,582.82,582.91
2025-01-14 22:30:00,2025-01-14T22:30:00,2025-01-14T22:30:00,"{'bid': 582.91, 'ask': 583.11}","{'bid': 582.7, 'ask': 582.83}","{'bid': 582.93, 'ask': 583.14}","{'bid': 582.7, 'ask': 582.83}",49,582.91,582.93,582.7,582.7
2025-01-14 22:45:00,2025-01-14T22:45:00,2025-01-14T22:45:00,"{'bid': 582.71, 'ask': 583.0}","{'bid': 582.76, 'ask': 583.04}","{'bid': 582.9, 'ask': 583.14}","{'bid': 582.71, 'ask': 582.9}",66,582.71,582.9,582.71,582.76
2025-01-14 23:00:00,2025-01-14T23:00:00,2025-01-14T23:00:00,"{'bid': 582.76, 'ask': 583.05}","{'bid': 582.54, 'ask': 582.73}","{'bid': 582.89, 'ask': 583.35}","{'bid': 582.46, 'ask': 582.65}",319,582.76,582.89,582.46,582.54
2025-01-14 23:15:00,2025-01-14T23:15:00,2025-01-14T23:15:00,"{'bid': 582.46, 'ask': 582.73}","{'bid': 582.48, 'ask': 583.05}","{'bid': 582.58, 'ask': 583.05}","{'bid': 582.46, 'ask': 582.6}",132,582.46,582.58,582.46,582.48
2025-01-14 23:30:00,2025-01-14T23:30:00,2025-01-14T23:30:00,"{'bid': 582.48, 'ask': 582.67}","{'bid': 582.35, 'ask': 582.53}","{'bid': 582.53, 'ask': 583.05}","{'bid': 582.33, 'ask': 582.49}",199,582.48,582.53,582.33,582.35
2025-01-14 23:45:00,2025-01-14T23:45:00,2025-01-14T23:45:00,"{'bid': 582.35, 'ask': 582.54}","{'bid': 582.47, 'ask': 583.05}","{'bid': 582.51, 'ask': 583.05}","{'bid': 582.35, 'ask': 582.47}",182,582.35,582.51,582.35,582.47
2025-01-15 00:00:00,2025-01-15T00:00:00,2025-01-15T00:00:00,"{'bid': 582.48, 'ask': 582.68}","{'bid': 582.37, 'ask': 582.54}","{'bid': 582.5, 'ask': 583.05}","{'bid': 582.33, 'ask': 582.49}",262,582.48,582.5,582.33,582.37
2025-01-15 00:15:00,2025-01-15T00:15:00,2025-01-15T00:15:00,"{'bid': 582.39, 'ask': 582.54}","{'bid': 582.36, 'ask': 582.5}","{'bid': 582.53, 'ask': 583.04}","{'bid': 582.34, 'ask': 582.5}",258,582.39,582.53,582.34,582.36
2025-01-15 00:30:00,2025-01-15T00:30:00,2025-01-15T00:30:00,"{'bid': 582.36, 'ask': 582.51}","{'bid': 582.46, 'ask': 582.63}","{'bid': 582.5, 'ask': 582.85}","{'bid': 582.33, 'ask': 582.48}",172,582.36,582.5,582.33,582.46
2025-01-15 00:45:00,2025-01-15T00:45:00,2025-01-15T00:45:00,"{'bid': 582.47, 'ask': 582.62}","{'bid': 582.57, 'ask': 582.73}","{'bid': 582.6, 'ask': 583.05}","{'bid': 582.33, 'ask': 582.53}",163,582.47,582.6,582.33,582.57
2025-01-15 09:00:00,2025-01-15T09:00:00,2025-01-15T09:00:00,"{'bid': 582.31, 'ask': 586.02}","{'bid': 582.55, 'ask': 582.73}","{'bid': 582.61, 'ask': 586.02}","{'bid': 582.15, 'ask': 582.44}",295,582.31,582.61,582.15,582.55
2025-01-15 09:15:00,2025-01-15T09:15:00,2025-01-15T09:15:00,"{'bid': 582.55, 'ask': 582.74}","{'bid': 582.56, 'ask': 582.73}","{'bid': 582.57, 'ask': 583.05}","{'bid': 581.95, 'ask': 582.51}",298,582.55,582.57,581.95,582.56
2025-01-15 09:30:00,2025-01-15T09:30:00,2025-01-15T09:30:00,"{'bid': 582.55, 'ask': 582.73}","{'bid': 582.96, 'ask': 583.16}","{'bid': 583.03, 'ask': 583.45}","{'bid': 582.55, 'ask': 582.73}",216,582.55,583.03,582.55,582.96
2025-01-15 09:45:00,2025-01-15T09:45:00,2025-01-15T09:45:00,"{'bid': 582.97, 'ask': 583.15}","{'bid': 582.86, 'ask': 583.01}","{'bid': 583.09, 'ask': 583.27}","{'bid': 582.55, 'ask': 582.85}",274,582.97,583.09,582.55,582.86
2025-01-15 10:00:00,2025-01-15T10:00:00,2025-01-15T10:00:00,"{'bid': 582.85, 'ask': 583.25}","{'bid': 582.71, 'ask': 582.89}","{'bid': 582.9, 'ask': 583.25}","{'bid': 582.67, 'ask': 582.88}",168,582.85,582.9,582.67,582.71
2025-01-15 10:15:00,2025-01-15T10:15:00,2025-01-15T10:15:00,"{'bid': 582.69, 'ask': 582.88}","{'bid': 582.85, 'ask': 583.04}","{'bid': 582.95, 'ask': 583.19}","{'bid': 581.95, 'ask': 582.52}",287,582.69,582.95,581.95,582.85
2025-01-15 10:30:00,2025-01-15T10:30:00,2025-01-15T10:30:00,"{'bid': 582.84, 'ask': 583.04}","{'bid': 583.06, 'ask': 583.25}","{'bid': 583.1, 'ask': 583.45}","{'bid': 582.84, 'ask': 583.04}",206,582.84,583.1,582.84,583.06
2025-01-15 10:45:00,2025-01-15T10:45:00,2025-01-15T10:45:00,"{'bid': 583.07, 'ask': 583.25}","{'bid': 583.14, 'ask': 583.31}","{'bid': 583.23, 'ask': 583.65}","{'bid': 583.03, 'ask': 583.19}",198,583.07,583.23,583.03,583.14
2025-01-15 11:00:00,2025-01-15T11:00:00,2025-01-15T11:00:00,"{'bid': 583.14, 'ask': 583.34}","{'bid': 583.28, 'ask': 583.45}","{'bid': 583.28, 'ask': 583.65}","{'bid': 583.06, 'ask': 583.32}",174,583.14,583.28,583.06,583.28
2025-01-15 11:15:00,2025-01-15T11:15:00,2025-01-15T11:15:00,"{'bid': 583.28, 'ask': 583.46}","{'bid': 583.18, 'ask': 583.36}","{'bid': 583.28, 'ask': 583.47}","{'bid': 583.06, 'ask': 583.29}",141,583.28,583.28,583.06,583.18
2025-01-15 11:30:00,2025-01-15T11:30:00,2025-01-15T11:30:00,"{'bid': 583.19, 'ask': 583.36}","{'bid': 583.81, 'ask': 583.98}","{'bid': 583.83, 'ask': 584.25}","{'bid': 583.19, 'ask': 583.36}",196,583.19,583.83,583.19,583.81
2025-01-15 11:45:00,2025-01-15T11:45:00,2025-01-15T11:45:00,"{'bid': 583.82, 'ask': 583.98}","{'bid': 584.2, 'ask': 584.4}","{'bid': 584.52, 'ask': 584.75}","{'bid': 583.67, 'ask': 583.86}",550,583.82,584.52,583.67,584.2
2025-01-15 12:00:00,2025-01-15T12:00:00,2025-01-15T12:00:00,"{'bid': 584.18, 'ask': 584.4}","{'bid': 584.33, 'ask': 584.49}","{'bid': 584.49, 'ask': 584.67}","{'bid': 583.75, 'ask': 584.24}",477,584.18,584.49,583.75,584.33
2025-01-15 12:15:00,2025-01-15T12:15:00,2025-01-15T12:15:00,"{'bid': 584.34, 'ask': 584.48}","{'bid': 583.88, 'ask': 584.09}","{'bid': 584.39, 'ask': 584.85}","{'bid': 583.55, 'ask': 584.01}",657,584.34,584.39,583.55,583.88
2025-01-15 12:30:00,2025-01-15T12:30:00,2025-01-15T12:30:00,"{'bid': 583.89, 'ask': 584.09}","{'bid': 584.29, 'ask': 584.49}","{'bid': 584.32, 'ask': 584.65}","{'bid': 583.75, 'ask': 583.88}",506,583.89,584.32,583.75,584.29
2025-01-15 12:45:00,2025-01-15T12:45:00,2025-01-15T12:45:00,"{'bid': 584.29, 'ask': 584.47}","{'bid': 584.12, 'ask': 584.29}","{'bid': 584.43, 'ask': 584.85}","{'bid': 583.89, 'ask': 584.04}",468,584.29,584.43,583.89,584.12
2025-01-15 13:00:00,2025-01-15T13:00:00,2025-01-15T13:00:00,"{'bid': 584.12, 'ask': 584.28}","{'bid': 584.18, 'ask': 584.36}","{'bid': 584.4, 'ask': 584.65}","{'bid': 583.98, 'ask': 584.21}",785,584.12,584.4,583.98,584.18
2025-01-15 13:15:00,2025-01-15T13:15:00,2025-01-15T13:15:00,"{'bid': 584.19, 'ask': 584.34}","{'bid': 584.05, 'ask': 584.6}","{'bid': 584.46, 'ask': 585.05}","{'bid': 583.98, 'ask': 584.11}",1122,584.19,584.46,583.98,584.05
2025-01-15 13:30:00,2025-01-15T13:30:00,2025-01-15T13:30:00,"{'bid': 584.17, 'ask': 584.6}","{'bid': 590.89, 'ask': 591.05}","{'bid': 591.32, 'ask': 591.48}","{'bid': 584.05, 'ask': 584.52}",4667,584.17,591.32,584.05,590.89
2025-01-15 13:45:00,2025-01-15T13:45:00,2025-01-15T13:45:00,"{'bid': 590.9, 'ask': 591.06}","{'bid': 590.81, 'ask': 590.96}","{'bid': 591.69, 'ask': 591.95}","{'bid': 590.51, 'ask': 590.67}",2817,590.9,591.69,590.51,590.81
2025-01-15 14:00:00,2025-01-15T14:00:00,2025-01-15T14:00:00,"{'bid': 590.79, 'ask': 590.95}","{'bid': 590.25, 'ask': 590.42}","{'bid': 591.29, 'ask': 591.85}","{'bid': 589.99, 'ask': 590.19}",2296,590.79,591.29,589.99,590.25
2025-01-15 14:15:00,2025-01-15T14:15:00,2025-01-15T14:15:00,"{'bid': 590.24, 'ask': 590.39}","{'bid': 590.25, 'ask': 590.41}","{'bid': 590.52, 'ask': 590.65}","{'bid': 589.91, 'ask': 590.1}",2228,590.24,590.52,589.91,590.25
2025-01-15 14:30:00,2025-01-15T14:30:00,2025-01-15T14:30:00,"{'bid': 590.27, 'ask': 590.41}","{'bid': 591.11, 'ask': 591.23}","{'bid': 591.16, 'ask': 591.3}","{'bid': 589.12, 'ask': 589.26}",6384,590.27,591.16,589.12,591.11
2025-01-15 14:45:00,2025-01-15T14:45:00,2025-01-15T14:45:00,"{'bid': 591.1, 'ask': 591.23}","{'bid': 591.88, 'ask': 592.0}","{'bid': 592.08, 'ask': 592.2}","{'bid': 590.97, 'ask': 591.09}",4427,591.1,592.08,590.97,591.88
2025-01-15 15:00:00,2025-01-15T15:00:00,2025-01-15T15:00:00,"{'bid': 591.88, 'ask': 592.01}","{'bid': 592.22, 'ask': 592.35}","{'bid': 592.59, 'ask': 592.72}","{'bid': 591.51, 'ask': 591.63}",3763,591.88,592.59,591.51,592.22
2025-01-15 15:15:00,2025-01-15T15:15:00,2025-01-15T15:15:00,"{'bid': 592.23, 'ask': 592.35}","{'bid': 592.26, 'ask': 592.39}","{'bid': 592.91, 'ask': 593.03}","{'bid': 592.02, 'ask': 592.15}",3494,592.23,592.91,592.02,592.26
2025-01-15 15:30:00,2025-01-15T15:30:00,2025-01-15T15:30:00,"{'bid': 592.26, 'ask': 592.38}","{'bid': 591.63, 'ask': 591.76}","{'bid': 592.47, 'ask': 592.6}","{'bid': 591.21, 'ask': 591.33}",3756,592.26,592.47,591.21,591.63
2025-01-15 15:45:00,2025-01-15T15:45:00,2025-01-15T15:45:00,"{'bid': 591.64, 'ask': 591.76}","{'bid': 591.09, 'ask': 591.22}","{'bid': 591.91, 'ask': 592.04}","{'bid': 591.02, 'ask': 591.14}",3966,591.64,591.91,591.02,591.09
2025-01-15 16:00:00,2025-01-15T16:00:00,2025-01-15T16:00:00,"{'bid': 591.09, 'ask': 591.21}","{'bid': 591.48, 'ask': 591.61}","{'bid': 591.93, 'ask': 592.05}","{'bid': 590.93, 'ask': 591.05}",3371,591.09,591.93,590.93,591.48
2025-01-15 16:15:00,2025-01-15T16:15:00,2025-01-15T16:15:00,"{'bid': 591.46, 'ask': 591.59}","{'bid': 590.96, 'ask': 591.09}","{'bid': 591.75, 'ask': 591.88}","{'bid': 590.64, 'ask': 590.77}",3406,591.46,591.75,590.64,590.96
2025-01-15 16:30:00,2025-01-15T16:30:00,2025-01-15T16:30:00,"{'bid': 590.95, 'ask': 591.07}","{'bid': 589.74, 'ask': 589.87}","{'bid': 590.95, 'ask': 591.07}","{'bid': 589.59, 'ask': 589.71}",4236,590.95,590.95,589.59,589.74
2025-01-15 16:45:00,2025-01-15T16:45:00,2025-01-15T16:45:00,"{'bid': 589.76, 'ask': 589.89}","{'bid': 589.98, 'ask': 590.11}","{'bid': 590.12, 'ask': 590.24}","{'bid': 589.45, 'ask': 589.57}",3440,589.76,590.12,589.45,589.98
2025-01-15 17:00:00,2025-01-15T17:00:00,2025-01-15T17:00:00,"{'bid': 589.98, 'ask': 590.1}","{'bid': 590.88, 'ask': 591.01}","{'bid': 591.11, 'ask': 591.23}","{'bid': 589.83, 'ask': 589.96}",3106,589.98,591.11,589.83,590.88
2025-01-15 17:15:00,2025-01-15T17:15:00,2025-01-15T17:15:00,"{'bid': 590.88, 'ask': 591.0}","{'bid': 591.06, 'ask': 591.19}","{'bid': 591.32, 'ask': 591.45}","{'bid': 590.45, 'ask': 590.57}",2634,590.88,591.32,590.45,591.06
2025-01-15 17:30:00,2025-01-15T17:30:00,2025-01-15T17:30:00,"{'bid': 591.07, 'ask': 591.19}","{'bid': 591.79, 'ask': 591.91}","{'bid': 591.85, 'ask': 591.98}","{'bid': 591.02, 'ask': 591.15}",1881,591.07,591.85,591.02,591.79
2025-01-15 17:45:00,2025-01-15T17:45:00,2025-01-15T17:45:00,"{'bid': 591.78, 'ask': 591.91}","{'bid': 590.93, 'ask': 591.05}","{'bid': 591.89, 'ask': 592.01}","{'bid': 590.83, 'ask': 590.96}",2198,591.78,591.89,590.83,590.93
2025-01-15 18:00:00,2025-01-15T18:00:00,2025-01-15T18:00:00,"{'bid': 590.94, 'ask': 591.07}","{'bid': 591.57, 'ask': 591.7}","{'bid': 591.8, 'ask': 591.93}","{'bid': 590.94, 'ask': 591.06}",1732,590.94,591.8,590.94,591.57
2025-01-15 18:15:00,2025-01-15T18:15:00,2025-01-15T18:15:00,"{'bid': 591.59, 'ask': 591.71}","{'bid': 592.19, 'ask': 592.31}","{'bid': 592.2, 'ask': 592.32}","{'bid': 591.54, 'ask': 591.67}",1382,591.59,592.2,591.54,592.19
2025-01-15 18:30:00,2025-01-15T18:30:00,2025-01-15T18:30:00,"{'bid': 592.19, 'ask': 592.32}","{'bid': 592.33, 'ask': 592.46}","{'bid': 592.43, 'ask': 592.56}","{'bid': 591.92, 'ask': 592.04}",1543,592.19,592.43,591.92,592.33
2025-01-15 18:45:00,2025-01-15T18:45:00,2025-01-15T18:45:00,"{'bid': 592.34, 'ask': 592.46}","{'bid': 592.46, 'ask': 592.59}","{'bid': 592.6, 'ask': 592.73}","{'bid': 592.22, 'ask': 592.34}",1302,592.34,592.6,592.22,592.46
2025-01-15 19:00:00,2025-01-15T19:00:00,2025-01-15T19:00:00,"{'bid': 592.45, 'ask': 592.57}","{'bid': 592.71, 'ask': 592.84}","{'bid': 592.78, 'ask': 592.9}","{'bid': 592.39, 'ask': 592.52}",1108,592.45,592.78,592.39,592.71
2025-01-15 19:15:00,2025-01-15T19:15:00,2025-01-15T19:15:00,"{'bid': 592.7, 'ask': 592.82}","{'bid': 593.04, 'ask': 593.17}","{'bid': 593.07, 'ask': 593.2}","{'bid': 592.39, 'ask': 592.51}",1174,592.7,593.07,592.39,593.04
2025-01-15 19:30:00,2025-01-15T19:30:00,2025-01-15T19:30:00,"{'bid': 593.05, 'ask': 593.17}","{'bid': 593.07, 'ask': 593.19}","{'bid': 593.66, 'ask': 593.78}","{'bid': 593.01, 'ask': 593.13}",1601,593.05,593.66,593.01,593.07
2025-01-15 19:45:00,2025-01-15T19:45:00,2025-01-15T19:45:00,"{'bid': 593.08, 'ask': 593.2}","{'bid': 593.33, 'ask': 593.46}","{'bid': 593.46, 'ask': 593.59}","{'bid': 592.96, 'ask': 593.08}",1160,593.08,593.46,592.96,593.33
2025-01-15 20:00:00,2025-01-15T20:00:00,2025-01-15T20:00:00,"{'bid': 593.34, 'ask': 593.47}","{'bid': 593.65, 'ask': 593.77}","{'bid': 593.75, 'ask': 593.88}","{'bid': 593.25, 'ask': 593.37}",1332,593.34,593.75,593.25,593.65
2025-01-15 20:15:00,2025-01-15T20:15:00,2025-01-15T20:15:00,"{'bid': 593.64, 'ask': 593.77}","{'bid': 593.62, 'ask': 593.75}","{'bid': 593.88, 'ask': 594.0}","{'bid': 593.44, 'ask': 593.57}",1183,593.64,593.88,593.44,593.62
2025-01-15 20:30:00,2025-01-15T20:30:00,2025-01-15T20:30:00,"{'bid': 593.61, 'ask': 593.74}","{'bid': 593.34, 'ask': 593.47}","{'bid': 593.78, 'ask': 593.9}","{'bid': 593.03, 'ask': 593.15}",1822,593.61,593.78,593.03,593.34
2025-01-15 20:45:00,2025-01-15T20:45:00,2025-01-15T20:45:00,"{'bid': 593.34, 'ask': 593.46}","{'bid': 592.65, 'ask': 592.79}","{'bid': 593.62, 'ask': 593.74}","{'bid': 592.63, 'ask': 592.76}",3382,593.34,593.62,592.63,592.65
2025-01-15 21:00:00,2025-01-15T21:00:00,2025-01-15T21:00:00,"{'bid': 592.69, 'ask': 592.82}","{'bid': 592.45, 'ask': 592.6}","{'bid': 592.99, 'ask': 593.13}","{'bid': 592.45, 'ask': 592.57}",1158,592.69,592.99,592.45,592.45
2025-01-15 21:15:00,2025-01-15T21:15:00,2025-01-15T21:15:00,"{'bid': 592.48, 'ask': 592.62}","{'bid': 592.61, 'ask': 592.75}","{'bid': 592.73, 'ask': 592.87}","{'bid': 592.46, 'ask': 592.59}",387,592.48,592.73,592.46,592.61
2025-01-15 21:30:00,2025-01-15T21:30:00,2025-01-15T21:30:00,"{'bid': 592.62, 'ask': 592.75}","{'bid': 592.47, 'ask': 592.61}","{'bid': 592.62, 'ask': 592.77}","{'bid': 592.35, 'ask': 592.48}",275,592.62,592.62,592.35,592.47
2025-01-15 21:45:00,2025-01-15T21:45:00,2025-01-15T21:45:00,"{'bid': 592.47, 'ask': 592.6}","{'bid': 592.63, 'ask': 592.8}","{'bid': 592.66, 'ask': 592.8}","{'bid': 592.38, 'ask': 592.51}",181,592.47,592.66,592.38,592.63
2025-01-15 22:00:00,2025-01-15T22:00:00,2025-01-15T22:00:00,"{'bid': 592.6, 'ask': 592.8}","{'bid': 592.52, 'ask': 592.79}","{'bid': 592.66, 'ask': 592.8}","{'bid': 592.5, 'ask': 592.65}",63,592.6,592.66,592.5,592.52
2025-01-15 22:15:00,2025-01-15T22:15:00,2025-01-15T22:15:00,"{'bid': 592.51, 'ask': 592.69}","{'bid': 592.66, 'ask': 592.86}","{'bid': 592.68, 'ask': 592.86}","{'bid': 592.46, 'ask': 592.64}",45,592.51,592.68,592.46,592.66
2025-01-15 22:30:00,2025-01-15T22:30:00,2025-01-15T22:30:00,"{'bid': 592.65, 'ask': 592.82}","{'bid': 592.69, 'ask': 593.0}","{'bid': 592.7, 'ask': 593.0}","{'bid': 592.65, 'ask': 592.82}",13,592.65,592.7,592.65,592.69
2025-01-15 22:45:00,2025-01-15T22:45:00,2025-01-15T22:45:00,"{'bid': 592.68, 'ask': 593.0}","{'bid': 592.82, 'ask': 592.97}","{'bid': 592.87, 'ask': 594.28}","{'bid': 592.68, 'ask': 592.97}",53,592.68,592.87,592.68,592.82
2025-01-15 23:00:00,2025-01-15T23:00:00,2025-01-15T23:00:00,"{'bid': 592.82, 'ask': 593.05}","{'bid': 592.9, 'ask': 593.05}","{'bid': 593.02, 'ask': 593.45}","{'bid': 592.46, 'ask': 592.65}",306,592.82,593.02,592.46,592.9
2025-01-15 23:15:00,2025-01-15T23:15:00,2025-01-15T23:15:00,"{'bid': 592.84, 'ask': 593.03}","{'bid': 593.08, 'ask': 593.25}","{'bid': 593.11, 'ask': 593.45}","{'bid': 592.8, 'ask': 592.99}",138,592.84,593.11,592.8,593.08
2025-01-15 23:30:00,2025-01-15T23:30:00,2025-01-15T23:30:00,"{'bid': 593.09, 'ask': 593.25}","{'bid': 593.27, 'ask': 593.45}","{'bid': 593.3, 'ask': 593.8}","{'bid': 593.08, 'ask': 593.25}",224,593.09,593.3,593.08,593.27
2025-01-15 23:45:00,2025-01-15T23:45:00,2025-01-15T23:45:00,"{'bid': 593.26, 'ask': 593.44}","{'bid': 593.19, 'ask': 593.37}","{'bid': 593.26, 'ask': 593.65}","{'bid': 593.08, 'ask': 593.21}",143,593.26,593.26,593.08,593.19
2025-01-16 00:00:00,2025-01-16T00:00:00,2025-01-16T00:00:00,"{'bid': 593.19, 'ask': 593.38}","{'bid': 593.37, 'ask': 593.55}","{'bid': 593.38, 'ask': 593.57}","{'bid': 592.95, 'ask': 593.29}",247,593.19,593.38,592.95,593.37
2025-01-16 00:15:00,2025-01-16T00:15:00,2025-01-16T00:15:00,"{'bid': 593.38, 'ask': 593.55}","{'bid': 593.68, 'ask': 593.87}","{'bid': 593.97, 'ask': 594.28}","{'bid': 593.38, 'ask': 593.54}",226,593.38,593.97,593.38,593.68
2025-01-16 00:30:00,2025-01-16T00:30:00,2025-01-16T00:30:00,"{'bid': 593.69, 'ask': 593.87}","{'bid': 593.77, 'ask': 593.9}","{'bid': 593.77, 'ask': 593.96}","{'bid': 593.35, 'ask': 593.75}",217,593.69,593.77,593.35,593.77
2025-01-16 00:45:00,2025-01-16T00:45:00,2025-01-16T00:45:00,"{'bid': 593.77, 'ask': 594.25}","{'bid': 593.52, 'ask': 593.71}","{'bid': 593.77, 'ask': 594.25}","{'bid': 593.36, 'ask': 593.49}",274,593.77,593.77,593.36,593.52
2025-01-16 09:00:00,2025-01-16T09:00:00,2025-01-16T09:00:00,"{'bid': 594.69, 'ask': 594.85}","{'bid': 594.56, 'ask': 594.75}","{'bid': 594.92, 'ask': 595.25}","{'bid': 593.95, 'ask': 594.48}",1263,594.69,594.92,593.95,594.56
2025-01-16 09:15:00,2025-01-16T09:15:00,2025-01-16T09:15:00,"{'bid': 594.56, 'ask': 594.74}","{'bid': 594.16, 'ask': 594.34}","{'bid': 594.69, 'ask': 594.84}","{'bid': 593.95, 'ask': 594.31}",727,594.56,594.69,593.95,594.16
2025-01-16 09:30:00,2025-01-16T09:30:00,2025-01-16T09:30:00,"{'bid': 594.17, 'ask': 594.34}","{'bid': 593.72, 'ask': 593.9}","{'bid': 594.2, 'ask': 594.44}","{'bid': 593.35, 'ask': 593.75}",693,594.17,594.2,593.35,593.72
2025-01-16 09:45:00,2025-01-16T09:45:00,2025-01-16T09:45:00,"{'bid': 593.72, 'ask': 593.91}","{'bid': 594.05, 'ask': 594.23}","{'bid': 594.23, 'ask': 594.65}","{'bid': 593.72, 'ask': 593.9}",399,593.72,594.23,593.72,594.05
2025-01-16 10:00:00,2025-01-16T10:00:00,2025-01-16T10:00:00,"{'bid': 594.05, 'ask': 594.22}","{'bid': 593.96, 'ask': 594.15}","{'bid': 594.05, 'ask': 594.25}","{'bid': 593.15, 'ask': 593.6}",480,594.05,594.05,593.15,593.96
2025-01-16 10:15:00,2025-01-16T10:15:00,2025-01-16T10:15:00,"{'bid': 593.97, 'ask': 594.18}","{'bid': 594.71, 'ask': 594.88}","{'bid': 594.76, 'ask': 594.94}","{'bid': 593.55, 'ask': 594.0}",546,593.97,594.76,593.55,594.71
2025-01-16 10:30:00,2025-01-16T10:30:00,2025-01-16T10:30:00,"{'bid': 594.72, 'ask': 594.87}","{'bid': 594.52, 'ask': 594.7}","{'bid': 594.86, 'ask': 595.04}","{'bid': 594.16, 'ask': 594.63}",405,594.72,594.86,594.16,594.52
2025-01-16 10:45:00,2025-01-16T10:45:00,2025-01-16T10:45:00,"{'bid': 594.54, 'ask': 594.75}","{'bid': 594.54, 'ask': 594.72}","{'bid': 594.86, 'ask': 595.04}","{'bid': 594.16, 'ask': 594.69}",573,594.54,594.86,594.16,594.54
2025-01-16 11:00:00,2025-01-16T11:00:00,2025-01-16T11:00:00,"{'bid': 594.59, 'ask': 595.04}","{'bid': 594.42, 'ask': 594.62}","{'bid': 594.64, 'ask': 595.04}","{'bid': 593.96, 'ask': 594.45}",566,594.59,594.64,593.96,594.42
2025-01-16 11:15:00,2025-01-16T11:15:00,2025-01-16T11:15:00,"{'bid': 594.41, 'ask': 594.62}","{'bid': 594.36, 'ask': 594.57}","{'bid': 594.47, 'ask': 595.04}","{'bid': 593.95, 'ask': 594.3}",349,594.41,594.47,593.95,594.36
2025-01-16 11:30:00,2025-01-16T11:30:00,2025-01-16T11:30:00,"{'bid': 594.37, 'ask': 594.57}","{'bid': 594.1, 'ask': 594.28}","{'bid': 594.54, 'ask': 594.76}","{'bid': 593.75, 'ask': 594.23}",457,594.37,594.54,593.75,594.1
2025-01-16 11:45:00,2025-01-16T11:45:00,2025-01-16T11:45:00,"{'bid': 594.11, 'ask': 594.29}","{'bid': 594.53, 'ask': 594.7}","{'bid': 594.73, 'ask': 595.04}","{'bid': 594.09, 'ask': 594.28}",373,594.11,594.73,594.09,594.53
2025-01-16 12:00:00,2025-01-16T12:00:00,2025-01-16T12:00:00,"{'bid': 594.54, 'ask': 594.7}","{'bid': 593.82, 'ask': 594.03}","{'bid': 594.58, 'ask': 594.75}","{'bid': 593.35, 'ask': 593.8}",951,594.54,594.58,593.35,593.82
2025-01-16 12:15:00,2025-01-16T12:15:00,2025-01-16T12:15:00,"{'bid': 593.82, 'ask': 594.01}","{'bid': 593.62, 'ask': 593.77}","{'bid': 594.0, 'ask': 594.26}","{'bid': 593.28, 'ask': 593.53}",603,593.82,594.0,593.28,593.62
2025-01-16 12:30:00,2025-01-16T12:30:00,2025-01-16T12:30:00,"{'bid': 593.62, 'ask': 593.78}","{'bid': 593.61, 'ask': 593.77}","{'bid': 593.81, 'ask': 594.25}","{'bid': 593.15, 'ask': 593.61}",839,593.62,593.81,593.15,593.61
2025-01-16 12:45:00,2025-01-16T12:45:00,2025-01-16T12:45:00,"{'bid': 593.64, 'ask': 593.8}","{'bid': 592.97, 'ask': 593.11}","{'bid': 593.67, 'ask': 594.05}","{'bid': 592.62, 'ask': 592.95}",1105,593.64,593.67,592.62,592.97
2025-01-16 13:00:00,2025-01-16T13:00:00,2025-01-16T13:00:00,"{'bid': 592.97, 'ask': 593.1}","{'bid': 592.89, 'ask': 593.04}","{'bid': 592.99, 'ask': 593.28}","{'bid': 592.45, 'ask': 592.7}",1388,592.97,592.99,592.45,592.89
2025-01-16 13:15:00,2025-01-16T13:15:00,2025-01-16T13:15:00,"{'bid': 592.87, 'ask': 593.02}","{'bid': 592.93, 'ask': 593.36}","{'bid': 593.32, 'ask': 593.52}","{'bid': 592.65, 'ask': 592.79}",1285,592.87,593.32,592.65,592.93
2025-01-16 13:30:00,2025-01-16T13:30:00,2025-01-16T13:30:00,"{'bid': 592.93, 'ask': 593.52}","{'bid': 592.9, 'ask': 593.05}","{'bid': 593.59, 'ask': 594.26}","{'bid': 592.46, 'ask': 592.76}",2485,592.93,593.59,592.46,592.9
2025-01-16 13:45:00,2025-01-16T13:45:00,2025-01-16T13:45:00,"{'bid': 592.88, 'ask': 593.04}","{'bid': 593.56, 'ask': 593.71}","{'bid': 593.7, 'ask': 593.88}","{'bid': 592.88, 'ask': 593.02}",1524,592.88,593.7,592.88,593.56
2025-01-16 14:00:00,2025-01-16T14:00:00,2025-01-16T14:00:00,"{'bid': 593.56, 'ask': 593.68}","{'bid': 593.64, 'ask': 593.79}","{'bid': 593.71, 'ask': 593.89}","{'bid': 593.19, 'ask': 593.34}",1353,593.56,593.71,593.19,593.64
2025-01-16 14:15:00,2025-01-16T14:15:00,2025-01-16T14:15:00,"{'bid': 593.65, 'ask': 593.8}","{'bid': 594.1, 'ask': 594.26}","{'bid': 594.24, 'ask': 594.49}","{'bid': 593.35, 'ask': 593.7}",1215,593.65,594.24,593.35,594.1
2025-01-16 14:30:00,2025-01-16T14:30:00,2025-01-16T14:30:00,"{'bid': 594.11, 'ask': 594.27}","{'bid': 593.08, 'ask': 593.21}","{'bid': 594.2, 'ask': 594.32}","{'bid': 592.88, 'ask': 593.01}",5168,594.11,594.2,592.88,593.08
2025-01-16 14:45:00,2025-01-16T14:45:00,2025-01-16T14:45:00,"{'bid': 593.1, 'ask': 593.22}","{'bid': 592.12, 'ask': 592.25}","{'bid': 593.13, 'ask': 593.26}","{'bid': 592.0, 'ask': 592.13}",4731,593.1,593.13,592.0,592.12
2025-01-16 15:00:00,2025-01-16T15:00:00,2025-01-16T15:00:00,"{'bid': 592.1, 'ask': 592.23}","{'bid': 591.91, 'ask': 592.05}","{'bid': 593.14, 'ask': 593.26}","{'bid': 591.26, 'ask': 591.39}",6210,592.1,593.14,591.26,591.91
2025-01-16 15:15:00,2025-01-16T15:15:00,2025-01-16T15:15:00,"{'bid': 591.92, 'ask': 592.05}","{'bid': 592.2, 'ask': 592.32}","{'bid': 592.87, 'ask': 592.99}","{'bid': 591.79, 'ask': 591.92}",5548,591.92,592.87,591.79,592.2
2025-01-16 15:30:00,2025-01-16T15:30:00,2025-01-16T15:30:00,"{'bid': 592.22, 'ask': 592.35}","{'bid': 592.34, 'ask': 592.47}","{'bid': 593.01, 'ask': 593.14}","{'bid': 591.73, 'ask': 591.85}",4870,592.22,593.01,591.73,592.34
2025-01-16 15:45:00,2025-01-16T15:45:00,2025-01-16T15:45:00,"{'bid': 592.36, 'ask': 592.48}","{'bid': 593.39, 'ask': 593.51}","{'bid': 593.4, 'ask': 593.52}","{'bid': 591.84, 'ask': 591.97}",3985,592.36,593.4,591.84,593.39
2025-01-16 16:00:00,2025-01-16T16:00:00,2025-01-16T16:00:00,"{'bid': 593.37, 'ask': 593.5}","{'bid': 593.38, 'ask': 593.51}","{'bid': 594.3, 'ask': 594.43}","{'bid': 593.24, 'ask': 593.37}",3356,593.37,594.3,593.24,593.38
2025-01-16 16:15:00,2025-01-16T16:15:00,2025-01-16T16:15:00,"{'bid': 593.39, 'ask': 593.51}","{'bid': 593.27, 'ask': 593.39}","{'bid': 593.63, 'ask': 593.76}","{'bid': 592.48, 'ask': 592.6}",4567,593.39,593.63,592.48,593.27
2025-01-16 16:30:00,2025-01-16T16:30:00,2025-01-16T16:30:00,"{'bid': 593.28, 'ask': 593.41}","{'bid': 592.3, 'ask': 592.42}","{'bid': 593.47, 'ask': 593.59}","{'bid': 591.74, 'ask': 591.87}",4281,593.28,593.47,591.74,592.3
2025-01-16 16:45:00,2025-01-16T16:45:00,2025-01-16T16:45:00,"{'bid': 592.29, 'ask': 592.41}","{'bid': 593.44, 'ask': 593.56}","{'bid': 593.51, 'ask': 593.64}","{'bid': 592.24, 'ask': 592.36}",3340,592.29,593.51,592.24,593.44
2025-01-16 17:00:00,2025-01-16T17:00:00,2025-01-16T17:00:00,"{'bid': 593.42, 'ask': 593.55}","{'bid': 593.48, 'ask': 593.6}","{'bid': 593.63, 'ask': 593.75}","{'bid': 593.23, 'ask': 593.36}",2717,593.42,593.63,593.23,593.48
2025-01-16 17:15:00,2025-01-16T17:15:00,2025-01-16T17:15:00,"{'bid': 593.48, 'ask': 593.61}","{'bid': 593.69, 'ask': 593.81}","{'bid': 593.76, 'ask': 593.88}","{'bid': 592.72, 'ask': 592.85}",2934,593.48,593.76,592.72,593.69
2025-01-16 17:30:00,2025-01-16T17:30:00,2025-01-16T17:30:00,"{'bid': 593.71, 'ask': 593.84}","{'bid': 593.06, 'ask': 593.19}","{'bid': 593.73, 'ask': 593.85}","{'bid': 592.94, 'ask': 593.07}",2616,593.71,593.73,592.94,593.06
2025-01-16 17:45:00,2025-01-16T17:45:00,2025-01-16T17:45:00,"{'bid': 593.04, 'ask': 593.17}","{'bid': 592.9, 'ask': 593.03}","{'bid': 593.32, 'ask': 593.44}","{'bid': 592.75, 'ask': 592.88}",2116,593.04,593.32,592.75,592.9
2025-01-16 18:00:00,2025-01-16T18:00:00,2025-01-16T18:00:00,"{'bid': 592.91, 'ask': 593.03}","{'bid': 592.98, 'ask': 593.11}","{'bid': 593.47, 'ask': 593.6}","{'bid': 592.85, 'ask': 592.97}",1823,592.91,593.47,592.85,592.98
2025-01-16 18:15:00,2025-01-16T18:15:00,2025-01-16T18:15:00,"{'bid': 592.99, 'ask': 593.11}","{'bid': 592.19, 'ask': 592.31}","{'bid': 593.05, 'ask': 593.18}","{'bid': 592.06, 'ask': 592.18}",2237,592.99,593.05,592.06,592.19
2025-01-16 18:30:00,2025-01-16T18:30:00,2025-01-16T18:30:00,"{'bid': 592.18, 'ask': 592.3}","{'bid': 591.7, 'ask': 591.83}","{'bid': 592.35, 'ask': 592.47}","{'bid': 591.53, 'ask': 591.66}",3071,592.18,592.35,591.53,591.7
2025-01-16 18:45:00,2025-01-16T18:45:00,2025-01-16T18:45:00,"{'bid': 591.71, 'ask': 591.84}","{'bid': 591.33, 'ask': 591.45}","{'bid': 591.84, 'ask': 591.96}","{'bid': 590.87, 'ask': 591.0}",3678,591.71,591.84,590.87,591.33
2025-01-16 19:00:00,2025-01-16T19:00:00,2025-01-16T19:00:00,"{'bid': 591.32, 'ask': 591.45}","{'bid': 592.07, 'ask': 592.2}","{'bid': 592.31, 'ask': 592.43}","{'bid': 591.01, 'ask': 591.13}",2467,591.32,592.31,591.01,592.07
2025-01-16 19:15:00,2025-01-16T19:15:00,2025-01-16T19:15:00,"{'bid': 592.07, 'ask': 592.19}","{'bid': 592.4, 'ask': 592.53}","{'bid': 592.55, 'ask': 592.67}","{'bid': 591.5, 'ask': 591.63}",2214,592.07,592.55,591.5,592.4
2025-01-16 19:30:00,2025-01-16T19:30:00,2025-01-16T19:30:00,"{'bid': 592.41, 'ask': 592.54}","{'bid': 592.47, 'ask': 592.6}","{'bid': 592.76, 'ask': 592.88}","{'bid': 592.12, 'ask': 592.25}",1766,592.41,592.76,592.12,592.47
2025-01-16 19:45:00,2025-01-16T19:45:00,2025-01-16T19:45:00,"{'bid': 592.48, 'ask': 592.6}","{'bid': 592.87, 'ask': 592.99}","{'bid': 593.02, 'ask': 593.15}","{'bid': 592.15, 'ask': 592.28}",1758,592.48,593.02,592.15,592.87
2025-01-16 20:00:00,2025-01-16T20:00:00,2025-01-16T20:00:00,"{'bid': 592.86, 'ask': 592.99}","{'bid': 592.67, 'ask': 592.8}","{'bid': 593.26, 'ask': 593.39}","{'bid': 592.67, 'ask': 592.8}",1765,592.86,593.26,592.67,592.67
2025-01-16 20:15:00,2025-01-16T20:15:00,2025-01-16T20:15:00,"{'bid': 592.65, 'ask': 592.78}","{'bid': 592.23, 'ask': 592.36}","{'bid': 592.88, 'ask': 593.01}","{'bid': 591.87, 'ask': 592.0}",2952,592.65,592.88,591.87,592.23
2025-01-16 20:30:00,2025-01-16T20:30:00,2025-01-16T20:30:00,"{'bid': 592.22, 'ask': 592.35}","{'bid': 592.97, 'ask': 593.09}","{'bid': 593.07, 'ask': 593.2}","{'bid': 592.19, 'ask': 592.31}",2781,592.22,593.07,592.19,592.97
2025-01-16 20:45:00,2025-01-16T20:45:00,2025-01-16T20:45:00,"{'bid': 592.99, 'ask': 593.11}","{'bid': 591.63, 'ask': 591.76}","{'bid': 593.14, 'ask': 593.26}","{'bid': 591.42, 'ask': 591.54}",3906,592.99,593.14,591.42,591.63
2025-01-16 21:00:00,2025-01-16T21:00:00,2025-01-16T21:00:00,"{'bid': 591.61, 'ask': 591.74}","{'bid': 590.39, 'ask': 590.52}","{'bid': 591.67, 'ask': 591.81}","{'bid': 590.36, 'ask': 590.49}",1684,591.61,591.67,590.36,590.39
2025-01-16 21:15:00,2025-01-16T21:15:00,2025-01-16T21:15:00,"{'bid': 590.39, 'ask': 590.54}","{'bid': 590.6, 'ask': 590.75}","{'bid': 590.79, 'ask': 590.98}","{'bid': 590.22, 'ask': 590.36}",831,590.39,590.79,590.22,590.6
2025-01-16 21:30:00,2025-01-16T21:30:00,2025-01-16T21:30:00,"{'bid': 590.59, 'ask': 590.74}","{'bid': 590.8, 'ask': 590.95}","{'bid': 590.93, 'ask': 591.11}","{'bid': 590.59, 'ask': 590.73}",370,590.59,590.93,590.59,590.8
2025-01-16 21:45:00,2025-01-16T21:45:00,2025-01-16T21:45:00,"{'bid': 590.77, 'ask': 590.94}","{'bid': 590.94, 'ask': 591.11}","{'bid': 590.97, 'ask': 591.13}","{'bid': 590.55, 'ask': 590.88}",292,590.77,590.97,590.55,590.94
2025-01-16 22:00:00,2025-01-16T22:00:00,2025-01-16T22:00:00,"{'bid': 590.94, 'ask': 591.34}","{'bid': 590.91, 'ask': 591.03}","{'bid': 590.96, 'ask': 591.34}","{'bid': 590.91, 'ask': 591.03}",18,590.94,590.96,590.91,590.91
2025-01-16 22:15:00,2025-01-16T22:15:00,2025-01-16T22:15:00,"{'bid': 590.9, 'ask': 591.03}","{'bid': 590.89, 'ask': 591.05}","{'bid': 590.94, 'ask': 591.09}","{'bid': 590.89, 'ask': 591.03}",19,590.9,590.94,590.89,590.89
2025-01-16 22:30:00,2025-01-16T22:30:00,2025-01-16T22:30:00,"{'bid': 590.89, 'ask': 591.08}","{'bid': 590.91, 'ask': 591.12}","{'bid': 590.93, 'ask': 591.12}","{'bid': 590.89, 'ask': 591.02}",31,590.89,590.93,590.89,590.91
2025-01-16 22:45:00,2025-01-16T22:45:00,2025-01-16T22:45:00,"{'bid': 590.93, 'ask': 591.12}","{'bid': 590.7, 'ask': 591.09}","{'bid': 590.94, 'ask': 591.12}","{'bid': 590.7, 'ask': 591.04}",17,590.93,590.94,590.7,590.7
2025-01-16 23:00:00,2025-01-16T23:00:00,2025-01-16T23:00:00,"{'bid': 590.94, 'ask': 591.09}","{'bid': 591.06, 'ask': 591.34}","{'bid': 591.15, 'ask': 591.35}","{'bid': 590.55, 'ask': 590.96}",235,590.94,591.15,590.55,591.06
2025-01-16 23:15:00,2025-01-16T23:15:00,2025-01-16T23:15:00,"{'bid': 591.06, 'ask': 591.25}","{'bid': 591.2, 'ask': 591.34}","{'bid': 591.3, 'ask': 591.84}","{'bid': 590.8, 'ask': 591.24}",173,591.06,591.3,590.8,591.2
2025-01-16 23:30:00,2025-01-16T23:30:00,2025-01-16T23:30:00,"{'bid': 591.15, 'ask': 591.32}","{'bid': 591.26, 'ask': 591.45}","{'bid': 591.31, 'ask': 591.85}","{'bid': 591.14, 'ask': 591.32}",181,591.15,591.31,591.14,591.26
2025-01-16 23:45:00,2025-01-16T23:45:00,2025-01-16T23:45:00,"{'bid': 591.25, 'ask': 591.45}","{'bid': 591.39, 'ask': 591.54}","{'bid': 591.39, 'ask': 591.57}","{'bid': 590.95, 'ask': 591.33}",195,591.25,591.39,590.95,591.39
2025-01-17 00:00:00,2025-01-17T00:00:00,2025-01-17T00:00:00,"{'bid': 591.37, 'ask': 591.54}","{'bid': 591.31, 'ask': 591.52}","{'bid': 591.5, 'ask': 591.85}","{'bid': 590.96, 'ask': 591.45}",262,591.37,591.5,590.96,591.31
2025-01-17 00:15:00,2025-01-17T00:15:00,2025-01-17T00:15:00,"{'bid': 591.31, 'ask': 591.53}","{'bid': 591.35, 'ask': 591.53}","{'bid': 591.36, 'ask': 591.85}","{'bid': 591.14, 'ask': 591.35}",276,591.31,591.36,591.14,591.35
2025-01-17 00:30:00,2025-01-17T00:30:00,2025-01-17T00:30:00,"{'bid': 591.35, 'ask': 591.85}","{'bid': 591.48, 'ask': 591.65}","{'bid': 591.5, 'ask': 591.85}","{'bid': 591.31, 'ask': 591.53}",149,591.35,591.5,591.31,591.48
2025-01-17 00:45:00,2025-01-17T00:45:00,2025-01-17T00:45:00,"{'bid': 591.48, 'ask': 591.67}","{'bid': 591.46, 'ask': 591.64}","{'bid': 591.5, 'ask': 591.85}","{'bid': 591.3, 'ask': 591.47}",145,591.48,591.5,591.3,591.46
2025-01-17 09:00:00,2025-01-17T09:00:00,2025-01-17T09:00:00,"{'bid': 593.34, 'ask': 593.54}","{'bid': 593.83, 'ask': 594.03}","{'bid': 593.9, 'ask': 594.1}","{'bid': 592.95, 'ask': 593.37}",475,593.34,593.9,592.95,593.83
2025-01-17 09:15:00,2025-01-17T09:15:00,2025-01-17T09:15:00,"{'bid': 593.84, 'ask': 594.03}","{'bid': 594.02, 'ask': 594.18}","{'bid': 594.15, 'ask': 594.45}","{'bid': 593.55, 'ask': 593.98}",362,593.84,594.15,593.55,594.02
2025-01-17 09:30:00,2025-01-17T09:30:00,2025-01-17T09:30:00,"{'bid': 594.02, 'ask': 594.19}","{'bid': 593.74, 'ask': 593.92}","{'bid': 594.03, 'ask': 594.25}","{'bid': 593.35, 'ask': 593.89}",314,594.02,594.03,593.35,593.74
2025-01-17 09:45:00,2025-01-17T09:45:00,2025-01-17T09:45:00,"{'bid': 593.74, 'ask': 593.93}","{'bid': 593.76, 'ask': 593.94}","{'bid': 593.81, 'ask': 594.25}","{'bid': 593.36, 'ask': 593.82}",304,593.74,593.81,593.36,593.76
2025-01-17 10:00:00,2025-01-17T10:00:00,2025-01-17T10:00:00,"{'bid': 593.75, 'ask': 593.94}","{'bid': 593.86, 'ask': 594.05}","{'bid': 593.86, 'ask': 594.25}","{'bid': 593.16, 'ask': 593.66}",361,593.75,593.86,593.16,593.86
2025-01-17 10:15:00,2025-01-17T10:15:00,2025-01-17T10:15:00,"{'bid': 593.86, 'ask': 594.06}","{'bid': 593.73, 'ask': 593.95}","{'bid': 594.03, 'ask': 594.24}","{'bid': 593.71, 'ask': 593.93}",263,593.86,594.03,593.71,593.73
2025-01-17 10:30:00,2025-01-17T10:30:00,2025-01-17T10:30:00,"{'bid': 593.72, 'ask': 593.94}","{'bid': 593.7, 'ask': 593.93}","{'bid': 593.81, 'ask': 594.25}","{'bid': 593.35, 'ask': 593.76}",305,593.72,593.81,593.35,593.7
2025-01-17 10:45:00,2025-01-17T10:45:00,2025-01-17T10:45:00,"{'bid': 593.72, 'ask': 593.93}","{'bid': 593.71, 'ask': 593.91}","{'bid': 593.87, 'ask': 594.25}","{'bid': 593.15, 'ask': 593.67}",382,593.72,593.87,593.15,593.71
2025-01-17 11:00:00,2025-01-17T11:00:00,2025-01-17T11:00:00,"{'bid': 593.7, 'ask': 593.91}","{'bid': 593.79, 'ask': 594.01}","{'bid': 593.97, 'ask': 594.45}","{'bid': 593.55, 'ask': 593.91}",307,593.7,593.97,593.55,593.79
2025-01-17 11:15:00,2025-01-17T11:15:00,2025-01-17T11:15:00,"{'bid': 593.8, 'ask': 594.02}","{'bid': 594.01, 'ask': 594.17}","{'bid': 594.1, 'ask': 594.33}","{'bid': 593.8, 'ask': 594.02}",275,593.8,594.1,593.8,594.01
2025-01-17 11:30:00,2025-01-17T11:30:00,2025-01-17T11:30:00,"{'bid': 594.02, 'ask': 594.17}","{'bid': 594.13, 'ask': 594.32}","{'bid': 594.28, 'ask': 594.85}","{'bid': 594.01, 'ask': 594.17}",332,594.02,594.28,594.01,594.13
2025-01-17 11:45:00,2025-01-17T11:45:00,2025-01-17T11:45:00,"{'bid': 594.13, 'ask': 594.31}","{'bid': 593.65, 'ask': 593.82}","{'bid': 594.14, 'ask': 594.45}","{'bid': 593.35, 'ask': 593.69}",443,594.13,594.14,593.35,593.65
2025-01-17 12:00:00,2025-01-17T12:00:00,2025-01-17T12:00:00,"{'bid': 593.65, 'ask': 593.83}","{'bid': 593.88, 'ask': 594.05}","{'bid': 593.92, 'ask': 594.45}","{'bid': 592.95, 'ask': 593.35}",776,593.65,593.92,592.95,593.88
2025-01-17 12:15:00,2025-01-17T12:15:00,2025-01-17T12:15:00,"{'bid': 593.88, 'ask': 594.04}","{'bid': 593.98, 'ask': 594.13}","{'bid': 594.12, 'ask': 594.45}","{'bid': 593.55, 'ask': 593.8}",661,593.88,594.12,593.55,593.98
2025-01-17 12:30:00,2025-01-17T12:30:00,2025-01-17T12:30:00,"{'bid': 593.96, 'ask': 594.13}","{'bid': 593.83, 'ask': 594.01}","{'bid': 594.07, 'ask': 594.25}","{'bid': 593.15, 'ask': 593.71}",553,593.96,594.07,593.15,593.83
2025-01-17 12:45:00,2025-01-17T12:45:00,2025-01-17T12:45:00,"{'bid': 593.85, 'ask': 594.01}","{'bid': 593.92, 'ask': 594.08}","{'bid': 594.01, 'ask': 594.39}","{'bid': 593.58, 'ask': 593.83}",609,593.85,594.01,593.58,593.92
2025-01-17 13:00:00,2025-01-17T13:00:00,2025-01-17T13:00:00,"{'bid': 593.94, 'ask': 594.08}","{'bid': 594.98, 'ask': 595.12}","{'bid': 595.12, 'ask': 595.45}","{'bid': 593.85, 'ask': 594.05}",1221,593.94,595.12,593.85,594.98
2025-01-17 13:15:00,2025-01-17T13:15:00,2025-01-17T13:15:00,"{'bid': 594.98, 'ask': 595.13}","{'bid': 595.33, 'ask': 595.51}","{'bid': 595.56, 'ask': 595.77}","{'bid': 594.74, 'ask': 595.07}",1281,594.98,595.56,594.74,595.33
2025-01-17 13:30:00,2025-01-17T13:30:00,2025-01-17T13:30:00,"{'bid': 595.34, 'ask': 595.49}","{'bid': 595.97, 'ask': 596.1}","{'bid': 596.31, 'ask': 596.84}","{'bid': 595.33, 'ask': 595.49}",2014,595.34,596.31,595.33,595.97
2025-01-17 13:45:00,2025-01-17T13:45:00,2025-01-17T13:45:00,"{'bid': 595.97, 'ask': 596.12}","{'bid': 596.09, 'ask': 596.24}","{'bid': 596.16, 'ask': 596.37}","{'bid': 595.55, 'ask': 595.7}",1760,595.97,596.16,595.55,596.09
2025-01-17 14:00:00,2025-01-17T14:00:00,2025-01-17T14:00:00,"{'bid': 596.12, 'ask': 596.28}","{'bid': 596.87, 'ask': 597.01}","{'bid': 597.17, 'ask': 597.53}","{'bid': 595.95, 'ask': 596.21}",2259,596.12,597.17,595.95,596.87
2025-01-17 14:15:00,2025-01-17T14:15:00,2025-01-17T14:15:00,"{'bid': 596.91, 'ask': 597.06}","{'bid': 596.86, 'ask': 597.01}","{'bid': 597.65, 'ask': 597.92}","{'bid': 596.41, 'ask': 596.55}",3262,596.91,597.65,596.41,596.86
2025-01-17 14:30:00,2025-01-17T14:30:00,2025-01-17T14:30:00,"{'bid': 596.88, 'ask': 597.04}","{'bid': 596.05, 'ask': 596.2}","{'bid': 597.14, 'ask': 597.3}","{'bid': 595.54, 'ask': 595.67}",6675,596.88,597.14,595.54,596.05
2025-01-17 14:45:00,2025-01-17T14:45:00,2025-01-17T14:45:00,"{'bid': 596.08, 'ask': 596.21}","{'bid': 596.24, 'ask': 596.37}","{'bid': 597.18, 'ask': 597.31}","{'bid': 595.97, 'ask': 596.09}",4834,596.08,597.18,595.97,596.24
2025-01-17 15:00:00,2025-01-17T15:00:00,2025-01-17T15:00:00,"{'bid': 596.23, 'ask': 596.37}","{'bid': 597.08, 'ask': 597.21}","{'bid': 597.48, 'ask': 597.6}","{'bid': 596.21, 'ask': 596.34}",4492,596.23,597.48,596.21,597.08
2025-01-17 15:15:00,2025-01-17T15:15:00,2025-01-17T15:15:00,"{'bid': 597.07, 'ask': 597.19}","{'bid': 596.92, 'ask': 597.04}","{'bid': 597.28, 'ask': 597.41}","{'bid': 596.0, 'ask': 596.12}",4514,597.07,597.28,596.0,596.92
2025-01-17 15:30:00,2025-01-17T15:30:00,2025-01-17T15:30:00,"{'bid': 596.93, 'ask': 597.06}","{'bid': 597.35, 'ask': 597.48}","{'bid': 597.64, 'ask': 597.76}","{'bid': 596.72, 'ask': 596.85}",3020,596.93,597.64,596.72,597.35
2025-01-17 15:45:00,2025-01-17T15:45:00,2025-01-17T15:45:00,"{'bid': 597.36, 'ask': 597.49}","{'bid': 598.08, 'ask': 598.2}","{'bid': 598.1, 'ask': 598.23}","{'bid': 597.19, 'ask': 597.32}",2819,597.36,598.1,597.19,598.08
2025-01-17 16:00:00,2025-01-17T16:00:00,2025-01-17T16:00:00,"{'bid': 598.06, 'ask': 598.19}","{'bid': 598.13, 'ask': 598.25}","{'bid': 598.27, 'ask': 598.39}","{'bid': 597.65, 'ask': 597.78}",2544,598.06,598.27,597.65,598.13
2025-01-17 16:15:00,2025-01-17T16:15:00,2025-01-17T16:15:00,"{'bid': 598.13, 'ask': 598.26}","{'bid': 598.7, 'ask': 598.83}","{'bid': 599.03, 'ask': 599.15}","{'bid': 598.01, 'ask': 598.14}",1792,598.13,599.03,598.01,598.7
2025-01-17 16:30:00,2025-01-17T16:30:00,2025-01-17T16:30:00,"{'bid': 598.72, 'ask': 598.84}","{'bid': 598.61, 'ask': 598.74}","{'bid': 598.87, 'ask': 599.0}","{'bid': 598.04, 'ask': 598.17}",2154,598.72,598.87,598.04,598.61
2025-01-17 16:45:00,2025-01-17T16:45:00,2025-01-17T16:45:00,"{'bid': 598.62, 'ask': 598.74}","{'bid': 598.24, 'ask': 598.36}","{'bid': 598.72, 'ask': 598.85}","{'bid': 598.05, 'ask': 598.18}",1947,598.62,598.72,598.05,598.24
2025-01-17 17:00:00,2025-01-17T17:00:00,2025-01-17T17:00:00,"{'bid': 598.23, 'ask': 598.35}","{'bid': 598.54, 'ask': 598.67}","{'bid': 598.57, 'ask': 598.69}","{'bid': 597.75, 'ask': 597.87}",2236,598.23,598.57,597.75,598.54
2025-01-17 17:15:00,2025-01-17T17:15:00,2025-01-17T17:15:00,"{'bid': 598.54, 'ask': 598.66}","{'bid': 598.92, 'ask': 599.05}","{'bid': 598.98, 'ask': 599.1}","{'bid': 598.45, 'ask': 598.58}",999,598.54,598.98,598.45,598.92
2025-01-17 17:30:00,2025-01-17T17:30:00,2025-01-17T17:30:00,"{'bid': 598.93, 'ask': 599.05}","{'bid': 598.87, 'ask': 599.0}","{'bid': 599.04, 'ask': 599.16}","{'bid': 598.57, 'ask': 598.7}",1431,598.93,599.04,598.57,598.87
2025-01-17 17:45:00,2025-01-17T17:45:00,2025-01-17T17:45:00,"{'bid': 598.88, 'ask': 599.01}","{'bid': 598.82, 'ask': 598.94}","{'bid': 598.99, 'ask': 599.12}","{'bid': 598.48, 'ask': 598.6}",1415,598.88,598.99,598.48,598.82
2025-01-17 18:00:00,2025-01-17T18:00:00,2025-01-17T18:00:00,"{'bid': 598.82, 'ask': 598.95}","{'bid': 599.12, 'ask': 599.24}","{'bid': 599.23, 'ask': 599.36}","{'bid': 598.5, 'ask': 598.62}",1423,598.82,599.23,598.5,599.12
2025-01-17 18:15:00,2025-01-17T18:15:00,2025-01-17T18:15:00,"{'bid': 599.11, 'ask': 599.24}","{'bid': 598.97, 'ask': 599.1}","{'bid': 599.29, 'ask': 599.42}","{'bid': 598.94, 'ask': 599.07}",1238,599.11,599.29,598.94,598.97
2025-01-17 18:30:00,2025-01-17T18:30:00,2025-01-17T18:30:00,"{'bid': 598.96, 'ask': 599.08}","{'bid': 598.56, 'ask': 598.69}","{'bid': 599.05, 'ask': 599.18}","{'bid': 598.46, 'ask': 598.58}",1578,598.96,599.05,598.46,598.56
2025-01-17 18:45:00,2025-01-17T18:45:00,2025-01-17T18:45:00,"{'bid': 598.58, 'ask': 598.7}","{'bid': 598.51, 'ask': 598.64}","{'bid': 598.89, 'ask': 599.01}","{'bid': 598.11, 'ask': 598.24}",1960,598.58,598.89,598.11,598.51
2025-01-17 19:00:00,2025-01-17T19:00:00,2025-01-17T19:00:00,"{'bid': 598.52, 'ask': 598.65}","{'bid': 598.45, 'ask': 598.57}","{'bid': 598.64, 'ask': 598.77}","{'bid': 598.09, 'ask': 598.22}",1936,598.52,598.64,598.09,598.45
2025-01-17 19:15:00,2025-01-17T19:15:00,2025-01-17T19:15:00,"{'bid': 598.46, 'ask': 598.59}","{'bid': 598.4, 'ask': 598.52}","{'bid': 598.69, 'ask': 598.82}","{'bid': 598.01, 'ask': 598.14}",1651,598.46,598.69,598.01,598.4
2025-01-17 19:30:00,2025-01-17T19:30:00,2025-01-17T19:30:00,"{'bid': 598.41, 'ask': 598.53}","{'bid': 598.42, 'ask': 598.54}","{'bid': 598.65, 'ask': 598.77}","{'bid': 598.25, 'ask': 598.37}",1560,598.41,598.65,598.25,598.42
2025-01-17 19:45:00,2025-01-17T19:45:00,2025-01-17T19:45:00,"{'bid': 598.43, 'ask': 598.56}","{'bid': 598.16, 'ask': 598.29}","{'bid': 598.55, 'ask': 598.68}","{'bid': 597.96, 'ask': 598.08}",1475,598.43,598.55,597.96,598.16
2025-01-17 20:00:00,2025-01-17T20:00:00,2025-01-17T20:00:00,"{'bid': 598.17, 'ask': 598.29}","{'bid': 597.98, 'ask': 598.1}","{'bid': 598.28, 'ask': 598.4}","{'bid': 597.48, 'ask': 597.61}",2645,598.17,598.28,597.48,597.98
2025-01-17 20:15:00,2025-01-17T20:15:00,2025-01-17T20:15:00,"{'bid': 597.98, 'ask': 598.11}","{'bid': 598.03, 'ask': 598.16}","{'bid': 598.4, 'ask': 598.53}","{'bid': 597.91, 'ask': 598.04}",2010,597.98,598.4,597.91,598.03
2025-01-17 20:30:00,2025-01-17T20:30:00,2025-01-17T20:30:00,"{'bid': 598.03, 'ask': 598.15}","{'bid': 598.23, 'ask': 598.35}","{'bid': 598.52, 'ask': 598.64}","{'bid': 598.0, 'ask': 598.12}",2069,598.03,598.52,598.0,598.23
2025-01-17 20:45:00,2025-01-17T20:45:00,2025-01-17T20:45:00,"{'bid': 598.23, 'ask': 598.36}","{'bid': 597.52, 'ask': 597.65}","{'bid': 598.5, 'ask': 598.62}","{'bid': 597.3, 'ask': 597.42}",3573,598.23,598.5,597.3,597.52
2025-01-17 21:00:00,2025-01-17T21:00:00,2025-01-17T21:00:00,"{'bid': 597.55, 'ask': 597.68}","{'bid': 597.23, 'ask': 597.37}","{'bid': 597.55, 'ask': 597.7}","{'bid': 596.92, 'ask': 597.22}",1416,597.55,597.55,596.92,597.23
2025-01-17 21:15:00,2025-01-17T21:15:00,2025-01-17T21:15:00,"{'bid': 597.22, 'ask': 597.37}","{'bid': 597.3, 'ask': 597.43}","{'bid': 597.33, 'ask': 597.61}","{'bid': 597.11, 'ask': 597.25}",388,597.22,597.33,597.11,597.3
2025-01-17 21:30:00,2025-01-17T21:30:00,2025-01-17T21:30:00,"{'bid': 597.27, 'ask': 597.41}","{'bid': 597.35, 'ask': 597.49}","{'bid': 597.38, 'ask': 597.52}","{'bid': 597.17, 'ask': 597.3}",197,597.27,597.38,597.17,597.35
2025-01-17 21:45:00,2025-01-17T21:45:00,2025-01-17T21:45:00,"{'bid': 597.34, 'ask': 597.49}","{'bid': 597.16, 'ask': 597.61}","{'bid': 597.44, 'ask': 597.61}","{'bid': 597.16, 'ask': 597.39}",249,597.34,597.44,597.16,597.16
2025-01-21 09:00:00,2025-01-21T09:00:00,2025-01-21T09:00:00,"{'bid': 599.2, 'ask': 599.45}","{'bid': 599.82, 'ask': 600.03}","{'bid': 599.82, 'ask': 600.04}","{'bid': 598.86, 'ask': 599.27}",541,599.2,599.82,598.86,599.82
2025-01-21 09:15:00,2025-01-21T09:15:00,2025-01-21T09:15:00,"{'bid': 599.78, 'ask': 600.02}","{'bid': 599.66, 'ask': 599.86}","{'bid': 599.8, 'ask': 600.15}","{'bid': 599.26, 'ask': 599.47}",508,599.78,599.8,599.26,599.66
2025-01-21 09:30:00,2025-01-21T09:30:00,2025-01-21T09:30:00,"{'bid': 599.65, 'ask': 599.85}","{'bid': 599.67, 'ask': 599.88}","{'bid': 599.95, 'ask': 600.35}","{'bid': 599.35, 'ask': 599.82}",356,599.65,599.95,599.35,599.67
2025-01-21 09:45:00,2025-01-21T09:45:00,2025-01-21T09:45:00,"{'bid': 599.68, 'ask': 599.88}","{'bid': 600.25, 'ask': 600.42}","{'bid': 600.25, 'ask': 600.64}","{'bid': 599.45, 'ask': 599.88}",325,599.68,600.25,599.45,600.25
2025-01-21 10:00:00,2025-01-21T10:00:00,2025-01-21T10:00:00,"{'bid': 600.26, 'ask': 600.41}","{'bid': 600.28, 'ask': 600.46}","{'bid': 600.96, 'ask': 601.44}","{'bid': 600.25, 'ask': 600.41}",578,600.26,600.96,600.25,600.28
2025-01-21 10:15:00,2025-01-21T10:15:00,2025-01-21T10:15:00,"{'bid': 600.23, 'ask': 600.43}","{'bid': 600.64, 'ask': 600.84}","{'bid': 600.64, 'ask': 600.86}","{'bid': 599.97, 'ask': 600.33}",253,600.23,600.64,599.97,600.64
2025-01-21 10:30:00,2025-01-21T10:30:00,2025-01-21T10:30:00,"{'bid': 600.63, 'ask': 600.82}","{'bid': 600.38, 'ask': 600.56}","{'bid': 600.63, 'ask': 600.85}","{'bid': 600.26, 'ask': 600.49}",270,600.63,600.63,600.26,600.38
2025-01-21 10:45:00,2025-01-21T10:45:00,2025-01-21T10:45:00,"{'bid': 600.37, 'ask': 600.55}","{'bid': 599.84, 'ask': 600.01}","{'bid': 600.37, 'ask': 600.85}","{'bid': 599.74, 'ask': 599.93}",364,600.37,600.37,599.74,599.84
2025-01-21 11:00:00,2025-01-21T11:00:00,2025-01-21T11:00:00,"{'bid': 599.83, 'ask': 600.01}","{'bid': 600.17, 'ask': 600.36}","{'bid': 600.19, 'ask': 600.65}","{'bid': 599.74, 'ask': 599.94}",394,599.83,600.19,599.74,600.17
2025-01-21 11:15:00,2025-01-21T11:15:00,2025-01-21T11:15:00,"{'bid': 600.18, 'ask': 600.37}","{'bid': 599.52, 'ask': 599.7}","{'bid': 600.2, 'ask': 600.65}","{'bid': 599.15, 'ask': 599.54}",409,600.18,600.2,599.15,599.52
2025-01-21 11:30:00,2025-01-21T11:30:00,2025-01-21T11:30:00,"{'bid': 599.56, 'ask': 600.05}","{'bid': 599.7, 'ask': 599.92}","{'bid': 599.87, 'ask': 600.25}","{'bid': 599.12, 'ask': 599.32}",412,599.56,599.87,599.12,599.7
2025-01-21 11:45:00,2025-01-21T11:45:00,2025-01-21T11:45:00,"{'bid': 599.75, 'ask': 599.94}","{'bid': 599.38, 'ask': 599.58}","{'bid': 599.77, 'ask': 600.05}","{'bid': 599.29, 'ask': 599.5}",273,599.75,599.77,599.29,599.38
2025-01-21 12:00:00,2025-01-21T12:00:00,2025-01-21T12:00:00,"{'bid': 599.35, 'ask': 599.55}","{'bid': 599.41, 'ask': 599.61}","{'bid': 599.58, 'ask': 600.05}","{'bid': 598.75, 'ask': 598.95}",981,599.35,599.58,598.75,599.41
2025-01-21 12:15:00,2025-01-21T12:15:00,2025-01-21T12:15:00,"{'bid': 599.45, 'ask': 599.61}","{'bid': 600.02, 'ask': 600.21}","{'bid': 600.05, 'ask': 600.45}","{'bid': 599.35, 'ask': 599.61}",530,599.45,600.05,599.35,600.02
2025-01-21 12:30:00,2025-01-21T12:30:00,2025-01-21T12:30:00,"{'bid': 600.02, 'ask': 600.2}","{'bid': 599.77, 'ask': 599.99}","{'bid': 600.11, 'ask': 600.65}","{'bid': 599.55, 'ask': 599.91}",541,600.02,600.11,599.55,599.77
2025-01-21 12:45:00,2025-01-21T12:45:00,2025-01-21T12:45:00,"{'bid': 599.77, 'ask': 599.98}","{'bid': 599.89, 'ask': 600.04}","{'bid': 599.96, 'ask': 600.27}","{'bid': 599.45, 'ask': 599.72}",948,599.77,599.96,599.45,599.89
2025-01-21 13:00:00,2025-01-21T13:00:00,2025-01-21T13:00:00,"{'bid': 599.9, 'ask': 600.06}","{'bid': 599.88, 'ask': 600.03}","{'bid': 600.08, 'ask': 600.27}","{'bid': 599.67, 'ask': 599.84}",1207,599.9,600.08,599.67,599.88
2025-01-21 13:15:00,2025-01-21T13:15:00,2025-01-21T13:15:00,"{'bid': 599.86, 'ask': 600.02}","{'bid': 599.72, 'ask': 599.88}","{'bid': 600.13, 'ask': 600.27}","{'bid': 599.35, 'ask': 599.81}",962,599.86,600.13,599.35,599.72
2025-01-21 13:30:00,2025-01-21T13:30:00,2025-01-21T13:30:00,"{'bid': 599.73, 'ask': 599.89}","{'bid': 600.12, 'ask': 600.26}","{'bid': 600.16, 'ask': 600.32}","{'bid': 599.72, 'ask': 599.84}",888,599.73,600.16,599.72,600.12
2025-01-21 13:45:00,2025-01-21T13:45:00,2025-01-21T13:45:00,"{'bid': 600.12, 'ask': 600.27}","{'bid': 600.48, 'ask': 600.63}","{'bid': 600.62, 'ask': 600.85}","{'bid': 600.02, 'ask': 600.18}",889,600.12,600.62,600.02,600.48
2025-01-21 14:00:00,2025-01-21T14:00:00,2025-01-21T14:00:00,"{'bid': 600.48, 'ask': 600.62}","{'bid': 600.53, 'ask': 600.67}","{'bid': 600.77, 'ask': 600.92}","{'bid': 600.35, 'ask': 600.5}",977,600.48,600.77,600.35,600.53
2025-01-21 14:15:00,2025-01-21T14:15:00,2025-01-21T14:15:00,"{'bid': 600.52, 'ask': 600.67}","{'bid': 600.53, 'ask': 600.68}","{'bid': 600.63, 'ask': 600.79}","{'bid': 599.36, 'ask': 599.94}",1478,600.52,600.63,599.36,600.53
2025-01-21 14:30:00,2025-01-21T14:30:00,2025-01-21T14:30:00,"{'bid': 600.61, 'ask': 600.93}","{'bid': 600.12, 'ask': 600.25}","{'bid': 601.07, 'ask': 601.19}","{'bid': 599.55, 'ask': 599.67}",5229,600.61,601.07,599.55,600.12
2025-01-21 14:45:00,2025-01-21T14:45:00,2025-01-21T14:45:00,"{'bid': 600.11, 'ask': 600.24}","{'bid': 600.48, 'ask': 600.6}","{'bid': 601.41, 'ask': 601.53}","{'bid': 599.47, 'ask': 599.6}",5155,600.11,601.41,599.47,600.48
2025-01-21 15:00:00,2025-01-21T15:00:00,2025-01-21T15:00:00,"{'bid': 600.47, 'ask': 600.6}","{'bid': 598.87, 'ask': 599.0}","{'bid': 600.5, 'ask': 600.62}","{'bid': 598.61, 'ask': 598.74}",5456,600.47,600.5,598.61,598.87
2025-01-21 15:15:00,2025-01-21T15:15:00,2025-01-21T15:15:00,"{'bid': 598.89, 'ask': 599.02}","{'bid': 600.28, 'ask': 600.4}","{'bid': 600.34, 'ask': 600.47}","{'bid': 598.71, 'ask': 598.83}",4411,598.89,600.34,598.71,600.28
2025-01-21 15:30:00,2025-01-21T15:30:00,2025-01-21T15:30:00,"{'bid': 600.28, 'ask': 600.41}","{'bid': 600.31, 'ask': 600.44}","{'bid': 600.55, 'ask': 600.67}","{'bid': 599.65, 'ask': 599.77}",4117,600.28,600.55,599.65,600.31
2025-01-21 15:45:00,2025-01-21T15:45:00,2025-01-21T15:45:00,"{'bid': 600.3, 'ask': 600.43}","{'bid': 600.31, 'ask': 600.44}","{'bid': 600.5, 'ask': 600.63}","{'bid': 599.38, 'ask': 599.51}",3893,600.3,600.5,599.38,600.31
2025-01-21 16:00:00,2025-01-21T16:00:00,2025-01-21T16:00:00,"{'bid': 600.32, 'ask': 600.44}","{'bid': 600.76, 'ask': 600.88}","{'bid': 600.79, 'ask': 600.92}","{'bid': 599.78, 'ask': 599.91}",2864,600.32,600.79,599.78,600.76
2025-01-21 16:15:00,2025-01-21T16:15:00,2025-01-21T16:15:00,"{'bid': 600.75, 'ask': 600.87}","{'bid': 600.71, 'ask': 600.84}","{'bid': 600.89, 'ask': 601.01}","{'bid': 600.46, 'ask': 600.58}",2497,600.75,600.89,600.46,600.71
2025-01-21 16:30:00,2025-01-21T16:30:00,2025-01-21T16:30:00,"{'bid': 600.73, 'ask': 600.85}","{'bid': 600.25, 'ask': 600.38}","{'bid': 601.0, 'ask': 601.13}","{'bid': 600.18, 'ask': 600.31}",2971,600.73,601.0,600.18,600.25
2025-01-21 16:45:00,2025-01-21T16:45:00,2025-01-21T16:45:00,"{'bid': 600.26, 'ask': 600.39}","{'bid': 601.29, 'ask': 601.41}","{'bid': 601.4, 'ask': 601.52}","{'bid': 600.25, 'ask': 600.37}",2375,600.26,601.4,600.25,601.29
2025-01-21 17:00:00,2025-01-21T17:00:00,2025-01-21T17:00:00,"{'bid': 601.3, 'ask': 601.43}","{'bid': 601.21, 'ask': 601.34}","{'bid': 601.43, 'ask': 601.56}","{'bid': 600.97, 'ask': 601.1}",1702,601.3,601.43,600.97,601.21
2025-01-21 17:15:00,2025-01-21T17:15:00,2025-01-21T17:15:00,"{'bid': 601.21, 'ask': 601.33}","{'bid': 601.52, 'ask': 601.65}","{'bid': 601.72, 'ask': 601.84}","{'bid': 600.85, 'ask': 600.98}",1566,601.21,601.72,600.85,601.52
2025-01-21 17:30:00,2025-01-21T17:30:00,2025-01-21T17:30:00,"{'bid': 601.52, 'ask': 601.64}","{'bid': 601.9, 'ask': 602.02}","{'bid': 602.06, 'ask': 602.19}","{'bid': 601.48, 'ask': 601.6}",1297,601.52,602.06,601.48,601.9
2025-01-21 17:45:00,2025-01-21T17:45:00,2025-01-21T17:45:00,"{'bid': 601.88, 'ask': 602.01}","{'bid': 602.38, 'ask': 602.5}","{'bid': 602.43, 'ask': 602.55}","{'bid': 601.85, 'ask': 601.98}",1257,601.88,602.43,601.85,602.38
2025-01-21 18:00:00,2025-01-21T18:00:00,2025-01-21T18:00:00,"{'bid': 602.36, 'ask': 602.49}","{'bid': 602.44, 'ask': 602.56}","{'bid': 602.53, 'ask': 602.65}","{'bid': 602.01, 'ask': 602.14}",1393,602.36,602.53,602.01,602.44
2025-01-21 18:15:00,2025-01-21T18:15:00,2025-01-21T18:15:00,"{'bid': 602.43, 'ask': 602.56}","{'bid': 602.53, 'ask': 602.65}","{'bid': 602.81, 'ask': 602.94}","{'bid': 602.38, 'ask': 602.51}",1150,602.43,602.81,602.38,602.53
2025-01-21 18:30:00,2025-01-21T18:30:00,2025-01-21T18:30:00,"{'bid': 602.54, 'ask': 602.66}","{'bid': 602.39, 'ask': 602.51}","{'bid': 602.71, 'ask': 602.84}","{'bid': 602.16, 'ask': 602.29}",1218,602.54,602.71,602.16,602.39
2025-01-21 18:45:00,2025-01-21T18:45:00,2025-01-21T18:45:00,"{'bid': 602.39, 'ask': 602.52}","{'bid': 602.56, 'ask': 602.68}","{'bid': 602.62, 'ask': 602.74}","{'bid': 602.15, 'ask': 602.28}",1071,602.39,602.62,602.15,602.56
2025-01-21 19:00:00,2025-01-21T19:00:00,2025-01-21T19:00:00,"{'bid': 602.55, 'ask': 602.68}","{'bid': 602.49, 'ask': 602.62}","{'bid': 602.75, 'ask': 602.87}","{'bid': 602.35, 'ask': 602.48}",1161,602.55,602.75,602.35,602.49
2025-01-21 19:15:00,2025-01-21T19:15:00,2025-01-21T19:15:00,"{'bid': 602.49, 'ask': 602.61}","{'bid': 602.31, 'ask': 602.43}","{'bid': 602.51, 'ask': 602.63}","{'bid': 601.85, 'ask': 601.97}",1639,602.49,602.51,601.85,602.31
2025-01-21 19:30:00,2025-01-21T19:30:00,2025-01-21T19:30:00,"{'bid': 602.31, 'ask': 602.44}","{'bid': 601.83, 'ask': 601.96}","{'bid': 602.34, 'ask': 602.47}","{'bid': 601.64, 'ask': 601.76}",1661,602.31,602.34,601.64,601.83
2025-01-21 19:45:00,2025-01-21T19:45:00,2025-01-21T19:45:00,"{'bid': 601.82, 'ask': 601.94}","{'bid': 602.1, 'ask': 602.22}","{'bid': 602.13, 'ask': 602.26}","{'bid': 601.61, 'ask': 601.73}",1393,601.82,602.13,601.61,602.1
2025-01-21 20:00:00,2025-01-21T20:00:00,2025-01-21T20:00:00,"{'bid': 602.11, 'ask': 602.23}","{'bid': 602.17, 'ask': 602.29}","{'bid': 602.22, 'ask': 602.35}","{'bid': 601.9, 'ask': 602.03}",1140,602.11,602.22,601.9,602.17
2025-01-21 20:15:00,2025-01-21T20:15:00,2025-01-21T20:15:00,"{'bid': 602.17, 'ask': 602.3}","{'bid': 602.65, 'ask': 602.78}","{'bid': 602.7, 'ask': 602.82}","{'bid': 602.12, 'ask': 602.25}",1364,602.17,602.7,602.12,602.65
2025-01-21 20:30:00,2025-01-21T20:30:00,2025-01-21T20:30:00,"{'bid': 602.65, 'ask': 602.77}","{'bid': 602.51, 'ask': 602.63}","{'bid': 602.73, 'ask': 602.86}","{'bid': 602.09, 'ask': 602.21}",1694,602.65,602.73,602.09,602.51
2025-01-21 20:45:00,2025-01-21T20:45:00,2025-01-21T20:45:00,"{'bid': 602.5, 'ask': 602.63}","{'bid': 602.85, 'ask': 602.97}","{'bid': 602.91, 'ask': 603.03}","{'bid': 602.29, 'ask': 602.42}",2545,602.5,602.91,602.29,602.85
2025-01-21 21:00:00,2025-01-21T21:00:00,2025-01-21T21:00:00,"{'bid': 602.86, 'ask': 602.98}","{'bid': 603.01, 'ask': 603.13}","{'bid': 603.49, 'ask': 603.74}","{'bid': 602.35, 'ask': 602.95}",1380,602.86,603.49,602.35,603.01
2025-01-21 21:15:00,2025-01-21T21:15:00,2025-01-21T21:15:00,"{'bid': 603.0, 'ask': 603.13}","{'bid': 603.12, 'ask': 603.25}","{'bid': 603.17, 'ask': 603.39}","{'bid': 602.87, 'ask': 603.03}",397,603.0,603.17,602.87,603.12
2025-01-21 21:30:00,2025-01-21T21:30:00,2025-01-21T21:30:00,"{'bid': 603.1, 'ask': 603.25}","{'bid': 603.17, 'ask': 603.32}","{'bid': 603.18, 'ask': 603.33}","{'bid': 602.99, 'ask': 603.12}",200,603.1,603.18,602.99,603.17
2025-01-21 21:45:00,2025-01-21T21:45:00,2025-01-21T21:45:00,"{'bid': 603.16, 'ask': 603.31}","{'bid': 603.29, 'ask': 603.52}","{'bid': 603.3, 'ask': 603.52}","{'bid': 603.0, 'ask': 603.29}",196,603.16,603.3,603.0,603.29
2025-01-21 22:00:00,2025-01-21T22:00:00,2025-01-21T22:00:00,"{'bid': 603.31, 'ask': 603.52}","{'bid': 603.28, 'ask': 603.5}","{'bid': 603.36, 'ask': 603.58}","{'bid': 603.11, 'ask': 603.4}",45,603.31,603.36,603.11,603.28
2025-01-21 22:15:00,2025-01-21T22:15:00,2025-01-21T22:15:00,"{'bid': 603.29, 'ask': 603.5}","{'bid': 603.39, 'ask': 603.67}","{'bid': 603.43, 'ask': 603.74}","{'bid': 603.07, 'ask': 603.36}",63,603.29,603.43,603.07,603.39
2025-01-21 22:30:00,2025-01-21T22:30:00,2025-01-21T22:30:00,"{'bid': 603.39, 'ask': 603.74}","{'bid': 603.77, 'ask': 603.95}","{'bid': 603.77, 'ask': 603.95}","{'bid': 603.34, 'ask': 603.59}",115,603.39,603.77,603.34,603.77
2025-01-21 22:45:00,2025-01-21T22:45:00,2025-01-21T22:45:00,"{'bid': 603.72, 'ask': 603.95}","{'bid': 603.57, 'ask': 604.24}","{'bid': 603.98, 'ask': 604.56}","{'bid': 603.57, 'ask': 603.93}",157,603.72,603.98,603.57,603.57
2025-01-21 23:00:00,2025-01-21T23:00:00,2025-01-21T23:00:00,"{'bid': 603.6, 'ask': 604.04}","{'bid': 603.54, 'ask': 603.74}","{'bid': 604.02, 'ask': 604.56}","{'bid': 602.75, 'ask': 603.09}",1171,603.6,604.02,602.75,603.54
2025-01-21 23:15:00,2025-01-21T23:15:00,2025-01-21T23:15:00,"{'bid': 603.55, 'ask': 603.74}","{'bid': 603.19, 'ask': 603.38}","{'bid': 603.59, 'ask': 604.25}","{'bid': 602.75, 'ask': 603.37}",392,603.55,603.59,602.75,603.19
2025-01-21 23:30:00,2025-01-21T23:30:00,2025-01-21T23:30:00,"{'bid': 603.19, 'ask': 603.39}","{'bid': 603.39, 'ask': 603.58}","{'bid': 603.49, 'ask': 604.25}","{'bid': 602.76, 'ask': 603.37}",272,603.19,603.49,602.76,603.39
2025-01-21 23:45:00,2025-01-21T23:45:00,2025-01-21T23:45:00,"{'bid': 603.39, 'ask': 603.57}","{'bid': 603.78, 'ask': 603.95}","{'bid': 603.8, 'ask': 603.95}","{'bid': 603.15, 'ask': 603.56}",181,603.39,603.8,603.15,603.78
2025-01-22 00:00:00,2025-01-22T00:00:00,2025-01-22T00:00:00,"{'bid': 603.79, 'ask': 603.95}","{'bid': 603.73, 'ask': 603.95}","{'bid': 603.93, 'ask': 604.55}","{'bid': 603.15, 'ask': 603.88}",250,603.79,603.93,603.15,603.73
2025-01-22 00:15:00,2025-01-22T00:15:00,2025-01-22T00:15:00,"{'bid': 603.73, 'ask': 603.93}","{'bid': 603.85, 'ask': 604.03}","{'bid': 603.91, 'ask': 604.11}","{'bid': 603.68, 'ask': 603.86}",181,603.73,603.91,603.68,603.85
2025-01-22 00:30:00,2025-01-22T00:30:00,2025-01-22T00:30:00,"{'bid': 603.85, 'ask': 604.04}","{'bid': 604.0, 'ask': 604.19}","{'bid': 604.1, 'ask': 604.55}","{'bid': 603.85, 'ask': 604.03}",202,603.85,604.1,603.85,604.0
2025-01-22 00:45:00,2025-01-22T00:45:00,2025-01-22T00:45:00,"{'bid': 604.0, 'ask': 604.18}","{'bid': 604.3, 'ask': 604.43}","{'bid': 604.31, 'ask': 604.5}","{'bid': 603.94, 'ask': 604.18}",213,604.0,604.31,603.94,604.3
2025-01-22 09:00:00,2025-01-22T09:00:00,2025-01-22T09:00:00,"{'bid': 605.15, 'ask': 605.34}","{'bid': 605.46, 'ask': 605.66}","{'bid': 605.5, 'ask': 606.05}","{'bid': 604.55, 'ask': 605.27}",589,605.15,605.5,604.55,605.46
2025-01-22 09:15:00,2025-01-22T09:15:00,2025-01-22T09:15:00,"{'bid': 605.47, 'ask': 605.66}","{'bid': 605.58, 'ask': 606.25}","{'bid': 605.63, 'ask': 606.45}","{'bid': 604.75, 'ask': 605.43}",510,605.47,605.63,604.75,605.58
2025-01-22 09:30:00,2025-01-22T09:30:00,2025-01-22T09:30:00,"{'bid': 605.59, 'ask': 605.78}","{'bid': 605.29, 'ask': 605.51}","{'bid': 605.69, 'ask': 606.45}","{'bid': 604.75, 'ask': 605.46}",424,605.59,605.69,604.75,605.29
2025-01-22 09:45:00,2025-01-22T09:45:00,2025-01-22T09:45:00,"{'bid': 605.32, 'ask': 605.51}","{'bid': 605.27, 'ask': 605.49}","{'bid': 605.46, 'ask': 606.25}","{'bid': 604.75, 'ask': 605.39}",449,605.32,605.46,604.75,605.27
2025-01-22 10:00:00,2025-01-22T10:00:00,2025-01-22T10:00:00,"{'bid': 605.27, 'ask': 605.48}","{'bid': 605.07, 'ask': 605.26}","{'bid': 605.37, 'ask': 606.05}","{'bid': 604.55, 'ask': 605.21}",385,605.27,605.37,604.55,605.07
2025-01-22 10:15:00,2025-01-22T10:15:00,2025-01-22T10:15:00,"{'bid': 605.06, 'ask': 605.23}","{'bid': 605.22, 'ask': 605.39}","{'bid': 605.22, 'ask': 605.85}","{'bid': 604.95, 'ask': 605.16}",244,605.06,605.22,604.95,605.22
2025-01-22 10:30:00,2025-01-22T10:30:00,2025-01-22T10:30:00,"{'bid': 605.22, 'ask': 605.38}","{'bid': 605.3, 'ask': 605.5}","{'bid': 605.44, 'ask': 606.05}","{'bid': 604.75, 'ask': 605.37}",198,605.22,605.44,604.75,605.3
2025-01-22 10:45:00,2025-01-22T10:45:00,2025-01-22T10:45:00,"{'bid': 605.3, 'ask': 605.49}","{'bid': 605.36, 'ask': 605.54}","{'bid': 605.42, 'ask': 606.05}","{'bid': 604.75, 'ask': 605.39}",155,605.3,605.42,604.75,605.36
2025-01-22 11:00:00,2025-01-22T11:00:00,2025-01-22T11:00:00,"{'bid': 605.36, 'ask': 605.53}","{'bid': 605.66, 'ask': 605.82}","{'bid': 605.75, 'ask': 606.05}","{'bid': 605.26, 'ask': 605.44}",171,605.36,605.75,605.26,605.66
2025-01-22 11:15:00,2025-01-22T11:15:00,2025-01-22T11:15:00,"{'bid': 605.65, 'ask': 605.82}","{'bid': 605.5, 'ask': 605.64}","{'bid': 605.69, 'ask': 606.05}","{'bid': 604.95, 'ask': 605.61}",306,605.65,605.69,604.95,605.5
2025-01-22 11:30:00,2025-01-22T11:30:00,2025-01-22T11:30:00,"{'bid': 605.5, 'ask': 605.67}","{'bid': 605.26, 'ask': 605.43}","{'bid': 605.5, 'ask': 606.05}","{'bid': 604.55, 'ask': 605.36}",204,605.5,605.5,604.55,605.26
2025-01-22 11:45:00,2025-01-22T11:45:00,2025-01-22T11:45:00,"{'bid': 605.27, 'ask': 605.43}","{'bid': 605.23, 'ask': 605.41}","{'bid': 605.27, 'ask': 605.55}","{'bid': 604.55, 'ask': 605.26}",198,605.27,605.27,604.55,605.23
2025-01-22 12:00:00,2025-01-22T12:00:00,2025-01-22T12:00:00,"{'bid': 605.24, 'ask': 605.53}","{'bid': 605.64, 'ask': 605.79}","{'bid': 605.73, 'ask': 605.93}","{'bid': 604.75, 'ask': 605.32}",647,605.24,605.73,604.75,605.64
2025-01-22 12:15:00,2025-01-22T12:15:00,2025-01-22T12:15:00,"{'bid': 605.65, 'ask': 605.85}","{'bid': 605.47, 'ask': 605.6}","{'bid': 605.71, 'ask': 606.0}","{'bid': 605.36, 'ask': 605.55}",509,605.65,605.71,605.36,605.47
2025-01-22 12:30:00,2025-01-22T12:30:00,2025-01-22T12:30:00,"{'bid': 605.42, 'ask': 605.6}","{'bid': 605.57, 'ask': 605.76}","{'bid': 605.64, 'ask': 605.79}","{'bid': 604.95, 'ask': 605.54}",306,605.42,605.64,604.95,605.57
2025-01-22 12:45:00,2025-01-22T12:45:00,2025-01-22T12:45:00,"{'bid': 605.56, 'ask': 605.75}","{'bid': 605.53, 'ask': 605.65}","{'bid': 605.85, 'ask': 606.05}","{'bid': 605.46, 'ask': 605.65}",430,605.56,605.85,605.46,605.53
2025-01-22 13:00:00,2025-01-22T13:00:00,2025-01-22T13:00:00,"{'bid': 605.53, 'ask': 605.69}","{'bid': 605.83, 'ask': 605.99}","{'bid': 605.93, 'ask': 606.55}","{'bid': 605.52, 'ask': 605.64}",381,605.53,605.93,605.52,605.83
2025-01-22 13:15:00,2025-01-22T13:15:00,2025-01-22T13:15:00,"{'bid': 605.84, 'ask': 606.01}","{'bid': 605.97, 'ask': 606.15}","{'bid': 606.02, 'ask': 606.21}","{'bid': 605.8, 'ask': 605.96}",404,605.84,606.02,605.8,605.97
2025-01-22 13:30:00,2025-01-22T13:30:00,2025-01-22T13:30:00,"{'bid': 605.97, 'ask': 606.14}","{'bid': 606.07, 'ask': 606.22}","{'bid': 606.1, 'ask': 606.34}","{'bid': 605.8, 'ask': 605.98}",521,605.97,606.1,605.8,606.07
2025-01-22 13:45:00,2025-01-22T13:45:00,2025-01-22T13:45:00,"{'bid': 606.08, 'ask': 606.22}","{'bid': 606.08, 'ask': 606.21}","{'bid': 606.12, 'ask': 606.27}","{'bid': 605.96, 'ask': 606.12}",431,606.08,606.12,605.96,606.08
2025-01-22 14:00:00,2025-01-22T14:00:00,2025-01-22T14:00:00,"{'bid': 606.1, 'ask': 606.22}","{'bid': 605.64, 'ask': 605.77}","{'bid': 606.13, 'ask': 606.26}","{'bid': 605.62, 'ask': 605.77}",740,606.1,606.13,605.62,605.64
2025-01-22 14:15:00,2025-01-22T14:15:00,2025-01-22T14:15:00,"{'bid': 605.65, 'ask': 605.78}","{'bid': 605.85, 'ask': 605.99}","{'bid': 605.93, 'ask': 606.06}","{'bid': 605.56, 'ask': 605.72}",1071,605.65,605.93,605.56,605.85
2025-01-22 14:30:00,2025-01-22T14:30:00,2025-01-22T14:30:00,"{'bid': 605.82, 'ask': 605.99}","{'bid': 605.69, 'ask': 605.82}","{'bid': 605.99, 'ask': 606.13}","{'bid': 605.31, 'ask': 605.46}",4079,605.82,605.99,605.31,605.69
2025-01-22 14:45:00,2025-01-22T14:45:00,2025-01-22T14:45:00,"{'bid': 605.7, 'ask': 605.83}","{'bid': 606.44, 'ask': 606.56}","{'bid': 606.5, 'ask': 606.63}","{'bid': 605.58, 'ask': 605.7}",2750,605.7,606.5,605.58,606.44
2025-01-22 15:00:00,2025-01-22T15:00:00,2025-01-22T15:00:00,"{'bid': 606.46, 'ask': 606.58}","{'bid': 606.67, 'ask': 606.8}","{'bid': 606.85, 'ask': 606.97}","{'bid': 605.93, 'ask': 606.06}",2526,606.46,606.85,605.93,606.67
2025-01-22 15:15:00,2025-01-22T15:15:00,2025-01-22T15:15:00,"{'bid': 606.67, 'ask': 606.79}","{'bid': 606.64, 'ask': 606.77}","{'bid': 606.98, 'ask': 607.1}","{'bid': 606.52, 'ask': 606.64}",2041,606.67,606.98,606.52,606.64
2025-01-22 15:30:00,2025-01-22T15:30:00,2025-01-22T15:30:00,"{'bid': 606.66, 'ask': 606.78}","{'bid': 606.92, 'ask': 607.04}","{'bid': 607.01, 'ask': 607.13}","{'bid': 606.52, 'ask': 606.65}",1757,606.66,607.01,606.52,606.92
2025-01-22 15:45:00,2025-01-22T15:45:00,2025-01-22T15:45:00,"{'bid': 606.93, 'ask': 607.05}","{'bid': 606.49, 'ask': 606.61}","{'bid': 606.95, 'ask': 607.07}","{'bid': 606.42, 'ask': 606.55}",2104,606.93,606.95,606.42,606.49
2025-01-22 16:00:00,2025-01-22T16:00:00,2025-01-22T16:00:00,"{'bid': 606.5, 'ask': 606.63}","{'bid': 606.36, 'ask': 606.49}","{'bid': 606.74, 'ask': 606.87}","{'bid': 606.21, 'ask': 606.34}",2235,606.5,606.74,606.21,606.36
2025-01-22 16:15:00,2025-01-22T16:15:00,2025-01-22T16:15:00,"{'bid': 606.38, 'ask': 606.5}","{'bid': 607.17, 'ask': 607.29}","{'bid': 607.17, 'ask': 607.29}","{'bid': 606.36, 'ask': 606.49}",1398,606.38,607.17,606.36,607.17
2025-01-22 16:30:00,2025-01-22T16:30:00,2025-01-22T16:30:00,"{'bid': 607.17, 'ask': 607.3}","{'bid': 607.4, 'ask': 607.52}","{'bid': 607.64, 'ask': 607.76}","{'bid': 607.13, 'ask': 607.26}",1104,607.17,607.64,607.13,607.4
2025-01-22 16:45:00,2025-01-22T16:45:00,2025-01-22T16:45:00,"{'bid': 607.39, 'ask': 607.52}","{'bid': 607.59, 'ask': 607.71}","{'bid': 607.71, 'ask': 607.84}","{'bid': 607.2, 'ask': 607.33}",1160,607.39,607.71,607.2,607.59
2025-01-22 17:00:00,2025-01-22T17:00:00,2025-01-22T17:00:00,"{'bid': 607.58, 'ask': 607.71}","{'bid': 607.24, 'ask': 607.37}","{'bid': 607.76, 'ask': 607.88}","{'bid': 607.24, 'ask': 607.37}",1051,607.58,607.76,607.24,607.24
2025-01-22 17:15:00,2025-01-22T17:15:00,2025-01-22T17:15:00,"{'bid': 607.25, 'ask': 607.37}","{'bid': 607.49, 'ask': 607.61}","{'bid': 607.62, 'ask': 607.74}","{'bid': 607.25, 'ask': 607.37}",1328,607.25,607.62,607.25,607.49
2025-01-22 17:30:00,2025-01-22T17:30:00,2025-01-22T17:30:00,"{'bid': 607.48, 'ask': 607.61}","{'bid': 607.32, 'ask': 607.44}","{'bid': 607.63, 'ask': 607.75}","{'bid': 607.28, 'ask': 607.4}",1124,607.48,607.63,607.28,607.32
2025-01-22 17:45:00,2025-01-22T17:45:00,2025-01-22T17:45:00,"{'bid': 607.32, 'ask': 607.45}","{'bid': 607.25, 'ask': 607.37}","{'bid': 607.51, 'ask': 607.63}","{'bid': 607.24, 'ask': 607.37}",1107,607.32,607.51,607.24,607.25
2025-01-22 18:00:00,2025-01-22T18:00:00,2025-01-22T18:00:00,"{'bid': 607.24, 'ask': 607.37}","{'bid': 607.18, 'ask': 607.31}","{'bid': 607.37, 'ask': 607.49}","{'bid': 607.1, 'ask': 607.22}",1283,607.24,607.37,607.1,607.18
2025-01-22 18:15:00,2025-01-22T18:15:00,2025-01-22T18:15:00,"{'bid': 607.2, 'ask': 607.32}","{'bid': 607.0, 'ask': 607.12}","{'bid': 607.34, 'ask': 607.46}","{'bid': 606.88, 'ask': 607.01}",1447,607.2,607.34,606.88,607.0
2025-01-22 18:30:00,2025-01-22T18:30:00,2025-01-22T18:30:00,"{'bid': 607.01, 'ask': 607.14}","{'bid': 607.43, 'ask': 607.56}","{'bid': 607.43, 'ask': 607.56}","{'bid': 606.94, 'ask': 607.07}",1046,607.01,607.43,606.94,607.43
2025-01-22 18:45:00,2025-01-22T18:45:00,2025-01-22T18:45:00,"{'bid': 607.45, 'ask': 607.57}","{'bid': 606.98, 'ask': 607.1}","{'bid': 607.56, 'ask': 607.69}","{'bid': 606.96, 'ask': 607.09}",1342,607.45,607.56,606.96,606.98
2025-01-22 19:00:00,2025-01-22T19:00:00,2025-01-22T19:00:00,"{'bid': 606.98, 'ask': 607.11}","{'bid': 607.03, 'ask': 607.15}","{'bid': 607.13, 'ask': 607.26}","{'bid': 606.78, 'ask': 606.91}",1668,606.98,607.13,606.78,607.03
2025-01-22 19:15:00,2025-01-22T19:15:00,2025-01-22T19:15:00,"{'bid': 607.03, 'ask': 607.16}","{'bid': 606.84, 'ask': 606.97}","{'bid': 607.28, 'ask': 607.41}","{'bid': 606.82, 'ask': 606.94}",1169,607.03,607.28,606.82,606.84
2025-01-22 19:30:00,2025-01-22T19:30:00,2025-01-22T19:30:00,"{'bid': 606.86, 'ask': 606.98}","{'bid': 607.15, 'ask': 607.27}","{'bid': 607.21, 'ask': 607.34}","{'bid': 606.72, 'ask': 606.85}",1063,606.86,607.21,606.72,607.15
2025-01-22 19:45:00,2025-01-22T19:45:00,2025-01-22T19:45:00,"{'bid': 607.15, 'ask': 607.28}","{'bid': 607.53, 'ask': 607.66}","{'bid': 607.55, 'ask': 607.68}","{'bid': 607.08, 'ask': 607.2}",998,607.15,607.55,607.08,607.53
2025-01-22 20:00:00,2025-01-22T20:00:00,2025-01-22T20:00:00,"{'bid': 607.54, 'ask': 607.66}","{'bid': 607.35, 'ask': 607.48}","{'bid': 607.55, 'ask': 607.68}","{'bid': 607.19, 'ask': 607.32}",1106,607.54,607.55,607.19,607.35
2025-01-22 20:15:00,2025-01-22T20:15:00,2025-01-22T20:15:00,"{'bid': 607.34, 'ask': 607.47}","{'bid': 607.05, 'ask': 607.17}","{'bid': 607.37, 'ask': 607.5}","{'bid': 607.04, 'ask': 607.16}",1077,607.34,607.37,607.04,607.05
2025-01-22 20:30:00,2025-01-22T20:30:00,2025-01-22T20:30:00,"{'bid': 607.06, 'ask': 607.18}","{'bid': 606.82, 'ask': 606.94}","{'bid': 607.28, 'ask': 607.41}","{'bid': 606.73, 'ask': 606.86}",1467,607.06,607.28,606.73,606.82
2025-01-22 20:45:00,2025-01-22T20:45:00,2025-01-22T20:45:00,"{'bid': 606.81, 'ask': 606.94}","{'bid': 606.28, 'ask': 606.41}","{'bid': 606.98, 'ask': 607.1}","{'bid': 606.17, 'ask': 606.3}",2865,606.81,606.98,606.17,606.28
2025-01-22 21:00:00,2025-01-22T21:00:00,2025-01-22T21:00:00,"{'bid': 606.27, 'ask': 606.39}","{'bid': 606.17, 'ask': 606.3}","{'bid': 606.44, 'ask': 606.57}","{'bid': 605.95, 'ask': 606.15}",1009,606.27,606.44,605.95,606.17
2025-01-22 21:15:00,2025-01-22T21:15:00,2025-01-22T21:15:00,"{'bid': 606.17, 'ask': 606.29}","{'bid': 605.88, 'ask': 606.01}","{'bid': 606.17, 'ask': 606.29}","{'bid': 605.81, 'ask': 605.93}",413,606.17,606.17,605.81,605.88
2025-01-22 21:30:00,2025-01-22T21:30:00,2025-01-22T21:30:00,"{'bid': 605.87, 'ask': 606.01}","{'bid': 605.9, 'ask': 606.05}","{'bid': 606.01, 'ask': 606.15}","{'bid': 605.82, 'ask': 605.97}",324,605.87,606.01,605.82,605.9
2025-01-22 21:45:00,2025-01-22T21:45:00,2025-01-22T21:45:00,"{'bid': 605.9, 'ask': 606.04}","{'bid': 606.15, 'ask': 606.39}","{'bid': 606.25, 'ask': 606.44}","{'bid': 605.86, 'ask': 605.99}",323,605.9,606.25,605.86,606.15
2025-01-22 22:00:00,2025-01-22T22:00:00,2025-01-22T22:00:00,"{'bid': 606.15, 'ask': 606.37}","{'bid': 606.2, 'ask': 606.32}","{'bid': 606.27, 'ask': 606.4}","{'bid': 606.15, 'ask': 606.31}",32,606.15,606.27,606.15,606.2
2025-01-22 22:15:00,2025-01-22T22:15:00,2025-01-22T22:15:00,"{'bid': 606.2, 'ask': 606.33}","{'bid': 606.15, 'ask': 606.29}","{'bid': 606.22, 'ask': 606.39}","{'bid': 606.15, 'ask': 606.27}",18,606.2,606.22,606.15,606.15
2025-01-22 22:30:00,2025-01-22T22:30:00,2025-01-22T22:30:00,"{'bid': 606.12, 'ask': 606.25}","{'bid': 606.13, 'ask': 606.28}","{'bid': 606.17, 'ask': 606.33}","{'bid': 606.09, 'ask': 606.25}",26,606.12,606.17,606.09,606.13
2025-01-22 22:45:00,2025-01-22T22:45:00,2025-01-22T22:45:00,"{'bid': 606.12, 'ask': 606.28}","{'bid': 606.22, 'ask': 606.39}","{'bid': 606.22, 'ask': 606.39}","{'bid': 606.12, 'ask': 606.28}",29,606.12,606.22,606.12,606.22
2025-01-22 23:00:00,2025-01-22T23:00:00,2025-01-22T23:00:00,"{'bid': 606.12, 'ask': 606.35}","{'bid': 605.9, 'ask': 606.03}","{'bid': 606.22, 'ask': 606.39}","{'bid': 605.79, 'ask': 605.95}",269,606.12,606.22,605.79,605.9
2025-01-22 23:15:00,2025-01-22T23:15:00,2025-01-22T23:15:00,"{'bid': 605.89, 'ask': 606.04}","{'bid': 605.87, 'ask': 606.07}","{'bid': 606.0, 'ask': 606.35}","{'bid': 605.79, 'ask': 606.0}",191,605.89,606.0,605.79,605.87
2025-01-22 23:30:00,2025-01-22T23:30:00,2025-01-22T23:30:00,"{'bid': 605.86, 'ask': 606.06}","{'bid': 605.93, 'ask': 606.13}","{'bid': 605.97, 'ask': 606.51}","{'bid': 605.75, 'ask': 605.92}",213,605.86,605.97,605.75,605.93
2025-01-22 23:45:00,2025-01-22T23:45:00,2025-01-22T23:45:00,"{'bid': 605.92, 'ask': 606.11}","{'bid': 605.82, 'ask': 605.99}","{'bid': 605.98, 'ask': 606.22}","{'bid': 605.8, 'ask': 605.99}",142,605.92,605.98,605.8,605.82
2025-01-23 00:00:00,2025-01-23T00:00:00,2025-01-23T00:00:00,"{'bid': 605.8, 'ask': 605.98}","{'bid': 605.94, 'ask': 606.12}","{'bid': 605.99, 'ask': 606.22}","{'bid': 605.75, 'ask': 605.94}",203,605.8,605.99,605.75,605.94
2025-01-23 00:15:00,2025-01-23T00:15:00,2025-01-23T00:15:00,"{'bid': 605.94, 'ask': 606.09}","{'bid': 605.73, 'ask': 605.9}","{'bid': 606.0, 'ask': 606.65}","{'bid': 605.61, 'ask': 605.82}",174,605.94,606.0,605.61,605.73
2025-01-23 00:30:00,2025-01-23T00:30:00,2025-01-23T00:30:00,"{'bid': 605.72, 'ask': 605.9}","{'bid': 605.68, 'ask': 605.87}","{'bid': 605.88, 'ask': 606.35}","{'bid': 605.61, 'ask': 605.87}",150,605.72,605.88,605.61,605.68
2025-01-23 00:45:00,2025-01-23T00:45:00,2025-01-23T00:45:00,"{'bid': 605.69, 'ask': 605.87}","{'bid': 605.81, 'ask': 605.98}","{'bid': 605.85, 'ask': 606.35}","{'bid': 605.61, 'ask': 605.79}",165,605.69,605.85,605.61,605.81
2025-01-23 09:00:00,2025-01-23T09:00:00,2025-01-23T09:00:00,"{'bid': 604.75, 'ask': 605.02}","{'bid': 604.68, 'ask': 604.85}","{'bid': 605.05, 'ask': 605.45}","{'bid': 604.45, 'ask': 604.8}",570,604.75,605.05,604.45,604.68
2025-01-23 09:15:00,2025-01-23T09:15:00,2025-01-23T09:15:00,"{'bid': 604.67, 'ask': 604.84}","{'bid': 604.71, 'ask': 604.86}","{'bid': 604.85, 'ask': 605.25}","{'bid': 604.45, 'ask': 604.65}",431,604.67,604.85,604.45,604.71
2025-01-23 09:30:00,2025-01-23T09:30:00,2025-01-23T09:30:00,"{'bid': 604.71, 'ask': 604.87}","{'bid': 605.01, 'ask': 605.18}","{'bid': 605.03, 'ask': 605.65}","{'bid': 604.64, 'ask': 604.85}",291,604.71,605.03,604.64,605.01
2025-01-23 09:45:00,2025-01-23T09:45:00,2025-01-23T09:45:00,"{'bid': 605.0, 'ask': 605.18}","{'bid': 605.19, 'ask': 605.36}","{'bid': 605.3, 'ask': 605.64}","{'bid': 604.89, 'ask': 605.16}",345,605.0,605.3,604.89,605.19
2025-01-23 10:00:00,2025-01-23T10:00:00,2025-01-23T10:00:00,"{'bid': 605.19, 'ask': 605.35}","{'bid': 605.39, 'ask': 605.54}","{'bid': 605.41, 'ask': 605.85}","{'bid': 604.9, 'ask': 605.23}",366,605.19,605.41,604.9,605.39
2025-01-23 10:15:00,2025-01-23T10:15:00,2025-01-23T10:15:00,"{'bid': 605.39, 'ask': 605.53}","{'bid': 605.48, 'ask': 605.63}","{'bid': 605.57, 'ask': 606.05}","{'bid': 604.89, 'ask': 605.34}",359,605.39,605.57,604.89,605.48
2025-01-23 10:30:00,2025-01-23T10:30:00,2025-01-23T10:30:00,"{'bid': 605.46, 'ask': 605.62}","{'bid': 605.3, 'ask': 605.44}","{'bid': 605.46, 'ask': 606.05}","{'bid': 605.22, 'ask': 605.41}",246,605.46,605.46,605.22,605.3
2025-01-23 10:45:00,2025-01-23T10:45:00,2025-01-23T10:45:00,"{'bid': 605.29, 'ask': 605.45}","{'bid': 605.02, 'ask': 605.18}","{'bid': 605.32, 'ask': 605.49}","{'bid': 604.89, 'ask': 605.14}",319,605.29,605.32,604.89,605.02
2025-01-23 11:00:00,2025-01-23T11:00:00,2025-01-23T11:00:00,"{'bid': 605.0, 'ask': 605.16}","{'bid': 605.16, 'ask': 605.37}","{'bid': 605.28, 'ask': 606.05}","{'bid': 604.89, 'ask': 605.09}",426,605.0,605.28,604.89,605.16
2025-01-23 11:15:00,2025-01-23T11:15:00,2025-01-23T11:15:00,"{'bid': 605.16, 'ask': 605.35}","{'bid': 605.32, 'ask': 605.48}","{'bid': 605.45, 'ask': 605.63}","{'bid': 604.89, 'ask': 605.33}",362,605.16,605.45,604.89,605.32
2025-01-23 11:30:00,2025-01-23T11:30:00,2025-01-23T11:30:00,"{'bid': 605.33, 'ask': 605.48}","{'bid': 605.51, 'ask': 605.69}","{'bid': 605.59, 'ask': 605.75}","{'bid': 604.95, 'ask': 605.46}",330,605.33,605.59,604.95,605.51
2025-01-23 11:45:00,2025-01-23T11:45:00,2025-01-23T11:45:00,"{'bid': 605.53, 'ask': 605.71}","{'bid': 605.56, 'ask': 605.72}","{'bid': 605.66, 'ask': 605.84}","{'bid': 605.45, 'ask': 605.62}",276,605.53,605.66,605.45,605.56
2025-01-23 12:00:00,2025-01-23T12:00:00,2025-01-23T12:00:00,"{'bid': 605.46, 'ask': 605.77}","{'bid': 605.26, 'ask': 605.4}","{'bid': 605.67, 'ask': 606.45}","{'bid': 604.89, 'ask': 605.29}",438,605.46,605.67,604.89,605.26
2025-01-23 12:15:00,2025-01-23T12:15:00,2025-01-23T12:15:00,"{'bid': 605.26, 'ask': 605.41}","{'bid': 605.57, 'ask': 605.73}","{'bid': 605.57, 'ask': 605.78}","{'bid': 605.11, 'ask': 605.27}",375,605.26,605.57,605.11,605.57
2025-01-23 12:30:00,2025-01-23T12:30:00,2025-01-23T12:30:00,"{'bid': 605.57, 'ask': 605.71}","{'bid': 605.61, 'ask': 605.76}","{'bid': 605.8, 'ask': 606.24}","{'bid': 605.46, 'ask': 605.63}",373,605.57,605.8,605.46,605.61
2025-01-23 12:45:00,2025-01-23T12:45:00,2025-01-23T12:45:00,"{'bid': 605.61, 'ask': 605.75}","{'bid': 605.83, 'ask': 605.99}","{'bid': 605.83, 'ask': 606.05}","{'bid': 605.49, 'ask': 605.63}",274,605.61,605.83,605.49,605.83
2025-01-23 13:00:00,2025-01-23T13:00:00,2025-01-23T13:00:00,"{'bid': 605.82, 'ask': 605.99}","{'bid': 605.37, 'ask': 605.51}","{'bid': 605.88, 'ask': 606.03}","{'bid': 605.17, 'ask': 605.49}",851,605.82,605.88,605.17,605.37
2025-01-23 13:15:00,2025-01-23T13:15:00,2025-01-23T13:15:00,"{'bid': 605.37, 'ask': 605.5}","{'bid': 605.44, 'ask': 605.84}","{'bid': 605.79, 'ask': 605.99}","{'bid': 605.28, 'ask': 605.47}",840,605.37,605.79,605.28,605.44
2025-01-23 13:30:00,2025-01-23T13:30:00,2025-01-23T13:30:00,"{'bid': 605.52, 'ask': 605.84}","{'bid': 605.68, 'ask': 605.82}","{'bid': 606.05, 'ask': 606.94}","{'bid': 605.32, 'ask': 605.51}",1304,605.52,606.05,605.32,605.68
2025-01-23 13:45:00,2025-01-23T13:45:00,2025-01-23T13:45:00,"{'bid': 605.68, 'ask': 605.83}","{'bid': 605.81, 'ask': 605.95}","{'bid': 605.92, 'ask': 606.05}","{'bid': 605.6, 'ask': 605.75}",579,605.68,605.92,605.6,605.81
2025-01-23 14:00:00,2025-01-23T14:00:00,2025-01-23T14:00:00,"{'bid': 605.84, 'ask': 606.02}","{'bid': 605.61, 'ask': 605.74}","{'bid': 605.93, 'ask': 606.07}","{'bid': 605.58, 'ask': 605.71}",548,605.84,605.93,605.58,605.61
2025-01-23 14:15:00,2025-01-23T14:15:00,2025-01-23T14:15:00,"{'bid': 605.61, 'ask': 605.73}","{'bid': 605.7, 'ask': 605.86}","{'bid': 605.91, 'ask': 606.45}","{'bid': 605.42, 'ask': 605.71}",963,605.61,605.91,605.42,605.7
2025-01-23 14:30:00,2025-01-23T14:30:00,2025-01-23T14:30:00,"{'bid': 605.69, 'ask': 605.85}","{'bid': 606.11, 'ask': 606.24}","{'bid': 606.22, 'ask': 606.34}","{'bid': 605.46, 'ask': 605.59}",3528,605.69,606.22,605.46,606.11
2025-01-23 14:45:00,2025-01-23T14:45:00,2025-01-23T14:45:00,"{'bid': 606.12, 'ask': 606.24}","{'bid': 606.18, 'ask': 606.3}","{'bid': 606.23, 'ask': 606.35}","{'bid': 605.89, 'ask': 606.01}",1931,606.12,606.23,605.89,606.18
2025-01-23 15:00:00,2025-01-23T15:00:00,2025-01-23T15:00:00,"{'bid': 606.17, 'ask': 606.3}","{'bid': 605.98, 'ask': 606.11}","{'bid': 606.18, 'ask': 606.3}","{'bid': 605.56, 'ask': 605.69}",2438,606.17,606.18,605.56,605.98
2025-01-23 15:15:00,2025-01-23T15:15:00,2025-01-23T15:15:00,"{'bid': 605.98, 'ask': 606.1}","{'bid': 605.67, 'ask': 605.79}","{'bid': 606.06, 'ask': 606.19}","{'bid': 605.61, 'ask': 605.74}",1861,605.98,606.06,605.61,605.67
2025-01-23 15:30:00,2025-01-23T15:30:00,2025-01-23T15:30:00,"{'bid': 605.66, 'ask': 605.79}","{'bid': 606.47, 'ask': 606.59}","{'bid': 606.48, 'ask': 606.6}","{'bid': 605.6, 'ask': 605.72}",1561,605.66,606.48,605.6,606.47
2025-01-23 15:45:00,2025-01-23T15:45:00,2025-01-23T15:45:00,"{'bid': 606.47, 'ask': 606.6}","{'bid': 606.82, 'ask': 606.95}","{'bid': 606.85, 'ask': 606.97}","{'bid': 606.42, 'ask': 606.55}",1342,606.47,606.85,606.42,606.82
2025-01-23 16:00:00,2025-01-23T16:00:00,2025-01-23T16:00:00,"{'bid': 606.83, 'ask': 606.96}","{'bid': 607.09, 'ask': 607.21}","{'bid': 607.24, 'ask': 607.37}","{'bid': 606.34, 'ask': 606.46}",2274,606.83,607.24,606.34,607.09
2025-01-23 16:15:00,2025-01-23T16:15:00,2025-01-23T16:15:00,"{'bid': 607.1, 'ask': 607.22}","{'bid': 607.45, 'ask': 607.58}","{'bid': 607.48, 'ask': 607.61}","{'bid': 606.81, 'ask': 606.93}",2253,607.1,607.48,606.81,607.45
2025-01-23 16:30:00,2025-01-23T16:30:00,2025-01-23T16:30:00,"{'bid': 607.44, 'ask': 607.56}","{'bid': 607.45, 'ask': 607.57}","{'bid': 607.55, 'ask': 607.67}","{'bid': 607.02, 'ask': 607.14}",1993,607.44,607.55,607.02,607.45
2025-01-23 16:45:00,2025-01-23T16:45:00,2025-01-23T16:45:00,"{'bid': 607.47, 'ask': 607.59}","{'bid': 607.18, 'ask': 607.31}","{'bid': 607.79, 'ask': 607.92}","{'bid': 607.08, 'ask': 607.21}",1743,607.47,607.79,607.08,607.18
2025-01-23 17:00:00,2025-01-23T17:00:00,2025-01-23T17:00:00,"{'bid': 607.19, 'ask': 607.31}","{'bid': 607.32, 'ask': 607.45}","{'bid': 607.33, 'ask': 607.46}","{'bid': 606.87, 'ask': 606.99}",1413,607.19,607.33,606.87,607.32
2025-01-23 17:15:00,2025-01-23T17:15:00,2025-01-23T17:15:00,"{'bid': 607.31, 'ask': 607.43}","{'bid': 607.12, 'ask': 607.25}","{'bid': 607.35, 'ask': 607.48}","{'bid': 607.04, 'ask': 607.17}",894,607.31,607.35,607.04,607.12
2025-01-23 17:30:00,2025-01-23T17:30:00,2025-01-23T17:30:00,"{'bid': 607.12, 'ask': 607.24}","{'bid': 607.14, 'ask': 607.26}","{'bid': 607.16, 'ask': 607.29}","{'bid': 606.84, 'ask': 606.97}",1177,607.12,607.16,606.84,607.14
2025-01-23 17:45:00,2025-01-23T17:45:00,2025-01-23T17:45:00,"{'bid': 607.13, 'ask': 607.26}","{'bid': 607.62, 'ask': 607.75}","{'bid': 607.63, 'ask': 607.75}","{'bid': 607.1, 'ask': 607.22}",863,607.13,607.63,607.1,607.62
2025-01-23 18:00:00,2025-01-23T18:00:00,2025-01-23T18:00:00,"{'bid': 607.62, 'ask': 607.74}","{'bid': 607.96, 'ask': 608.08}","{'bid': 608.03, 'ask': 608.15}","{'bid': 607.53, 'ask': 607.66}",832,607.62,608.03,607.53,607.96
2025-01-23 18:15:00,2025-01-23T18:15:00,2025-01-23T18:15:00,"{'bid': 607.96, 'ask': 608.09}","{'bid': 607.93, 'ask': 608.06}","{'bid': 608.23, 'ask': 608.36}","{'bid': 607.84, 'ask': 607.97}",998,607.96,608.23,607.84,607.93
2025-01-23 18:30:00,2025-01-23T18:30:00,2025-01-23T18:30:00,"{'bid': 607.95, 'ask': 608.07}","{'bid': 607.86, 'ask': 607.98}","{'bid': 608.18, 'ask': 608.3}","{'bid': 607.74, 'ask': 607.86}",982,607.95,608.18,607.74,607.86
2025-01-23 18:45:00,2025-01-23T18:45:00,2025-01-23T18:45:00,"{'bid': 607.87, 'ask': 607.99}","{'bid': 607.67, 'ask': 607.8}","{'bid': 607.94, 'ask': 608.07}","{'bid': 607.62, 'ask': 607.74}",1039,607.87,607.94,607.62,607.67
2025-01-23 19:00:00,2025-01-23T19:00:00,2025-01-23T19:00:00,"{'bid': 607.66, 'ask': 607.78}","{'bid': 607.32, 'ask': 607.44}","{'bid': 607.75, 'ask': 607.88}","{'bid': 607.26, 'ask': 607.38}",1261,607.66,607.75,607.26,607.32
2025-01-23 19:15:00,2025-01-23T19:15:00,2025-01-23T19:15:00,"{'bid': 607.32, 'ask': 607.45}","{'bid': 607.6, 'ask': 607.73}","{'bid': 607.75, 'ask': 607.87}","{'bid': 607.25, 'ask': 607.37}",1171,607.32,607.75,607.25,607.6
2025-01-23 19:30:00,2025-01-23T19:30:00,2025-01-23T19:30:00,"{'bid': 607.61, 'ask': 607.73}","{'bid': 607.74, 'ask': 607.87}","{'bid': 607.91, 'ask': 608.03}","{'bid': 607.6, 'ask': 607.73}",1031,607.61,607.91,607.6,607.74
2025-01-23 19:45:00,2025-01-23T19:45:00,2025-01-23T19:45:00,"{'bid': 607.75, 'ask': 607.88}","{'bid': 607.74, 'ask': 607.87}","{'bid': 607.94, 'ask': 608.06}","{'bid': 607.62, 'ask': 607.75}",1132,607.75,607.94,607.62,607.74
2025-01-23 20:00:00,2025-01-23T20:00:00,2025-01-23T20:00:00,"{'bid': 607.73, 'ask': 607.85}","{'bid': 607.99, 'ask': 608.11}","{'bid': 608.01, 'ask': 608.14}","{'bid': 607.56, 'ask': 607.68}",1265,607.73,608.01,607.56,607.99
2025-01-23 20:15:00,2025-01-23T20:15:00,2025-01-23T20:15:00,"{'bid': 607.98, 'ask': 608.1}","{'bid': 608.03, 'ask': 608.16}","{'bid': 608.2, 'ask': 608.33}","{'bid': 607.86, 'ask': 607.99}",1231,607.98,608.2,607.86,608.03
2025-01-23 20:30:00,2025-01-23T20:30:00,2025-01-23T20:30:00,"{'bid': 608.02, 'ask': 608.15}","{'bid': 607.72, 'ask': 607.85}","{'bid': 608.03, 'ask': 608.16}","{'bid': 607.62, 'ask': 607.75}",1557,608.02,608.03,607.62,607.72
2025-01-23 20:45:00,2025-01-23T20:45:00,2025-01-23T20:45:00,"{'bid': 607.71, 'ask': 607.84}","{'bid': 609.67, 'ask': 609.79}","{'bid': 609.67, 'ask': 609.8}","{'bid': 607.69, 'ask': 607.82}",2974,607.71,609.67,607.69,609.67
2025-01-23 21:00:00,2025-01-23T21:00:00,2025-01-23T21:00:00,"{'bid': 609.66, 'ask': 609.79}","{'bid': 609.24, 'ask': 609.37}","{'bid': 609.66, 'ask': 609.79}","{'bid': 609.18, 'ask': 609.34}",1018,609.66,609.66,609.18,609.24
2025-01-23 21:15:00,2025-01-23T21:15:00,2025-01-23T21:15:00,"{'bid': 609.25, 'ask': 609.37}","{'bid': 609.11, 'ask': 609.25}","{'bid': 609.25, 'ask': 609.58}","{'bid': 609.01, 'ask': 609.15}",278,609.25,609.25,609.01,609.11
2025-01-23 21:30:00,2025-01-23T21:30:00,2025-01-23T21:30:00,"{'bid': 609.11, 'ask': 609.24}","{'bid': 609.04, 'ask': 609.18}","{'bid': 609.12, 'ask': 609.25}","{'bid': 608.96, 'ask': 609.12}",187,609.11,609.12,608.96,609.04
2025-01-23 21:45:00,2025-01-23T21:45:00,2025-01-23T21:45:00,"{'bid': 609.04, 'ask': 609.17}","{'bid': 609.19, 'ask': 609.34}","{'bid': 609.28, 'ask': 609.42}","{'bid': 609.04, 'ask': 609.16}",145,609.04,609.28,609.04,609.19
2025-01-23 22:00:00,2025-01-23T22:00:00,2025-01-23T22:00:00,"{'bid': 609.16, 'ask': 609.34}","{'bid': 609.29, 'ask': 609.44}","{'bid': 609.33, 'ask': 609.85}","{'bid': 609.16, 'ask': 609.34}",41,609.16,609.33,609.16,609.29
2025-01-23 22:15:00,2025-01-23T22:15:00,2025-01-23T22:15:00,"{'bid': 609.22, 'ask': 609.44}","{'bid': 609.23, 'ask': 609.38}","{'bid': 609.26, 'ask': 609.44}","{'bid': 609.19, 'ask': 609.36}",17,609.22,609.26,609.19,609.23
2025-01-23 22:30:00,2025-01-23T22:30:00,2025-01-23T22:30:00,"{'bid': 609.24, 'ask': 609.38}","{'bid': 609.24, 'ask': 609.38}","{'bid': 609.24, 'ask': 609.38}","{'bid': 609.24, 'ask': 609.38}",1,609.24,609.24,609.24,609.24
2025-01-23 22:45:00,2025-01-23T22:45:00,2025-01-23T22:45:00,"{'bid': 609.24, 'ask': 609.41}","{'bid': 609.2, 'ask': 609.34}","{'bid': 609.27, 'ask': 609.41}","{'bid': 609.2, 'ask': 609.32}",18,609.24,609.27,609.2,609.2
2025-01-23 23:00:00,2025-01-23T23:00:00,2025-01-23T23:00:00,"{'bid': 609.15, 'ask': 609.34}","{'bid': 608.88, 'ask': 609.07}","{'bid': 609.15, 'ask': 609.41}","{'bid': 608.87, 'ask': 609.04}",365,609.15,609.15,608.87,608.88
2025-01-23 23:15:00,2025-01-23T23:15:00,2025-01-23T23:15:00,"{'bid': 608.88, 'ask': 609.08}","{'bid': 608.97, 'ask': 609.1}","{'bid': 608.98, 'ask': 609.2}","{'bid': 608.87, 'ask': 609.03}",101,608.88,608.98,608.87,608.97
2025-01-23 23:30:00,2025-01-23T23:30:00,2025-01-23T23:30:00,"{'bid': 608.97, 'ask': 609.11}","{'bid': 609.05, 'ask': 609.22}","{'bid': 609.08, 'ask': 609.34}","{'bid': 608.97, 'ask': 609.1}",57,608.97,609.08,608.97,609.05
2025-01-23 23:45:00,2025-01-23T23:45:00,2025-01-23T23:45:00,"{'bid': 609.06, 'ask': 609.22}","{'bid': 609.08, 'ask': 609.27}","{'bid': 609.15, 'ask': 609.31}","{'bid': 608.92, 'ask': 609.11}",114,609.06,609.15,608.92,609.08
2025-01-24 00:00:00,2025-01-24T00:00:00,2025-01-24T00:00:00,"{'bid': 609.1, 'ask': 609.27}","{'bid': 609.01, 'ask': 609.18}","{'bid': 609.14, 'ask': 609.3}","{'bid': 609.0, 'ask': 609.18}",115,609.1,609.14,609.0,609.01
2025-01-24 00:15:00,2025-01-24T00:15:00,2025-01-24T00:15:00,"{'bid': 609.01, 'ask': 609.19}","{'bid': 609.03, 'ask': 609.2}","{'bid': 609.11, 'ask': 609.3}","{'bid': 608.87, 'ask': 609.16}",105,609.01,609.11,608.87,609.03
2025-01-24 00:30:00,2025-01-24T00:30:00,2025-01-24T00:30:00,"{'bid': 609.03, 'ask': 609.21}","{'bid': 608.98, 'ask': 609.15}","{'bid': 609.06, 'ask': 609.24}","{'bid': 608.87, 'ask': 609.12}",88,609.03,609.06,608.87,608.98
2025-01-24 00:45:00,2025-01-24T00:45:00,2025-01-24T00:45:00,"{'bid': 608.98, 'ask': 609.14}","{'bid': 608.98, 'ask': 609.15}","{'bid': 609.01, 'ask': 609.41}","{'bid': 608.83, 'ask': 609.0}",263,608.98,609.01,608.83,608.98
2025-01-24 09:00:00,2025-01-24T09:00:00,2025-01-24T09:00:00,"{'bid': 608.98, 'ask': 609.21}","{'bid': 609.29, 'ask': 609.44}","{'bid': 609.31, 'ask': 609.85}","{'bid': 608.35, 'ask': 609.21}",422,608.98,609.31,608.35,609.29
2025-01-24 09:15:00,2025-01-24T09:15:00,2025-01-24T09:15:00,"{'bid': 609.3, 'ask': 609.45}","{'bid': 609.33, 'ask': 609.47}","{'bid': 609.52, 'ask': 610.05}","{'bid': 608.75, 'ask': 609.42}",381,609.3,609.52,608.75,609.33
2025-01-24 09:30:00,2025-01-24T09:30:00,2025-01-24T09:30:00,"{'bid': 609.34, 'ask': 609.49}","{'bid': 609.21, 'ask': 609.35}","{'bid': 609.5, 'ask': 609.8}","{'bid': 608.55, 'ask': 609.27}",374,609.34,609.5,608.55,609.21
2025-01-24 09:45:00,2025-01-24T09:45:00,2025-01-24T09:45:00,"{'bid': 609.17, 'ask': 609.4}","{'bid': 609.07, 'ask': 609.26}","{'bid': 609.23, 'ask': 609.8}","{'bid': 609.05, 'ask': 609.26}",253,609.17,609.23,609.05,609.07
2025-01-24 10:00:00,2025-01-24T10:00:00,2025-01-24T10:00:00,"{'bid': 609.07, 'ask': 609.27}","{'bid': 609.01, 'ask': 609.16}","{'bid': 609.15, 'ask': 609.33}","{'bid': 608.98, 'ask': 609.14}",145,609.07,609.15,608.98,609.01
2025-01-24 10:15:00,2025-01-24T10:15:00,2025-01-24T10:15:00,"{'bid': 608.99, 'ask': 609.13}","{'bid': 608.8, 'ask': 608.95}","{'bid': 608.99, 'ask': 609.65}","{'bid': 608.76, 'ask': 608.93}",315,608.99,608.99,608.76,608.8
2025-01-24 10:30:00,2025-01-24T10:30:00,2025-01-24T10:30:00,"{'bid': 608.81, 'ask': 608.97}","{'bid': 608.53, 'ask': 608.68}","{'bid': 608.89, 'ask': 609.65}","{'bid': 607.95, 'ask': 608.64}",440,608.81,608.89,607.95,608.53
2025-01-24 10:45:00,2025-01-24T10:45:00,2025-01-24T10:45:00,"{'bid': 608.54, 'ask': 608.69}","{'bid': 608.89, 'ask': 609.04}","{'bid': 608.95, 'ask': 609.65}","{'bid': 608.36, 'ask': 608.64}",395,608.54,608.95,608.36,608.89
2025-01-24 11:00:00,2025-01-24T11:00:00,2025-01-24T11:00:00,"{'bid': 608.9, 'ask': 609.05}","{'bid': 608.84, 'ask': 608.99}","{'bid': 608.97, 'ask': 609.65}","{'bid': 608.35, 'ask': 608.9}",387,608.9,608.97,608.35,608.84
2025-01-24 11:15:00,2025-01-24T11:15:00,2025-01-24T11:15:00,"{'bid': 608.79, 'ask': 608.98}","{'bid': 608.74, 'ask': 608.89}","{'bid': 608.95, 'ask': 609.1}","{'bid': 608.68, 'ask': 608.87}",211,608.79,608.95,608.68,608.74
2025-01-24 11:30:00,2025-01-24T11:30:00,2025-01-24T11:30:00,"{'bid': 608.75, 'ask': 608.9}","{'bid': 608.9, 'ask': 609.07}","{'bid': 608.96, 'ask': 609.44}","{'bid': 608.15, 'ask': 608.8}",290,608.75,608.96,608.15,608.9
2025-01-24 11:45:00,2025-01-24T11:45:00,2025-01-24T11:45:00,"{'bid': 608.91, 'ask': 609.07}","{'bid': 608.97, 'ask': 609.13}","{'bid': 609.04, 'ask': 609.17}","{'bid': 608.15, 'ask': 608.94}",285,608.91,609.04,608.15,608.97
2025-01-24 12:00:00,2025-01-24T12:00:00,2025-01-24T12:00:00,"{'bid': 608.96, 'ask': 609.13}","{'bid': 609.07, 'ask': 609.22}","{'bid': 609.18, 'ask': 609.65}","{'bid': 608.55, 'ask': 609.08}",363,608.96,609.18,608.55,609.07
2025-01-24 12:15:00,2025-01-24T12:15:00,2025-01-24T12:15:00,"{'bid': 609.07, 'ask': 609.21}","{'bid': 609.45, 'ask': 609.6}","{'bid': 609.48, 'ask': 609.66}","{'bid': 609.06, 'ask': 609.21}",285,609.07,609.48,609.06,609.45
2025-01-24 12:30:00,2025-01-24T12:30:00,2025-01-24T12:30:00,"{'bid': 609.43, 'ask': 609.58}","{'bid': 609.09, 'ask': 609.28}","{'bid': 609.45, 'ask': 609.62}","{'bid': 609.04, 'ask': 609.21}",278,609.43,609.45,609.04,609.09
2025-01-24 12:45:00,2025-01-24T12:45:00,2025-01-24T12:45:00,"{'bid': 609.08, 'ask': 609.28}","{'bid': 609.16, 'ask': 609.32}","{'bid': 609.19, 'ask': 609.75}","{'bid': 608.95, 'ask': 609.08}",399,609.08,609.19,608.95,609.16
2025-01-24 13:00:00,2025-01-24T13:00:00,2025-01-24T13:00:00,"{'bid': 609.16, 'ask': 609.31}","{'bid': 608.9, 'ask': 609.06}","{'bid': 609.18, 'ask': 609.33}","{'bid': 608.66, 'ask': 608.85}",525,609.16,609.18,608.66,608.9
2025-01-24 13:15:00,2025-01-24T13:15:00,2025-01-24T13:15:00,"{'bid': 608.9, 'ask': 609.04}","{'bid': 608.94, 'ask': 609.11}","{'bid': 609.1, 'ask': 609.26}","{'bid': 608.77, 'ask': 609.01}",518,608.9,609.1,608.77,608.94
2025-01-24 13:30:00,2025-01-24T13:30:00,2025-01-24T13:30:00,"{'bid': 608.94, 'ask': 609.1}","{'bid': 608.69, 'ask': 608.86}","{'bid': 609.0, 'ask': 609.15}","{'bid': 608.15, 'ask': 608.79}",492,608.94,609.0,608.15,608.69
2025-01-24 13:45:00,2025-01-24T13:45:00,2025-01-24T13:45:00,"{'bid': 608.69, 'ask': 608.85}","{'bid': 608.91, 'ask': 609.04}","{'bid': 608.92, 'ask': 609.07}","{'bid': 608.65, 'ask': 608.8}",372,608.69,608.92,608.65,608.91
2025-01-24 14:00:00,2025-01-24T14:00:00,2025-01-24T14:00:00,"{'bid': 608.89, 'ask': 609.04}","{'bid': 609.15, 'ask': 609.28}","{'bid': 609.4, 'ask': 609.56}","{'bid': 608.87, 'ask': 609.01}",1200,608.89,609.4,608.87,609.15
2025-01-24 14:15:00,2025-01-24T14:15:00,2025-01-24T14:15:00,"{'bid': 609.16, 'ask': 609.31}","{'bid': 609.74, 'ask': 609.87}","{'bid': 609.82, 'ask': 610.41}","{'bid': 609.16, 'ask': 609.29}",1138,609.16,609.82,609.16,609.74
2025-01-24 14:30:00,2025-01-24T14:30:00,2025-01-24T14:30:00,"{'bid': 609.72, 'ask': 609.87}","{'bid': 610.18, 'ask': 610.3}","{'bid': 610.31, 'ask': 610.44}","{'bid': 609.6, 'ask': 609.72}",3073,609.72,610.31,609.6,610.18
2025-01-24 14:45:00,2025-01-24T14:45:00,2025-01-24T14:45:00,"{'bid': 610.18, 'ask': 610.31}","{'bid': 610.25, 'ask': 610.38}","{'bid': 610.71, 'ask': 610.89}","{'bid': 609.96, 'ask': 610.09}",2759,610.18,610.71,609.96,610.25
2025-01-24 15:00:00,2025-01-24T15:00:00,2025-01-24T15:00:00,"{'bid': 610.26, 'ask': 610.4}","{'bid': 609.48, 'ask': 609.6}","{'bid': 610.47, 'ask': 610.6}","{'bid': 609.35, 'ask': 609.48}",3397,610.26,610.47,609.35,609.48
2025-01-24 15:15:00,2025-01-24T15:15:00,2025-01-24T15:15:00,"{'bid': 609.47, 'ask': 609.6}","{'bid': 609.28, 'ask': 609.4}","{'bid': 609.83, 'ask': 609.96}","{'bid': 609.18, 'ask': 609.31}",2841,609.47,609.83,609.18,609.28
2025-01-24 15:30:00,2025-01-24T15:30:00,2025-01-24T15:30:00,"{'bid': 609.29, 'ask': 609.42}","{'bid': 609.23, 'ask': 609.36}","{'bid': 609.58, 'ask': 609.71}","{'bid': 608.99, 'ask': 609.11}",2207,609.29,609.58,608.99,609.23
2025-01-24 15:45:00,2025-01-24T15:45:00,2025-01-24T15:45:00,"{'bid': 609.21, 'ask': 609.33}","{'bid': 609.12, 'ask': 609.25}","{'bid': 609.56, 'ask': 609.69}","{'bid': 609.12, 'ask': 609.24}",2050,609.21,609.56,609.12,609.12
2025-01-24 16:00:00,2025-01-24T16:00:00,2025-01-24T16:00:00,"{'bid': 609.11, 'ask': 609.23}","{'bid': 609.49, 'ask': 609.61}","{'bid': 609.65, 'ask': 609.78}","{'bid': 609.02, 'ask': 609.14}",1866,609.11,609.65,609.02,609.49
2025-01-24 16:15:00,2025-01-24T16:15:00,2025-01-24T16:15:00,"{'bid': 609.49, 'ask': 609.62}","{'bid': 609.81, 'ask': 609.94}","{'bid': 609.82, 'ask': 609.94}","{'bid': 609.35, 'ask': 609.48}",1347,609.49,609.82,609.35,609.81
2025-01-24 16:30:00,2025-01-24T16:30:00,2025-01-24T16:30:00,"{'bid': 609.82, 'ask': 609.94}","{'bid': 610.05, 'ask': 610.18}","{'bid': 610.07, 'ask': 610.2}","{'bid': 609.7, 'ask': 609.83}",976,609.82,610.07,609.7,610.05
2025-01-24 16:45:00,2025-01-24T16:45:00,2025-01-24T16:45:00,"{'bid': 610.05, 'ask': 610.17}","{'bid': 609.47, 'ask': 609.59}","{'bid': 610.26, 'ask': 610.39}","{'bid': 609.34, 'ask': 609.46}",1345,610.05,610.26,609.34,609.47
2025-01-24 17:00:00,2025-01-24T17:00:00,2025-01-24T17:00:00,"{'bid': 609.45, 'ask': 609.58}","{'bid': 609.39, 'ask': 609.52}","{'bid': 609.75, 'ask': 609.88}","{'bid': 609.23, 'ask': 609.36}",1791,609.45,609.75,609.23,609.39
2025-01-24 17:15:00,2025-01-24T17:15:00,2025-01-24T17:15:00,"{'bid': 609.4, 'ask': 609.52}","{'bid': 609.37, 'ask': 609.5}","{'bid': 609.98, 'ask': 610.1}","{'bid': 609.26, 'ask': 609.4}",1390,609.4,609.98,609.26,609.37
2025-01-24 17:30:00,2025-01-24T17:30:00,2025-01-24T17:30:00,"{'bid': 609.36, 'ask': 609.48}","{'bid': 609.32, 'ask': 609.44}","{'bid': 609.56, 'ask': 609.68}","{'bid': 609.25, 'ask': 609.38}",1706,609.36,609.56,609.25,609.32
2025-01-24 17:45:00,2025-01-24T17:45:00,2025-01-24T17:45:00,"{'bid': 609.31, 'ask': 609.44}","{'bid': 608.62, 'ask': 608.74}","{'bid': 609.46, 'ask': 609.59}","{'bid': 608.47, 'ask': 608.59}",1907,609.31,609.46,608.47,608.62
2025-01-24 18:00:00,2025-01-24T18:00:00,2025-01-24T18:00:00,"{'bid': 608.61, 'ask': 608.73}","{'bid': 608.45, 'ask': 608.58}","{'bid': 608.84, 'ask': 608.96}","{'bid': 608.01, 'ask': 608.13}",2270,608.61,608.84,608.01,608.45
2025-01-24 18:15:00,2025-01-24T18:15:00,2025-01-24T18:15:00,"{'bid': 608.47, 'ask': 608.59}","{'bid': 608.39, 'ask': 608.51}","{'bid': 608.64, 'ask': 608.77}","{'bid': 608.31, 'ask': 608.43}",2025,608.47,608.64,608.31,608.39
2025-01-24 18:30:00,2025-01-24T18:30:00,2025-01-24T18:30:00,"{'bid': 608.39, 'ask': 608.52}","{'bid': 608.1, 'ask': 608.22}","{'bid': 608.67, 'ask': 608.79}","{'bid': 608.07, 'ask': 608.19}",1631,608.39,608.67,608.07,608.1
2025-01-24 18:45:00,2025-01-24T18:45:00,2025-01-24T18:45:00,"{'bid': 608.09, 'ask': 608.22}","{'bid': 607.35, 'ask': 607.47}","{'bid': 608.31, 'ask': 608.43}","{'bid': 607.13, 'ask': 607.25}",2303,608.09,608.31,607.13,607.35
2025-01-24 19:00:00,2025-01-24T19:00:00,2025-01-24T19:00:00,"{'bid': 607.37, 'ask': 607.49}","{'bid': 607.09, 'ask': 607.21}","{'bid': 607.79, 'ask': 607.92}","{'bid': 606.87, 'ask': 606.99}",2635,607.37,607.79,606.87,607.09
2025-01-24 19:15:00,2025-01-24T19:15:00,2025-01-24T19:15:00,"{'bid': 607.09, 'ask': 607.22}","{'bid': 607.35, 'ask': 607.48}","{'bid': 607.73, 'ask': 607.86}","{'bid': 606.96, 'ask': 607.08}",2177,607.09,607.73,606.96,607.35
2025-01-24 19:30:00,2025-01-24T19:30:00,2025-01-24T19:30:00,"{'bid': 607.34, 'ask': 607.47}","{'bid': 607.39, 'ask': 607.52}","{'bid': 607.56, 'ask': 607.69}","{'bid': 607.25, 'ask': 607.37}",1684,607.34,607.56,607.25,607.39
2025-01-24 19:45:00,2025-01-24T19:45:00,2025-01-24T19:45:00,"{'bid': 607.4, 'ask': 607.52}","{'bid': 607.32, 'ask': 607.45}","{'bid': 607.85, 'ask': 607.98}","{'bid': 607.3, 'ask': 607.43}",1591,607.4,607.85,607.3,607.32
2025-01-24 20:00:00,2025-01-24T20:00:00,2025-01-24T20:00:00,"{'bid': 607.32, 'ask': 607.44}","{'bid': 607.54, 'ask': 607.67}","{'bid': 607.77, 'ask': 607.9}","{'bid': 607.2, 'ask': 607.32}",1722,607.32,607.77,607.2,607.54
2025-01-24 20:15:00,2025-01-24T20:15:00,2025-01-24T20:15:00,"{'bid': 607.53, 'ask': 607.66}","{'bid': 607.01, 'ask': 607.14}","{'bid': 607.57, 'ask': 607.7}","{'bid': 606.88, 'ask': 607.01}",1651,607.53,607.57,606.88,607.01
2025-01-24 20:30:00,2025-01-24T20:30:00,2025-01-24T20:30:00,"{'bid': 607.01, 'ask': 607.13}","{'bid': 607.05, 'ask': 607.18}","{'bid': 607.36, 'ask': 607.48}","{'bid': 606.75, 'ask': 606.87}",2084,607.01,607.36,606.75,607.05
2025-01-24 20:45:00,2025-01-24T20:45:00,2025-01-24T20:45:00,"{'bid': 607.03, 'ask': 607.16}","{'bid': 607.88, 'ask': 608.01}","{'bid': 608.08, 'ask': 608.21}","{'bid': 606.98, 'ask': 607.11}",3055,607.03,608.08,606.98,607.88
2025-01-24 21:00:00,2025-01-24T21:00:00,2025-01-24T21:00:00,"{'bid': 607.88, 'ask': 608.0}","{'bid': 607.53, 'ask': 607.66}","{'bid': 607.93, 'ask': 608.06}","{'bid': 607.32, 'ask': 607.46}",997,607.88,607.93,607.32,607.53
2025-01-24 21:15:00,2025-01-24T21:15:00,2025-01-24T21:15:00,"{'bid': 607.53, 'ask': 607.67}","{'bid': 607.51, 'ask': 607.65}","{'bid': 607.59, 'ask': 607.95}","{'bid': 607.41, 'ask': 607.55}",221,607.53,607.59,607.41,607.51
2025-01-24 21:30:00,2025-01-24T21:30:00,2025-01-24T21:30:00,"{'bid': 607.51, 'ask': 607.64}","{'bid': 607.62, 'ask': 607.74}","{'bid': 607.66, 'ask': 607.99}","{'bid': 607.41, 'ask': 607.54}",199,607.51,607.66,607.41,607.62
2025-01-24 21:45:00,2025-01-24T21:45:00,2025-01-24T21:45:00,"{'bid': 607.61, 'ask': 607.74}","{'bid': 607.77, 'ask': 607.9}","{'bid': 607.78, 'ask': 607.95}","{'bid': 607.41, 'ask': 607.72}",147,607.61,607.78,607.41,607.77
2025-01-27 09:00:00,2025-01-27T09:00:00,2025-01-27T09:00:00,"{'bid': 595.28, 'ask': 598.21}","{'bid': 595.92, 'ask': 596.08}","{'bid': 596.55, 'ask': 598.21}","{'bid': 595.26, 'ask': 595.74}",2401,595.28,596.55,595.26,595.92
2025-01-27 09:15:00,2025-01-27T09:15:00,2025-01-27T09:15:00,"{'bid': 595.91, 'ask': 596.07}","{'bid': 595.92, 'ask': 596.1}","{'bid': 596.55, 'ask': 596.85}","{'bid': 595.75, 'ask': 595.94}",1875,595.91,596.55,595.75,595.92
2025-01-27 09:30:00,2025-01-27T09:30:00,2025-01-27T09:30:00,"{'bid': 595.93, 'ask': 596.1}","{'bid': 596.35, 'ask': 596.48}","{'bid': 596.86, 'ask': 597.15}","{'bid': 595.8, 'ask': 595.95}",1784,595.93,596.86,595.8,596.35
2025-01-27 09:45:00,2025-01-27T09:45:00,2025-01-27T09:45:00,"{'bid': 596.35, 'ask': 596.5}","{'bid': 595.82, 'ask': 595.99}","{'bid': 596.42, 'ask': 596.6}","{'bid': 595.55, 'ask': 595.77}",1752,596.35,596.42,595.55,595.82
2025-01-27 10:00:00,2025-01-27T10:00:00,2025-01-27T10:00:00,"{'bid': 595.84, 'ask': 595.99}","{'bid': 594.46, 'ask': 594.61}","{'bid': 595.92, 'ask': 596.1}","{'bid': 594.16, 'ask': 594.57}",1904,595.84,595.92,594.16,594.46
2025-01-27 10:15:00,2025-01-27T10:15:00,2025-01-27T10:15:00,"{'bid': 594.5, 'ask': 594.65}","{'bid': 593.91, 'ask': 594.06}","{'bid': 594.53, 'ask': 594.85}","{'bid': 593.55, 'ask': 593.99}",2166,594.5,594.53,593.55,593.91
2025-01-27 10:30:00,2025-01-27T10:30:00,2025-01-27T10:30:00,"{'bid': 593.9, 'ask': 594.05}","{'bid': 593.01, 'ask': 593.18}","{'bid': 594.07, 'ask': 594.45}","{'bid': 592.95, 'ask': 593.09}",2350,593.9,594.07,592.95,593.01
2025-01-27 10:45:00,2025-01-27T10:45:00,2025-01-27T10:45:00,"{'bid': 593.02, 'ask': 593.18}","{'bid': 592.14, 'ask': 592.37}","{'bid': 593.15, 'ask': 593.55}","{'bid': 589.47, 'ask': 589.88}",4097,593.02,593.15,589.47,592.14
2025-01-27 11:00:00,2025-01-27T11:00:00,2025-01-27T11:00:00,"{'bid': 592.14, 'ask': 592.34}","{'bid': 593.67, 'ask': 593.89}","{'bid': 593.74, 'ask': 594.25}","{'bid': 591.55, 'ask': 592.15}",3383,592.14,593.74,591.55,593.67
2025-01-27 11:15:00,2025-01-27T11:15:00,2025-01-27T11:15:00,"{'bid': 593.71, 'ask': 593.89}","{'bid': 592.86, 'ask': 593.04}","{'bid': 594.03, 'ask': 594.45}","{'bid': 591.95, 'ask': 592.42}",3120,593.71,594.03,591.95,592.86
2025-01-27 11:30:00,2025-01-27T11:30:00,2025-01-27T11:30:00,"{'bid': 592.84, 'ask': 593.03}","{'bid': 593.7, 'ask': 593.93}","{'bid': 594.03, 'ask': 594.45}","{'bid': 592.35, 'ask': 592.8}",2553,592.84,594.03,592.35,593.7
2025-01-27 11:45:00,2025-01-27T11:45:00,2025-01-27T11:45:00,"{'bid': 593.69, 'ask': 593.92}","{'bid': 593.12, 'ask': 593.37}","{'bid': 593.94, 'ask': 594.35}","{'bid': 592.57, 'ask': 593.1}",2414,593.69,593.94,592.57,593.12
2025-01-27 12:00:00,2025-01-27T12:00:00,2025-01-27T12:00:00,"{'bid': 593.11, 'ask': 593.35}","{'bid': 594.38, 'ask': 594.57}","{'bid': 594.43, 'ask': 594.85}","{'bid': 592.75, 'ask': 593.25}",2311,593.11,594.43,592.75,594.38
2025-01-27 12:15:00,2025-01-27T12:15:00,2025-01-27T12:15:00,"{'bid': 594.35, 'ask': 594.57}","{'bid': 594.42, 'ask': 594.59}","{'bid': 594.74, 'ask': 595.05}","{'bid': 593.7, 'ask': 593.98}",1860,594.35,594.74,593.7,594.42
2025-01-27 12:30:00,2025-01-27T12:30:00,2025-01-27T12:30:00,"{'bid': 594.43, 'ask': 594.61}","{'bid': 595.24, 'ask': 595.42}","{'bid': 595.25, 'ask': 595.65}","{'bid': 593.95, 'ask': 594.38}",1504,594.43,595.25,593.95,595.24
2025-01-27 12:45:00,2025-01-27T12:45:00,2025-01-27T12:45:00,"{'bid': 595.26, 'ask': 595.43}","{'bid': 594.98, 'ask': 595.19}","{'bid': 595.6, 'ask': 596.05}","{'bid': 594.55, 'ask': 594.88}",1562,595.26,595.6,594.55,594.98
2025-01-27 13:00:00,2025-01-27T13:00:00,2025-01-27T13:00:00,"{'bid': 594.98, 'ask': 595.18}","{'bid': 595.49, 'ask': 595.73}","{'bid': 595.68, 'ask': 595.88}","{'bid': 594.31, 'ask': 594.47}",2388,594.98,595.68,594.31,595.49
2025-01-27 13:15:00,2025-01-27T13:15:00,2025-01-27T13:15:00,"{'bid': 595.49, 'ask': 595.72}","{'bid': 596.16, 'ask': 596.32}","{'bid': 596.35, 'ask': 596.85}","{'bid': 595.35, 'ask': 595.61}",1807,595.49,596.35,595.35,596.16
2025-01-27 13:30:00,2025-01-27T13:30:00,2025-01-27T13:30:00,"{'bid': 596.15, 'ask': 596.32}","{'bid': 595.45, 'ask': 595.61}","{'bid': 596.35, 'ask': 597.05}","{'bid': 595.23, 'ask': 595.37}",2402,596.15,596.35,595.23,595.45
2025-01-27 13:45:00,2025-01-27T13:45:00,2025-01-27T13:45:00,"{'bid': 595.48, 'ask': 595.65}","{'bid': 595.69, 'ask': 595.83}","{'bid': 595.84, 'ask': 596.09}","{'bid': 595.17, 'ask': 595.33}",2122,595.48,595.84,595.17,595.69
2025-01-27 14:00:00,2025-01-27T14:00:00,2025-01-27T14:00:00,"{'bid': 595.65, 'ask': 595.82}","{'bid': 594.94, 'ask': 595.09}","{'bid': 595.7, 'ask': 595.83}","{'bid': 594.61, 'ask': 594.75}",1851,595.65,595.7,594.61,594.94
2025-01-27 14:15:00,2025-01-27T14:15:00,2025-01-27T14:15:00,"{'bid': 594.96, 'ask': 595.1}","{'bid': 594.76, 'ask': 594.92}","{'bid': 595.16, 'ask': 595.45}","{'bid': 594.45, 'ask': 594.69}",2171,594.96,595.16,594.45,594.76
2025-01-27 14:30:00,2025-01-27T14:30:00,2025-01-27T14:30:00,"{'bid': 594.76, 'ask': 594.94}","{'bid': 597.51, 'ask': 597.64}","{'bid': 598.37, 'ask': 598.51}","{'bid': 594.61, 'ask': 594.74}",8525,594.76,598.37,594.61,597.51
2025-01-27 14:45:00,2025-01-27T14:45:00,2025-01-27T14:45:00,"{'bid': 597.53, 'ask': 597.66}","{'bid': 598.54, 'ask': 598.67}","{'bid': 598.6, 'ask': 598.72}","{'bid': 597.36, 'ask': 597.49}",5625,597.53,598.6,597.36,598.54
2025-01-27 15:00:00,2025-01-27T15:00:00,2025-01-27T15:00:00,"{'bid': 598.52, 'ask': 598.65}","{'bid': 597.66, 'ask': 597.79}","{'bid': 598.63, 'ask': 598.76}","{'bid': 597.32, 'ask': 597.45}",5813,598.52,598.63,597.32,597.66
2025-01-27 15:15:00,2025-01-27T15:15:00,2025-01-27T15:15:00,"{'bid': 597.66, 'ask': 597.78}","{'bid': 598.92, 'ask': 599.04}","{'bid': 599.14, 'ask': 599.27}","{'bid': 596.61, 'ask': 596.73}",5790,597.66,599.14,596.61,598.92
2025-01-27 15:30:00,2025-01-27T15:30:00,2025-01-27T15:30:00,"{'bid': 598.94, 'ask': 599.07}","{'bid': 599.39, 'ask': 599.52}","{'bid': 599.62, 'ask': 599.74}","{'bid': 598.66, 'ask': 598.78}",5019,598.94,599.62,598.66,599.39
2025-01-27 15:45:00,2025-01-27T15:45:00,2025-01-27T15:45:00,"{'bid': 599.41, 'ask': 599.55}","{'bid': 598.02, 'ask': 598.15}","{'bid': 599.49, 'ask': 599.62}","{'bid': 597.97, 'ask': 598.11}",4654,599.41,599.49,597.97,598.02
2025-01-27 16:00:00,2025-01-27T16:00:00,2025-01-27T16:00:00,"{'bid': 598.04, 'ask': 598.16}","{'bid': 597.4, 'ask': 597.53}","{'bid': 598.18, 'ask': 598.31}","{'bid': 596.95, 'ask': 597.07}",4615,598.04,598.18,596.95,597.4
2025-01-27 16:15:00,2025-01-27T16:15:00,2025-01-27T16:15:00,"{'bid': 597.39, 'ask': 597.51}","{'bid': 596.44, 'ask': 596.58}","{'bid': 597.86, 'ask': 597.99}","{'bid': 596.23, 'ask': 596.35}",4059,597.39,597.86,596.23,596.44
2025-01-27 16:30:00,2025-01-27T16:30:00,2025-01-27T16:30:00,"{'bid': 596.45, 'ask': 596.57}","{'bid': 596.65, 'ask': 596.78}","{'bid': 597.06, 'ask': 597.19}","{'bid': 596.17, 'ask': 596.3}",4330,596.45,597.06,596.17,596.65
2025-01-27 16:45:00,2025-01-27T16:45:00,2025-01-27T16:45:00,"{'bid': 596.64, 'ask': 596.78}","{'bid': 596.74, 'ask': 596.87}","{'bid': 597.72, 'ask': 597.85}","{'bid': 596.27, 'ask': 596.4}",4851,596.64,597.72,596.27,596.74
2025-01-27 17:00:00,2025-01-27T17:00:00,2025-01-27T17:00:00,"{'bid': 596.76, 'ask': 596.89}","{'bid': 597.06, 'ask': 597.19}","{'bid': 597.73, 'ask': 597.86}","{'bid': 596.35, 'ask': 596.6}",4285,596.76,597.73,596.35,597.06
2025-01-27 17:15:00,2025-01-27T17:15:00,2025-01-27T17:15:00,"{'bid': 597.06, 'ask': 597.2}","{'bid': 597.6, 'ask': 597.73}","{'bid': 597.94, 'ask': 598.09}","{'bid': 596.33, 'ask': 596.47}",3710,597.06,597.94,596.33,597.6
2025-01-27 17:30:00,2025-01-27T17:30:00,2025-01-27T17:30:00,"{'bid': 597.59, 'ask': 597.72}","{'bid': 597.65, 'ask': 597.78}","{'bid': 598.15, 'ask': 598.28}","{'bid': 597.26, 'ask': 597.39}",4038,597.59,598.15,597.26,597.65
2025-01-27 17:45:00,2025-01-27T17:45:00,2025-01-27T17:45:00,"{'bid': 597.63, 'ask': 597.75}","{'bid': 596.12, 'ask': 596.24}","{'bid': 597.64, 'ask': 597.77}","{'bid': 596.08, 'ask': 596.21}",3464,597.63,597.64,596.08,596.12
2025-01-27 18:00:00,2025-01-27T18:00:00,2025-01-27T18:00:00,"{'bid': 596.12, 'ask': 596.25}","{'bid': 596.34, 'ask': 596.46}","{'bid': 596.71, 'ask': 596.84}","{'bid': 596.07, 'ask': 596.19}",3207,596.12,596.71,596.07,596.34
2025-01-27 18:15:00,2025-01-27T18:15:00,2025-01-27T18:15:00,"{'bid': 596.34, 'ask': 596.47}","{'bid': 596.05, 'ask': 596.18}","{'bid': 596.6, 'ask': 596.72}","{'bid': 595.97, 'ask': 596.1}",3029,596.34,596.6,595.97,596.05
2025-01-27 18:30:00,2025-01-27T18:30:00,2025-01-27T18:30:00,"{'bid': 596.06, 'ask': 596.19}","{'bid': 597.14, 'ask': 597.26}","{'bid': 597.36, 'ask': 597.48}","{'bid': 596.01, 'ask': 596.14}",3979,596.06,597.36,596.01,597.14
2025-01-27 18:45:00,2025-01-27T18:45:00,2025-01-27T18:45:00,"{'bid': 597.14, 'ask': 597.27}","{'bid': 596.52, 'ask': 596.65}","{'bid': 597.2, 'ask': 597.33}","{'bid': 596.31, 'ask': 596.43}",3026,597.14,597.2,596.31,596.52
2025-01-27 19:00:00,2025-01-27T19:00:00,2025-01-27T19:00:00,"{'bid': 596.54, 'ask': 596.66}","{'bid': 596.96, 'ask': 597.08}","{'bid': 597.3, 'ask': 597.43}","{'bid': 596.54, 'ask': 596.66}",3470,596.54,597.3,596.54,596.96
2025-01-27 19:15:00,2025-01-27T19:15:00,2025-01-27T19:15:00,"{'bid': 596.96, 'ask': 597.09}","{'bid': 598.91, 'ask': 599.04}","{'bid': 599.06, 'ask': 599.19}","{'bid': 596.89, 'ask': 597.01}",3355,596.96,599.06,596.89,598.91
2025-01-27 19:30:00,2025-01-27T19:30:00,2025-01-27T19:30:00,"{'bid': 598.93, 'ask': 599.05}","{'bid': 597.59, 'ask': 597.71}","{'bid': 598.93, 'ask': 599.06}","{'bid': 597.49, 'ask': 597.62}",3715,598.93,598.93,597.49,597.59
2025-01-27 19:45:00,2025-01-27T19:45:00,2025-01-27T19:45:00,"{'bid': 597.56, 'ask': 597.69}","{'bid': 596.89, 'ask': 597.01}","{'bid': 597.6, 'ask': 597.73}","{'bid': 596.21, 'ask': 596.35}",4229,597.56,597.6,596.21,596.89
2025-01-27 20:00:00,2025-01-27T20:00:00,2025-01-27T20:00:00,"{'bid': 596.87, 'ask': 597.0}","{'bid': 596.91, 'ask': 597.03}","{'bid': 597.54, 'ask': 597.66}","{'bid': 596.27, 'ask': 596.4}",4218,596.87,597.54,596.27,596.91
2025-01-27 20:15:00,2025-01-27T20:15:00,2025-01-27T20:15:00,"{'bid': 596.87, 'ask': 597.01}","{'bid': 597.38, 'ask': 597.51}","{'bid': 598.06, 'ask': 598.19}","{'bid': 596.68, 'ask': 596.8}",3710,596.87,598.06,596.68,597.38
2025-01-27 20:30:00,2025-01-27T20:30:00,2025-01-27T20:30:00,"{'bid': 597.39, 'ask': 597.51}","{'bid': 598.26, 'ask': 598.39}","{'bid': 598.26, 'ask': 598.39}","{'bid': 597.07, 'ask': 597.21}",3973,597.39,598.26,597.07,598.26
2025-01-27 20:45:00,2025-01-27T20:45:00,2025-01-27T20:45:00,"{'bid': 598.25, 'ask': 598.37}","{'bid': 599.35, 'ask': 599.48}","{'bid': 599.5, 'ask': 599.63}","{'bid': 597.35, 'ask': 597.48}",5271,598.25,599.5,597.35,599.35
2025-01-27 21:00:00,2025-01-27T21:00:00,2025-01-27T21:00:00,"{'bid': 599.34, 'ask': 599.46}","{'bid': 599.68, 'ask': 599.83}","{'bid': 600.28, 'ask': 600.41}","{'bid': 599.11, 'ask': 599.23}",2221,599.34,600.28,599.11,599.68
2025-01-27 21:15:00,2025-01-27T21:15:00,2025-01-27T21:15:00,"{'bid': 599.7, 'ask': 599.85}","{'bid': 599.94, 'ask': 600.09}","{'bid': 600.17, 'ask': 600.45}","{'bid': 599.62, 'ask': 599.76}",789,599.7,600.17,599.62,599.94
2025-01-27 21:30:00,2025-01-27T21:30:00,2025-01-27T21:30:00,"{'bid': 599.96, 'ask': 600.09}","{'bid': 599.89, 'ask': 600.03}","{'bid': 600.01, 'ask': 600.15}","{'bid': 599.82, 'ask': 599.96}",492,599.96,600.01,599.82,599.89
2025-01-27 21:45:00,2025-01-27T21:45:00,2025-01-27T21:45:00,"{'bid': 599.89, 'ask': 600.02}","{'bid': 599.57, 'ask': 599.93}","{'bid': 599.89, 'ask': 600.02}","{'bid': 599.57, 'ask': 599.71}",314,599.89,599.89,599.57,599.57
2025-01-27 22:00:00,2025-01-27T22:00:00,2025-01-27T22:00:00,"{'bid': 599.68, 'ask': 599.93}","{'bid': 599.77, 'ask': 599.91}","{'bid': 599.84, 'ask': 600.04}","{'bid': 599.57, 'ask': 599.91}",51,599.68,599.84,599.57,599.77
2025-01-27 22:15:00,2025-01-27T22:15:00,2025-01-27T22:15:00,"{'bid': 599.77, 'ask': 599.99}","{'bid': 599.88, 'ask': 600.0}","{'bid': 599.88, 'ask': 600.0}","{'bid': 599.77, 'ask': 599.9}",13,599.77,599.88,599.77,599.88
2025-01-27 22:30:00,2025-01-27T22:30:00,2025-01-27T22:30:00,"{'bid': 599.88, 'ask': 600.04}","{'bid': 600.06, 'ask': 600.28}","{'bid': 600.12, 'ask': 600.28}","{'bid': 599.77, 'ask': 600.0}",49,599.88,600.12,599.77,600.06
2025-01-27 22:45:00,2025-01-27T22:45:00,2025-01-27T22:45:00,"{'bid': 600.1, 'ask': 600.28}","{'bid': 600.32, 'ask': 600.88}","{'bid': 600.46, 'ask': 600.88}","{'bid': 600.0, 'ask': 600.18}",113,600.1,600.46,600.0,600.32
2025-01-27 23:00:00,2025-01-27T23:00:00,2025-01-27T23:00:00,"{'bid': 600.32, 'ask': 600.56}","{'bid': 599.93, 'ask': 600.17}","{'bid': 600.62, 'ask': 601.05}","{'bid': 599.8, 'ask': 600.07}",994,600.32,600.62,599.8,599.93
2025-01-27 23:15:00,2025-01-27T23:15:00,2025-01-27T23:15:00,"{'bid': 599.93, 'ask': 600.18}","{'bid': 598.7, 'ask': 598.94}","{'bid': 599.94, 'ask': 600.43}","{'bid': 598.15, 'ask': 598.61}",2088,599.93,599.94,598.15,598.7
2025-01-27 23:30:00,2025-01-27T23:30:00,2025-01-27T23:30:00,"{'bid': 598.72, 'ask': 598.94}","{'bid': 599.46, 'ask': 599.67}","{'bid': 599.56, 'ask': 599.83}","{'bid': 598.62, 'ask': 598.88}",1157,598.72,599.56,598.62,599.46
2025-01-27 23:45:00,2025-01-27T23:45:00,2025-01-27T23:45:00,"{'bid': 599.45, 'ask': 599.67}","{'bid': 599.9, 'ask': 600.13}","{'bid': 599.97, 'ask': 600.45}","{'bid': 599.23, 'ask': 599.4}",805,599.45,599.97,599.23,599.9
2025-01-28 00:00:00,2025-01-28T00:00:00,2025-01-28T00:00:00,"{'bid': 599.9, 'ask': 600.45}","{'bid': 599.53, 'ask': 599.75}","{'bid': 600.08, 'ask': 600.45}","{'bid': 599.15, 'ask': 599.63}",793,599.9,600.08,599.15,599.53
2025-01-28 00:15:00,2025-01-28T00:15:00,2025-01-28T00:15:00,"{'bid': 599.53, 'ask': 599.74}","{'bid': 599.18, 'ask': 599.39}","{'bid': 599.64, 'ask': 600.18}","{'bid': 599.12, 'ask': 599.32}",727,599.53,599.64,599.12,599.18
2025-01-28 00:30:00,2025-01-28T00:30:00,2025-01-28T00:30:00,"{'bid': 599.18, 'ask': 599.4}","{'bid': 599.15, 'ask': 599.36}","{'bid': 599.22, 'ask': 599.65}","{'bid': 598.65, 'ask': 598.84}",841,599.18,599.22,598.65,599.15
2025-01-28 00:45:00,2025-01-28T00:45:00,2025-01-28T00:45:00,"{'bid': 599.13, 'ask': 599.35}","{'bid': 599.04, 'ask': 599.26}","{'bid': 599.35, 'ask': 599.74}","{'bid': 598.65, 'ask': 599.04}",580,599.13,599.35,598.65,599.04
2025-01-28 09:00:00,2025-01-28T09:00:00,2025-01-28T09:00:00,"{'bid': 601.19, 'ask': 601.45}","{'bid': 601.25, 'ask': 601.46}","{'bid': 601.71, 'ask': 602.05}","{'bid': 600.75, 'ask': 601.12}",1233,601.19,601.71,600.75,601.25
2025-01-28 09:15:00,2025-01-28T09:15:00,2025-01-28T09:15:00,"{'bid': 601.26, 'ask': 601.45}","{'bid': 600.97, 'ask': 601.14}","{'bid': 601.5, 'ask': 601.85}","{'bid': 600.75, 'ask': 601.11}",794,601.26,601.5,600.75,600.97
2025-01-28 09:30:00,2025-01-28T09:30:00,2025-01-28T09:30:00,"{'bid': 600.98, 'ask': 601.14}","{'bid': 601.4, 'ask': 601.55}","{'bid': 601.4, 'ask': 601.65}","{'bid': 600.55, 'ask': 600.85}",812,600.98,601.4,600.55,601.4
2025-01-28 09:45:00,2025-01-28T09:45:00,2025-01-28T09:45:00,"{'bid': 601.32, 'ask': 601.53}","{'bid': 601.52, 'ask': 602.04}","{'bid': 601.57, 'ask': 602.05}","{'bid': 601.16, 'ask': 601.4}",319,601.32,601.57,601.16,601.52
2025-01-28 10:00:00,2025-01-28T10:00:00,2025-01-28T10:00:00,"{'bid': 601.54, 'ask': 602.04}","{'bid': 601.76, 'ask': 602.24}","{'bid': 602.01, 'ask': 602.45}","{'bid': 601.18, 'ask': 601.69}",318,601.54,602.01,601.18,601.76
2025-01-28 10:15:00,2025-01-28T10:15:00,2025-01-28T10:15:00,"{'bid': 601.77, 'ask': 602.24}","{'bid': 601.87, 'ask': 602.03}","{'bid': 602.04, 'ask': 602.45}","{'bid': 601.55, 'ask': 601.96}",239,601.77,602.04,601.55,601.87
2025-01-28 10:30:00,2025-01-28T10:30:00,2025-01-28T10:30:00,"{'bid': 601.9, 'ask': 602.06}","{'bid': 601.73, 'ask': 601.92}","{'bid': 601.96, 'ask': 602.45}","{'bid': 601.36, 'ask': 601.79}",242,601.9,601.96,601.36,601.73
2025-01-28 10:45:00,2025-01-28T10:45:00,2025-01-28T10:45:00,"{'bid': 601.74, 'ask': 601.92}","{'bid': 601.6, 'ask': 602.04}","{'bid': 601.88, 'ask': 602.24}","{'bid': 601.35, 'ask': 601.79}",217,601.74,601.88,601.35,601.6
2025-01-28 11:00:00,2025-01-28T11:00:00,2025-01-28T11:00:00,"{'bid': 601.61, 'ask': 602.04}","{'bid': 601.88, 'ask': 602.24}","{'bid': 601.88, 'ask': 602.25}","{'bid': 601.36, 'ask': 601.83}",177,601.61,601.88,601.36,601.88
2025-01-28 11:15:00,2025-01-28T11:15:00,2025-01-28T11:15:00,"{'bid': 601.89, 'ask': 602.24}","{'bid': 601.17, 'ask': 601.34}","{'bid': 601.91, 'ask': 602.24}","{'bid': 600.95, 'ask': 601.31}",474,601.89,601.91,600.95,601.17
2025-01-28 11:30:00,2025-01-28T11:30:00,2025-01-28T11:30:00,"{'bid': 601.17, 'ask': 601.33}","{'bid': 601.05, 'ask': 601.24}","{'bid': 601.29, 'ask': 601.47}","{'bid': 600.44, 'ask': 600.71}",893,601.17,601.29,600.44,601.05
2025-01-28 11:45:00,2025-01-28T11:45:00,2025-01-28T11:45:00,"{'bid': 601.05, 'ask': 601.23}","{'bid': 600.78, 'ask': 600.93}","{'bid': 601.25, 'ask': 601.48}","{'bid': 600.67, 'ask': 600.88}",756,601.05,601.25,600.67,600.78
2025-01-28 12:00:00,2025-01-28T12:00:00,2025-01-28T12:00:00,"{'bid': 600.78, 'ask': 600.94}","{'bid': 599.86, 'ask': 600.09}","{'bid': 600.89, 'ask': 601.09}","{'bid': 599.7, 'ask': 599.92}",1287,600.78,600.89,599.7,599.86
2025-01-28 12:15:00,2025-01-28T12:15:00,2025-01-28T12:15:00,"{'bid': 599.87, 'ask': 600.09}","{'bid': 599.68, 'ask': 599.85}","{'bid': 600.02, 'ask': 600.65}","{'bid': 599.38, 'ask': 599.55}",1200,599.87,600.02,599.38,599.68
2025-01-28 12:30:00,2025-01-28T12:30:00,2025-01-28T12:30:00,"{'bid': 599.68, 'ask': 599.86}","{'bid': 600.17, 'ask': 600.33}","{'bid': 600.27, 'ask': 600.65}","{'bid': 599.38, 'ask': 599.54}",1213,599.68,600.27,599.38,600.17
2025-01-28 12:45:00,2025-01-28T12:45:00,2025-01-28T12:45:00,"{'bid': 600.19, 'ask': 600.35}","{'bid': 600.58, 'ask': 600.77}","{'bid': 600.81, 'ask': 601.25}","{'bid': 599.86, 'ask': 600.13}",1509,600.19,600.81,599.86,600.58
2025-01-28 13:00:00,2025-01-28T13:00:00,2025-01-28T13:00:00,"{'bid': 600.58, 'ask': 600.73}","{'bid': 600.75, 'ask': 600.9}","{'bid': 600.81, 'ask': 600.94}","{'bid': 600.15, 'ask': 600.42}",1277,600.58,600.81,600.15,600.75
2025-01-28 13:15:00,2025-01-28T13:15:00,2025-01-28T13:15:00,"{'bid': 600.76, 'ask': 600.9}","{'bid': 600.62, 'ask': 601.39}","{'bid': 601.35, 'ask': 601.54}","{'bid': 600.5, 'ask': 600.69}",1148,600.76,601.35,600.5,600.62
2025-01-28 13:30:00,2025-01-28T13:30:00,2025-01-28T13:30:00,"{'bid': 601.12, 'ask': 601.39}","{'bid': 600.06, 'ask': 600.21}","{'bid': 601.29, 'ask': 601.54}","{'bid': 599.75, 'ask': 600.14}",1780,601.12,601.29,599.75,600.06
2025-01-28 13:45:00,2025-01-28T13:45:00,2025-01-28T13:45:00,"{'bid': 600.02, 'ask': 600.21}","{'bid': 600.22, 'ask': 600.4}","{'bid': 600.33, 'ask': 600.47}","{'bid': 599.94, 'ask': 600.08}",1456,600.02,600.33,599.94,600.22
2025-01-28 14:00:00,2025-01-28T14:00:00,2025-01-28T14:00:00,"{'bid': 600.2, 'ask': 600.39}","{'bid': 600.05, 'ask': 600.19}","{'bid': 600.52, 'ask': 600.85}","{'bid': 599.97, 'ask': 600.11}",1300,600.2,600.52,599.97,600.05
2025-01-28 14:15:00,2025-01-28T14:15:00,2025-01-28T14:15:00,"{'bid': 600.04, 'ask': 600.18}","{'bid': 600.51, 'ask': 600.65}","{'bid': 600.66, 'ask': 601.05}","{'bid': 599.88, 'ask': 600.03}",1586,600.04,600.66,599.88,600.51
2025-01-28 14:30:00,2025-01-28T14:30:00,2025-01-28T14:30:00,"{'bid': 600.53, 'ask': 600.7}","{'bid': 598.32, 'ask': 598.45}","{'bid': 600.7, 'ask': 600.84}","{'bid': 598.2, 'ask': 598.32}",5631,600.53,600.7,598.2,598.32
2025-01-28 14:45:00,2025-01-28T14:45:00,2025-01-28T14:45:00,"{'bid': 598.33, 'ask': 598.46}","{'bid': 598.85, 'ask': 599.04}","{'bid': 598.93, 'ask': 599.06}","{'bid': 597.2, 'ask': 597.33}",5642,598.33,598.93,597.2,598.85
2025-01-28 15:00:00,2025-01-28T15:00:00,2025-01-28T15:00:00,"{'bid': 598.85, 'ask': 599.02}","{'bid': 600.77, 'ask': 600.89}","{'bid': 600.84, 'ask': 600.97}","{'bid': 598.79, 'ask': 598.93}",5005,598.85,600.84,598.79,600.77
2025-01-28 15:15:00,2025-01-28T15:15:00,2025-01-28T15:15:00,"{'bid': 600.76, 'ask': 600.88}","{'bid': 602.4, 'ask': 602.53}","{'bid': 602.72, 'ask': 602.85}","{'bid': 600.58, 'ask': 600.7}",3938,600.76,602.72,600.58,602.4
2025-01-28 15:30:00,2025-01-28T15:30:00,2025-01-28T15:30:00,"{'bid': 602.41, 'ask': 602.53}","{'bid': 602.3, 'ask': 602.43}","{'bid': 602.5, 'ask': 602.63}","{'bid': 601.68, 'ask': 601.8}",4441,602.41,602.5,601.68,602.3
2025-01-28 15:45:00,2025-01-28T15:45:00,2025-01-28T15:45:00,"{'bid': 602.29, 'ask': 602.41}","{'bid': 602.99, 'ask': 603.12}","{'bid': 603.03, 'ask': 603.15}","{'bid': 601.72, 'ask': 601.85}",3664,602.29,603.03,601.72,602.99
2025-01-28 16:00:00,2025-01-28T16:00:00,2025-01-28T16:00:00,"{'bid': 603.02, 'ask': 603.14}","{'bid': 602.93, 'ask': 603.05}","{'bid': 603.51, 'ask': 603.64}","{'bid': 602.49, 'ask': 602.62}",3515,603.02,603.51,602.49,602.93
2025-01-28 16:15:00,2025-01-28T16:15:00,2025-01-28T16:15:00,"{'bid': 602.95, 'ask': 603.07}","{'bid': 601.32, 'ask': 601.46}","{'bid': 603.18, 'ask': 603.31}","{'bid': 600.98, 'ask': 601.1}",4297,602.95,603.18,600.98,601.32
2025-01-28 16:30:00,2025-01-28T16:30:00,2025-01-28T16:30:00,"{'bid': 601.33, 'ask': 601.46}","{'bid': 601.56, 'ask': 601.68}","{'bid': 601.9, 'ask': 602.03}","{'bid': 600.88, 'ask': 601.01}",4481,601.33,601.9,600.88,601.56
2025-01-28 16:45:00,2025-01-28T16:45:00,2025-01-28T16:45:00,"{'bid': 601.54, 'ask': 601.68}","{'bid': 602.52, 'ask': 602.64}","{'bid': 602.53, 'ask': 602.66}","{'bid': 600.98, 'ask': 601.11}",3752,601.54,602.53,600.98,602.52
2025-01-28 17:00:00,2025-01-28T17:00:00,2025-01-28T17:00:00,"{'bid': 602.53, 'ask': 602.65}","{'bid': 603.49, 'ask': 603.61}","{'bid': 603.63, 'ask': 603.76}","{'bid': 602.34, 'ask': 602.47}",2899,602.53,603.63,602.34,603.49
2025-01-28 17:15:00,2025-01-28T17:15:00,2025-01-28T17:15:00,"{'bid': 603.5, 'ask': 603.63}","{'bid': 603.66, 'ask': 603.79}","{'bid': 603.86, 'ask': 603.99}","{'bid': 603.44, 'ask': 603.56}",2631,603.5,603.86,603.44,603.66
2025-01-28 17:30:00,2025-01-28T17:30:00,2025-01-28T17:30:00,"{'bid': 603.68, 'ask': 603.8}","{'bid': 603.48, 'ask': 603.61}","{'bid': 603.82, 'ask': 603.94}","{'bid': 603.24, 'ask': 603.37}",2364,603.68,603.82,603.24,603.48
2025-01-28 17:45:00,2025-01-28T17:45:00,2025-01-28T17:45:00,"{'bid': 603.49, 'ask': 603.62}","{'bid': 603.79, 'ask': 603.92}","{'bid': 604.02, 'ask': 604.14}","{'bid': 603.22, 'ask': 603.35}",2245,603.49,604.02,603.22,603.79
2025-01-28 18:00:00,2025-01-28T18:00:00,2025-01-28T18:00:00,"{'bid': 603.8, 'ask': 603.92}","{'bid': 604.47, 'ask': 604.6}","{'bid': 604.49, 'ask': 604.62}","{'bid': 603.69, 'ask': 603.82}",1638,603.8,604.49,603.69,604.47
2025-01-28 18:15:00,2025-01-28T18:15:00,2025-01-28T18:15:00,"{'bid': 604.48, 'ask': 604.6}","{'bid': 604.11, 'ask': 604.23}","{'bid': 604.72, 'ask': 604.85}","{'bid': 603.96, 'ask': 604.08}",1953,604.48,604.72,603.96,604.11
2025-01-28 18:30:00,2025-01-28T18:30:00,2025-01-28T18:30:00,"{'bid': 604.11, 'ask': 604.24}","{'bid': 603.8, 'ask': 603.92}","{'bid': 604.39, 'ask': 604.52}","{'bid': 603.45, 'ask': 603.58}",2492,604.11,604.39,603.45,603.8
2025-01-28 18:45:00,2025-01-28T18:45:00,2025-01-28T18:45:00,"{'bid': 603.8, 'ask': 603.93}","{'bid': 603.72, 'ask': 603.85}","{'bid': 604.12, 'ask': 604.25}","{'bid': 603.56, 'ask': 603.68}",2311,603.8,604.12,603.56,603.72
2025-01-28 19:00:00,2025-01-28T19:00:00,2025-01-28T19:00:00,"{'bid': 603.74, 'ask': 603.86}","{'bid': 603.36, 'ask': 603.48}","{'bid': 603.84, 'ask': 603.96}","{'bid': 603.17, 'ask': 603.29}",2578,603.74,603.84,603.17,603.36
2025-01-28 19:15:00,2025-01-28T19:15:00,2025-01-28T19:15:00,"{'bid': 603.36, 'ask': 603.49}","{'bid': 603.99, 'ask': 604.11}","{'bid': 604.08, 'ask': 604.21}","{'bid': 603.29, 'ask': 603.42}",1803,603.36,604.08,603.29,603.99
2025-01-28 19:30:00,2025-01-28T19:30:00,2025-01-28T19:30:00,"{'bid': 603.99, 'ask': 604.12}","{'bid': 604.74, 'ask': 604.87}","{'bid': 604.84, 'ask': 604.97}","{'bid': 603.99, 'ask': 604.11}",1467,603.99,604.84,603.99,604.74
2025-01-28 19:45:00,2025-01-28T19:45:00,2025-01-28T19:45:00,"{'bid': 604.73, 'ask': 604.86}","{'bid': 605.07, 'ask': 605.2}","{'bid': 605.21, 'ask': 605.33}","{'bid': 604.73, 'ask': 604.86}",1516,604.73,605.21,604.73,605.07
2025-01-28 20:00:00,2025-01-28T20:00:00,2025-01-28T20:00:00,"{'bid': 605.08, 'ask': 605.21}","{'bid': 604.89, 'ask': 605.01}","{'bid': 605.09, 'ask': 605.21}","{'bid': 604.62, 'ask': 604.74}",1883,605.08,605.09,604.62,604.89
2025-01-28 20:15:00,2025-01-28T20:15:00,2025-01-28T20:15:00,"{'bid': 604.9, 'ask': 605.02}","{'bid': 605.04, 'ask': 605.16}","{'bid': 605.31, 'ask': 605.44}","{'bid': 604.8, 'ask': 604.93}",1450,604.9,605.31,604.8,605.04
2025-01-28 20:30:00,2025-01-28T20:30:00,2025-01-28T20:30:00,"{'bid': 605.01, 'ask': 605.14}","{'bid': 605.14, 'ask': 605.27}","{'bid': 605.15, 'ask': 605.28}","{'bid': 604.68, 'ask': 604.8}",1844,605.01,605.15,604.68,605.14
2025-01-28 20:45:00,2025-01-28T20:45:00,2025-01-28T20:45:00,"{'bid': 605.15, 'ask': 605.27}","{'bid': 604.43, 'ask': 604.56}","{'bid': 605.17, 'ask': 605.29}","{'bid': 604.31, 'ask': 604.43}",3280,605.15,605.17,604.31,604.43
2025-01-28 21:00:00,2025-01-28T21:00:00,2025-01-28T21:00:00,"{'bid': 604.42, 'ask': 604.54}","{'bid': 604.0, 'ask': 604.13}","{'bid': 604.44, 'ask': 604.56}","{'bid': 603.78, 'ask': 603.92}",1504,604.42,604.44,603.78,604.0
2025-01-28 21:15:00,2025-01-28T21:15:00,2025-01-28T21:15:00,"{'bid': 604.0, 'ask': 604.14}","{'bid': 603.89, 'ask': 604.02}","{'bid': 604.06, 'ask': 604.2}","{'bid': 603.87, 'ask': 604.0}",419,604.0,604.06,603.87,603.89
2025-01-28 21:30:00,2025-01-28T21:30:00,2025-01-28T21:30:00,"{'bid': 603.85, 'ask': 603.99}","{'bid': 603.94, 'ask': 604.07}","{'bid': 604.04, 'ask': 604.17}","{'bid': 603.81, 'ask': 603.93}",235,603.85,604.04,603.81,603.94
2025-01-28 21:45:00,2025-01-28T21:45:00,2025-01-28T21:45:00,"{'bid': 603.93, 'ask': 604.06}","{'bid': 603.89, 'ask': 604.1}","{'bid': 604.01, 'ask': 604.17}","{'bid': 603.85, 'ask': 603.97}",194,603.93,604.01,603.85,603.89
2025-01-28 22:00:00,2025-01-28T22:00:00,2025-01-28T22:00:00,"{'bid': 603.9, 'ask': 604.1}","{'bid': 603.9, 'ask': 604.03}","{'bid': 603.94, 'ask': 604.15}","{'bid': 603.9, 'ask': 604.03}",22,603.9,603.94,603.9,603.9
2025-01-28 22:15:00,2025-01-28T22:15:00,2025-01-28T22:15:00,"{'bid': 603.91, 'ask': 604.1}","{'bid': 603.9, 'ask': 604.07}","{'bid': 603.91, 'ask': 604.1}","{'bid': 603.9, 'ask': 604.03}",10,603.91,603.91,603.9,603.9
2025-01-28 22:30:00,2025-01-28T22:30:00,2025-01-28T22:30:00,"{'bid': 603.9, 'ask': 604.09}","{'bid': 603.89, 'ask': 604.1}","{'bid': 603.91, 'ask': 604.1}","{'bid': 603.88, 'ask': 604.01}",17,603.9,603.91,603.88,603.89
2025-01-28 22:45:00,2025-01-28T22:45:00,2025-01-28T22:45:00,"{'bid': 603.91, 'ask': 604.1}","{'bid': 603.63, 'ask': 604.12}","{'bid': 603.92, 'ask': 604.12}","{'bid': 603.63, 'ask': 604.01}",21,603.91,603.92,603.63,603.63
2025-01-28 23:00:00,2025-01-28T23:00:00,2025-01-28T23:00:00,"{'bid': 603.63, 'ask': 603.97}","{'bid': 603.72, 'ask': 603.93}","{'bid': 603.76, 'ask': 604.25}","{'bid': 603.44, 'ask': 603.58}",288,603.63,603.76,603.44,603.72
2025-01-28 23:15:00,2025-01-28T23:15:00,2025-01-28T23:15:00,"{'bid': 603.72, 'ask': 604.01}","{'bid': 603.95, 'ask': 604.12}","{'bid': 604.18, 'ask': 604.65}","{'bid': 603.72, 'ask': 603.91}",361,603.72,604.18,603.72,603.95
2025-01-28 23:30:00,2025-01-28T23:30:00,2025-01-28T23:30:00,"{'bid': 603.95, 'ask': 604.16}","{'bid': 603.72, 'ask': 603.92}","{'bid': 603.95, 'ask': 604.45}","{'bid': 603.44, 'ask': 603.78}",218,603.95,603.95,603.44,603.72
2025-01-28 23:45:00,2025-01-28T23:45:00,2025-01-28T23:45:00,"{'bid': 603.71, 'ask': 603.92}","{'bid': 603.49, 'ask': 603.7}","{'bid': 603.82, 'ask': 604.25}","{'bid': 603.17, 'ask': 603.61}",259,603.71,603.82,603.17,603.49
2025-01-29 00:00:00,2025-01-29T00:00:00,2025-01-29T00:00:00,"{'bid': 603.5, 'ask': 603.74}","{'bid': 603.68, 'ask': 603.9}","{'bid': 604.08, 'ask': 604.45}","{'bid': 603.17, 'ask': 603.59}",383,603.5,604.08,603.17,603.68
2025-01-29 00:15:00,2025-01-29T00:15:00,2025-01-29T00:15:00,"{'bid': 603.69, 'ask': 603.9}","{'bid': 603.75, 'ask': 603.94}","{'bid': 603.83, 'ask': 604.25}","{'bid': 603.35, 'ask': 603.77}",221,603.69,603.83,603.35,603.75
2025-01-29 00:30:00,2025-01-29T00:30:00,2025-01-29T00:30:00,"{'bid': 603.73, 'ask': 603.94}","{'bid': 603.75, 'ask': 603.98}","{'bid': 603.88, 'ask': 604.45}","{'bid': 603.6, 'ask': 603.76}",204,603.73,603.88,603.6,603.75
2025-01-29 00:45:00,2025-01-29T00:45:00,2025-01-29T00:45:00,"{'bid': 603.75, 'ask': 603.97}","{'bid': 603.98, 'ask': 604.18}","{'bid': 604.01, 'ask': 604.45}","{'bid': 603.75, 'ask': 603.96}",158,603.75,604.01,603.75,603.98
2025-01-29 09:00:00,2025-01-29T09:00:00,2025-01-29T09:00:00,"{'bid': 604.9, 'ask': 605.45}","{'bid': 605.13, 'ask': 605.33}","{'bid': 605.21, 'ask': 605.65}","{'bid': 604.16, 'ask': 604.58}",872,604.9,605.21,604.16,605.13
2025-01-29 09:15:00,2025-01-29T09:15:00,2025-01-29T09:15:00,"{'bid': 605.12, 'ask': 605.33}","{'bid': 604.84, 'ask': 604.98}","{'bid': 605.17, 'ask': 605.44}","{'bid': 604.35, 'ask': 604.77}",913,605.12,605.17,604.35,604.84
2025-01-29 09:30:00,2025-01-29T09:30:00,2025-01-29T09:30:00,"{'bid': 604.84, 'ask': 604.99}","{'bid': 604.86, 'ask': 605.04}","{'bid': 604.89, 'ask': 605.25}","{'bid': 604.15, 'ask': 604.69}",625,604.84,604.89,604.15,604.86
2025-01-29 09:45:00,2025-01-29T09:45:00,2025-01-29T09:45:00,"{'bid': 604.85, 'ask': 605.04}","{'bid': 605.0, 'ask': 605.18}","{'bid': 605.22, 'ask': 605.45}","{'bid': 604.35, 'ask': 604.92}",564,604.85,605.22,604.35,605.0
2025-01-29 10:00:00,2025-01-29T10:00:00,2025-01-29T10:00:00,"{'bid': 605.0, 'ask': 605.17}","{'bid': 605.04, 'ask': 605.21}","{'bid': 605.12, 'ask': 605.65}","{'bid': 604.75, 'ask': 605.0}",533,605.0,605.12,604.75,605.04
2025-01-29 10:15:00,2025-01-29T10:15:00,2025-01-29T10:15:00,"{'bid': 605.02, 'ask': 605.21}","{'bid': 604.76, 'ask': 604.94}","{'bid': 605.06, 'ask': 605.25}","{'bid': 604.55, 'ask': 604.87}",440,605.02,605.06,604.55,604.76
2025-01-29 10:30:00,2025-01-29T10:30:00,2025-01-29T10:30:00,"{'bid': 604.77, 'ask': 604.94}","{'bid': 605.08, 'ask': 605.23}","{'bid': 605.23, 'ask': 605.65}","{'bid': 604.35, 'ask': 604.79}",452,604.77,605.23,604.35,605.08
2025-01-29 10:45:00,2025-01-29T10:45:00,2025-01-29T10:45:00,"{'bid': 605.06, 'ask': 605.21}","{'bid': 605.2, 'ask': 605.36}","{'bid': 605.3, 'ask': 605.65}","{'bid': 604.75, 'ask': 605.16}",445,605.06,605.3,604.75,605.2
2025-01-29 11:00:00,2025-01-29T11:00:00,2025-01-29T11:00:00,"{'bid': 605.21, 'ask': 605.37}","{'bid': 605.0, 'ask': 605.2}","{'bid': 605.21, 'ask': 605.39}","{'bid': 604.75, 'ask': 605.11}",245,605.21,605.21,604.75,605.0
2025-01-29 11:15:00,2025-01-29T11:15:00,2025-01-29T11:15:00,"{'bid': 605.0, 'ask': 605.19}","{'bid': 605.02, 'ask': 605.2}","{'bid': 605.09, 'ask': 605.44}","{'bid': 604.55, 'ask': 605.0}",255,605.0,605.09,604.55,605.02
2025-01-29 11:30:00,2025-01-29T11:30:00,2025-01-29T11:30:00,"{'bid': 605.03, 'ask': 605.2}","{'bid': 605.15, 'ask': 605.36}","{'bid': 605.15, 'ask': 605.65}","{'bid': 604.55, 'ask': 604.92}",286,605.03,605.15,604.55,605.15
2025-01-29 11:45:00,2025-01-29T11:45:00,2025-01-29T11:45:00,"{'bid': 605.16, 'ask': 605.36}","{'bid': 605.34, 'ask': 605.5}","{'bid': 605.53, 'ask': 606.05}","{'bid': 605.12, 'ask': 605.33}",338,605.16,605.53,605.12,605.34
2025-01-29 12:00:00,2025-01-29T12:00:00,2025-01-29T12:00:00,"{'bid': 605.31, 'ask': 605.84}","{'bid': 604.88, 'ask': 605.04}","{'bid': 605.33, 'ask': 605.84}","{'bid': 604.55, 'ask': 605.04}",538,605.31,605.33,604.55,604.88
2025-01-29 12:15:00,2025-01-29T12:15:00,2025-01-29T12:15:00,"{'bid': 604.89, 'ask': 605.04}","{'bid': 604.68, 'ask': 604.87}","{'bid': 604.99, 'ask': 605.16}","{'bid': 604.35, 'ask': 604.77}",542,604.89,604.99,604.35,604.68
2025-01-29 12:30:00,2025-01-29T12:30:00,2025-01-29T12:30:00,"{'bid': 604.68, 'ask': 604.86}","{'bid': 604.45, 'ask': 604.59}","{'bid': 604.73, 'ask': 604.93}","{'bid': 604.35, 'ask': 604.59}",360,604.68,604.73,604.35,604.45
2025-01-29 12:45:00,2025-01-29T12:45:00,2025-01-29T12:45:00,"{'bid': 604.45, 'ask': 604.6}","{'bid': 604.53, 'ask': 604.67}","{'bid': 604.6, 'ask': 604.85}","{'bid': 604.28, 'ask': 604.41}",480,604.45,604.6,604.28,604.53
2025-01-29 13:00:00,2025-01-29T13:00:00,2025-01-29T13:00:00,"{'bid': 604.53, 'ask': 604.68}","{'bid': 603.65, 'ask': 603.8}","{'bid': 604.53, 'ask': 604.7}","{'bid': 603.5, 'ask': 603.72}",988,604.53,604.53,603.5,603.65
2025-01-29 13:15:00,2025-01-29T13:15:00,2025-01-29T13:15:00,"{'bid': 603.64, 'ask': 603.8}","{'bid': 603.2, 'ask': 603.35}","{'bid': 603.81, 'ask': 604.09}","{'bid': 603.06, 'ask': 603.18}",1932,603.64,603.81,603.06,603.2
2025-01-29 13:30:00,2025-01-29T13:30:00,2025-01-29T13:30:00,"{'bid': 603.19, 'ask': 603.35}","{'bid': 603.05, 'ask': 603.21}","{'bid': 603.4, 'ask': 603.61}","{'bid': 602.39, 'ask': 602.96}",1570,603.19,603.4,602.39,603.05
2025-01-29 13:45:00,2025-01-29T13:45:00,2025-01-29T13:45:00,"{'bid': 603.07, 'ask': 603.21}","{'bid': 603.46, 'ask': 603.6}","{'bid': 603.46, 'ask': 603.66}","{'bid': 602.82, 'ask': 602.96}",1112,603.07,603.46,602.82,603.46
2025-01-29 14:00:00,2025-01-29T14:00:00,2025-01-29T14:00:00,"{'bid': 603.46, 'ask': 603.59}","{'bid': 603.61, 'ask': 603.75}","{'bid': 603.71, 'ask': 603.87}","{'bid': 603.21, 'ask': 603.35}",1249,603.46,603.71,603.21,603.61
2025-01-29 14:15:00,2025-01-29T14:15:00,2025-01-29T14:15:00,"{'bid': 603.61, 'ask': 603.74}","{'bid': 603.62, 'ask': 603.77}","{'bid': 603.93, 'ask': 604.08}","{'bid': 603.45, 'ask': 603.6}",1186,603.61,603.93,603.45,603.62
2025-01-29 14:30:00,2025-01-29T14:30:00,2025-01-29T14:30:00,"{'bid': 603.64, 'ask': 603.79}","{'bid': 602.62, 'ask': 602.75}","{'bid': 603.93, 'ask': 604.07}","{'bid': 602.38, 'ask': 602.51}",4710,603.64,603.93,602.38,602.62
2025-01-29 14:45:00,2025-01-29T14:45:00,2025-01-29T14:45:00,"{'bid': 602.62, 'ask': 602.76}","{'bid': 603.24, 'ask': 603.36}","{'bid': 603.53, 'ask': 603.65}","{'bid': 602.45, 'ask': 602.57}",4015,602.62,603.53,602.45,603.24
2025-01-29 15:00:00,2025-01-29T15:00:00,2025-01-29T15:00:00,"{'bid': 603.25, 'ask': 603.38}","{'bid': 603.29, 'ask': 603.41}","{'bid': 604.06, 'ask': 604.18}","{'bid': 602.75, 'ask': 602.87}",3419,603.25,604.06,602.75,603.29
2025-01-29 15:15:00,2025-01-29T15:15:00,2025-01-29T15:15:00,"{'bid': 603.31, 'ask': 603.44}","{'bid': 602.92, 'ask': 603.04}","{'bid': 603.77, 'ask': 603.9}","{'bid': 602.68, 'ask': 602.81}",3625,603.31,603.77,602.68,602.92
2025-01-29 15:30:00,2025-01-29T15:30:00,2025-01-29T15:30:00,"{'bid': 602.92, 'ask': 603.05}","{'bid': 602.69, 'ask': 602.82}","{'bid': 603.44, 'ask': 603.57}","{'bid': 602.44, 'ask': 602.57}",3165,602.92,603.44,602.44,602.69
2025-01-29 15:45:00,2025-01-29T15:45:00,2025-01-29T15:45:00,"{'bid': 602.69, 'ask': 602.81}","{'bid': 602.73, 'ask': 602.87}","{'bid': 603.19, 'ask': 603.32}","{'bid': 602.42, 'ask': 602.55}",2905,602.69,603.19,602.42,602.73
2025-01-29 16:00:00,2025-01-29T16:00:00,2025-01-29T16:00:00,"{'bid': 602.74, 'ask': 602.87}","{'bid': 602.61, 'ask': 602.73}","{'bid': 603.11, 'ask': 603.23}","{'bid': 602.22, 'ask': 602.35}",3058,602.74,603.11,602.22,602.61
2025-01-29 16:15:00,2025-01-29T16:15:00,2025-01-29T16:15:00,"{'bid': 602.6, 'ask': 602.73}","{'bid': 602.39, 'ask': 602.53}","{'bid': 602.71, 'ask': 602.83}","{'bid': 602.15, 'ask': 602.28}",2547,602.6,602.71,602.15,602.39
2025-01-29 16:30:00,2025-01-29T16:30:00,2025-01-29T16:30:00,"{'bid': 602.39, 'ask': 602.51}","{'bid': 602.5, 'ask': 602.62}","{'bid': 602.89, 'ask': 603.02}","{'bid': 601.88, 'ask': 602.0}",2530,602.39,602.89,601.88,602.5
2025-01-29 16:45:00,2025-01-29T16:45:00,2025-01-29T16:45:00,"{'bid': 602.51, 'ask': 602.64}","{'bid': 602.22, 'ask': 602.35}","{'bid': 602.91, 'ask': 603.04}","{'bid': 601.97, 'ask': 602.1}",2543,602.51,602.91,601.97,602.22
2025-01-29 17:00:00,2025-01-29T17:00:00,2025-01-29T17:00:00,"{'bid': 602.22, 'ask': 602.34}","{'bid': 602.8, 'ask': 602.93}","{'bid': 603.16, 'ask': 603.29}","{'bid': 602.15, 'ask': 602.27}",2536,602.22,603.16,602.15,602.8
2025-01-29 17:15:00,2025-01-29T17:15:00,2025-01-29T17:15:00,"{'bid': 602.81, 'ask': 602.94}","{'bid': 603.02, 'ask': 603.15}","{'bid': 603.38, 'ask': 603.51}","{'bid': 602.77, 'ask': 602.89}",2005,602.81,603.38,602.77,603.02
2025-01-29 17:30:00,2025-01-29T17:30:00,2025-01-29T17:30:00,"{'bid': 603.03, 'ask': 603.15}","{'bid': 602.74, 'ask': 602.86}","{'bid': 603.25, 'ask': 603.37}","{'bid': 602.67, 'ask': 602.79}",1884,603.03,603.25,602.67,602.74
2025-01-29 17:45:00,2025-01-29T17:45:00,2025-01-29T17:45:00,"{'bid': 602.72, 'ask': 602.84}","{'bid': 602.03, 'ask': 602.15}","{'bid': 602.73, 'ask': 602.86}","{'bid': 601.88, 'ask': 602.01}",1967,602.72,602.73,601.88,602.03
2025-01-29 18:00:00,2025-01-29T18:00:00,2025-01-29T18:00:00,"{'bid': 602.03, 'ask': 602.16}","{'bid': 601.57, 'ask': 601.7}","{'bid': 602.28, 'ask': 602.4}","{'bid': 599.6, 'ask': 599.72}",5872,602.03,602.28,599.6,601.57
2025-01-29 18:15:00,2025-01-29T18:15:00,2025-01-29T18:15:00,"{'bid': 601.57, 'ask': 601.69}","{'bid': 602.26, 'ask': 602.39}","{'bid': 602.29, 'ask': 602.42}","{'bid': 601.09, 'ask': 601.21}",3419,601.57,602.29,601.09,602.26
2025-01-29 18:30:00,2025-01-29T18:30:00,2025-01-29T18:30:00,"{'bid': 602.28, 'ask': 602.4}","{'bid': 601.5, 'ask': 601.62}","{'bid': 602.56, 'ask': 602.68}","{'bid': 601.29, 'ask': 601.42}",3068,602.28,602.56,601.29,601.5
2025-01-29 18:45:00,2025-01-29T18:45:00,2025-01-29T18:45:00,"{'bid': 601.49, 'ask': 601.62}","{'bid': 601.41, 'ask': 601.59}","{'bid': 602.17, 'ask': 602.29}","{'bid': 601.35, 'ask': 601.48}",2177,601.49,602.17,601.35,601.41
2025-01-29 19:00:00,2025-01-29T19:00:00,2025-01-29T19:00:00,"{'bid': 601.38, 'ask': 601.57}","{'bid': 599.95, 'ask': 600.08}","{'bid': 601.38, 'ask': 601.57}","{'bid': 599.54, 'ask': 599.66}",4683,601.38,601.38,599.54,599.95
2025-01-29 19:15:00,2025-01-29T19:15:00,2025-01-29T19:15:00,"{'bid': 599.93, 'ask': 600.06}","{'bid': 599.33, 'ask': 599.46}","{'bid': 600.23, 'ask': 600.35}","{'bid': 599.15, 'ask': 599.27}",3675,599.93,600.23,599.15,599.33
2025-01-29 19:30:00,2025-01-29T19:30:00,2025-01-29T19:30:00,"{'bid': 599.31, 'ask': 599.44}","{'bid': 602.52, 'ask': 602.67}","{'bid': 603.05, 'ask': 603.19}","{'bid': 599.2, 'ask': 599.32}",6515,599.31,603.05,599.2,602.52
2025-01-29 19:45:00,2025-01-29T19:45:00,2025-01-29T19:45:00,"{'bid': 602.51, 'ask': 602.64}","{'bid': 602.25, 'ask': 602.37}","{'bid': 603.21, 'ask': 603.33}","{'bid': 601.64, 'ask': 601.78}",5924,602.51,603.21,601.64,602.25
2025-01-29 20:00:00,2025-01-29T20:00:00,2025-01-29T20:00:00,"{'bid': 602.25, 'ask': 602.39}","{'bid': 601.73, 'ask': 601.86}","{'bid': 602.59, 'ask': 602.71}","{'bid': 600.96, 'ask': 601.09}",5833,602.25,602.59,600.96,601.73
2025-01-29 20:15:00,2025-01-29T20:15:00,2025-01-29T20:15:00,"{'bid': 601.73, 'ask': 601.87}","{'bid': 603.27, 'ask': 603.42}","{'bid': 603.62, 'ask': 603.75}","{'bid': 600.5, 'ask': 600.63}",5315,601.73,603.62,600.5,603.27
2025-01-29 20:30:00,2025-01-29T20:30:00,2025-01-29T20:30:00,"{'bid': 603.28, 'ask': 603.43}","{'bid': 601.9, 'ask': 602.03}","{'bid': 603.6, 'ask': 603.73}","{'bid': 601.56, 'ask': 601.69}",5252,603.28,603.6,601.56,601.9
2025-01-29 20:45:00,2025-01-29T20:45:00,2025-01-29T20:45:00,"{'bid': 601.91, 'ask': 602.05}","{'bid': 601.7, 'ask': 601.84}","{'bid': 602.33, 'ask': 602.46}","{'bid': 600.69, 'ask': 600.81}",6102,601.91,602.33,600.69,601.7
2025-01-29 21:00:00,2025-01-29T21:00:00,2025-01-29T21:00:00,"{'bid': 601.69, 'ask': 601.83}","{'bid': 601.16, 'ask': 601.63}","{'bid': 602.31, 'ask': 605.05}","{'bid': 599.12, 'ask': 599.66}",1495,601.69,602.31,599.12,601.16
2025-01-29 21:15:00,2025-01-29T21:15:00,2025-01-29T21:15:00,"{'bid': 601.16, 'ask': 601.86}","{'bid': 602.41, 'ask': 602.65}","{'bid': 602.79, 'ask': 602.95}","{'bid': 600.47, 'ask': 601.11}",1532,601.16,602.79,600.47,602.41
2025-01-29 21:30:00,2025-01-29T21:30:00,2025-01-29T21:30:00,"{'bid': 602.42, 'ask': 602.64}","{'bid': 602.19, 'ask': 602.41}","{'bid': 602.99, 'ask': 603.45}","{'bid': 600.95, 'ask': 601.32}",2152,602.42,602.99,600.95,602.19
2025-01-29 21:45:00,2025-01-29T21:45:00,2025-01-29T21:45:00,"{'bid': 602.2, 'ask': 602.41}","{'bid': 602.18, 'ask': 602.85}","{'bid': 602.88, 'ask': 603.65}","{'bid': 601.95, 'ask': 602.2}",1347,602.2,602.88,601.95,602.18
2025-01-29 22:00:00,2025-01-29T22:00:00,2025-01-29T22:00:00,"{'bid': 602.18, 'ask': 602.8}","{'bid': 602.65, 'ask': 603.33}","{'bid': 602.91, 'ask': 603.33}","{'bid': 602.18, 'ask': 602.45}",91,602.18,602.91,602.18,602.65
2025-01-29 22:15:00,2025-01-29T22:15:00,2025-01-29T22:15:00,"{'bid': 602.6, 'ask': 602.99}","{'bid': 602.8, 'ask': 603.2}","{'bid': 602.99, 'ask': 603.33}","{'bid': 602.6, 'ask': 602.89}",228,602.6,602.99,602.6,602.8
2025-01-29 22:30:00,2025-01-29T22:30:00,2025-01-29T22:30:00,"{'bid': 602.8, 'ask': 603.35}","{'bid': 602.77, 'ask': 603.2}","{'bid': 603.11, 'ask': 603.35}","{'bid': 602.44, 'ask': 602.92}",67,602.8,603.11,602.44,602.77
2025-01-29 22:45:00,2025-01-29T22:45:00,2025-01-29T22:45:00,"{'bid': 602.89, 'ask': 603.2}","{'bid': 602.03, 'ask': 602.72}","{'bid': 603.29, 'ask': 603.56}","{'bid': 601.95, 'ask': 602.14}",105,602.89,603.29,601.95,602.03
2025-01-29 23:00:00,2025-01-29T23:00:00,2025-01-29T23:00:00,"{'bid': 602.0, 'ask': 602.72}","{'bid': 601.81, 'ask': 602.06}","{'bid': 602.34, 'ask': 603.05}","{'bid': 600.95, 'ask': 601.59}",1272,602.0,602.34,600.95,601.81
2025-01-29 23:15:00,2025-01-29T23:15:00,2025-01-29T23:15:00,"{'bid': 601.81, 'ask': 601.98}","{'bid': 601.18, 'ask': 601.39}","{'bid': 601.81, 'ask': 602.44}","{'bid': 600.95, 'ask': 601.22}",1082,601.81,601.81,600.95,601.18
2025-01-29 23:30:00,2025-01-29T23:30:00,2025-01-29T23:30:00,"{'bid': 601.19, 'ask': 601.44}","{'bid': 601.45, 'ask': 601.68}","{'bid': 601.66, 'ask': 602.45}","{'bid': 600.95, 'ask': 601.32}",742,601.19,601.66,600.95,601.45
2025-01-29 23:45:00,2025-01-29T23:45:00,2025-01-29T23:45:00,"{'bid': 601.46, 'ask': 601.71}","{'bid': 601.73, 'ask': 601.94}","{'bid': 601.89, 'ask': 602.65}","{'bid': 601.29, 'ask': 601.71}",557,601.46,601.89,601.29,601.73
2025-01-30 00:00:00,2025-01-30T00:00:00,2025-01-30T00:00:00,"{'bid': 601.74, 'ask': 601.96}","{'bid': 602.17, 'ask': 602.37}","{'bid': 602.23, 'ask': 602.85}","{'bid': 601.29, 'ask': 601.76}",582,601.74,602.23,601.29,602.17
2025-01-30 00:15:00,2025-01-30T00:15:00,2025-01-30T00:15:00,"{'bid': 602.18, 'ask': 602.37}","{'bid': 602.7, 'ask': 602.85}","{'bid': 602.7, 'ask': 603.44}","{'bid': 601.75, 'ask': 602.37}",369,602.18,602.7,601.75,602.7
2025-01-30 00:30:00,2025-01-30T00:30:00,2025-01-30T00:30:00,"{'bid': 602.7, 'ask': 602.84}","{'bid': 602.78, 'ask': 602.99}","{'bid': 602.9, 'ask': 603.64}","{'bid': 602.37, 'ask': 602.82}",238,602.7,602.9,602.37,602.78
2025-01-30 00:45:00,2025-01-30T00:45:00,2025-01-30T00:45:00,"{'bid': 602.79, 'ask': 602.99}","{'bid': 602.98, 'ask': 603.15}","{'bid': 602.99, 'ask': 603.45}","{'bid': 602.37, 'ask': 602.9}",299,602.79,602.99,602.37,602.98
2025-01-30 09:00:00,2025-01-30T09:00:00,2025-01-30T09:00:00,"{'bid': 604.97, 'ask': 605.2}","{'bid': 604.57, 'ask': 604.76}","{'bid': 604.98, 'ask': 605.26}","{'bid': 604.15, 'ask': 604.64}",738,604.97,604.98,604.15,604.57
2025-01-30 09:15:00,2025-01-30T09:15:00,2025-01-30T09:15:00,"{'bid': 604.57, 'ask': 604.75}","{'bid': 604.52, 'ask': 604.74}","{'bid': 604.84, 'ask': 605.45}","{'bid': 604.42, 'ask': 604.64}",559,604.57,604.84,604.42,604.52
2025-01-30 09:30:00,2025-01-30T09:30:00,2025-01-30T09:30:00,"{'bid': 604.52, 'ask': 604.72}","{'bid': 604.11, 'ask': 604.28}","{'bid': 604.6, 'ask': 605.25}","{'bid': 603.75, 'ask': 604.23}",541,604.52,604.6,603.75,604.11
2025-01-30 09:45:00,2025-01-30T09:45:00,2025-01-30T09:45:00,"{'bid': 604.11, 'ask': 604.29}","{'bid': 603.94, 'ask': 604.15}","{'bid': 604.24, 'ask': 604.85}","{'bid': 603.6, 'ask': 604.06}",539,604.11,604.24,603.6,603.94
2025-01-30 10:00:00,2025-01-30T10:00:00,2025-01-30T10:00:00,"{'bid': 603.95, 'ask': 604.15}","{'bid': 604.06, 'ask': 604.28}","{'bid': 604.26, 'ask': 605.05}","{'bid': 603.8, 'ask': 604.03}",517,603.95,604.26,603.8,604.06
2025-01-30 10:15:00,2025-01-30T10:15:00,2025-01-30T10:15:00,"{'bid': 604.06, 'ask': 604.27}","{'bid': 603.81, 'ask': 604.01}","{'bid': 604.16, 'ask': 604.85}","{'bid': 603.6, 'ask': 603.75}",484,604.06,604.16,603.6,603.81
2025-01-30 10:30:00,2025-01-30T10:30:00,2025-01-30T10:30:00,"{'bid': 603.8, 'ask': 604.0}","{'bid': 604.0, 'ask': 604.19}","{'bid': 604.21, 'ask': 604.85}","{'bid': 603.6, 'ask': 604.0}",388,603.8,604.21,603.6,604.0
2025-01-30 10:45:00,2025-01-30T10:45:00,2025-01-30T10:45:00,"{'bid': 603.99, 'ask': 604.19}","{'bid': 603.67, 'ask': 603.87}","{'bid': 604.13, 'ask': 604.85}","{'bid': 603.6, 'ask': 603.87}",333,603.99,604.13,603.6,603.67
2025-01-30 11:00:00,2025-01-30T11:00:00,2025-01-30T11:00:00,"{'bid': 603.64, 'ask': 603.87}","{'bid': 604.24, 'ask': 604.44}","{'bid': 604.26, 'ask': 604.65}","{'bid': 603.6, 'ask': 603.86}",387,603.64,604.26,603.6,604.24
2025-01-30 11:15:00,2025-01-30T11:15:00,2025-01-30T11:15:00,"{'bid': 604.25, 'ask': 604.44}","{'bid': 604.22, 'ask': 604.4}","{'bid': 604.42, 'ask': 605.05}","{'bid': 604.14, 'ask': 604.33}",375,604.25,604.42,604.14,604.22
2025-01-30 11:30:00,2025-01-30T11:30:00,2025-01-30T11:30:00,"{'bid': 604.19, 'ask': 604.38}","{'bid': 603.94, 'ask': 604.12}","{'bid': 604.22, 'ask': 604.85}","{'bid': 603.6, 'ask': 604.06}",639,604.19,604.22,603.6,603.94
2025-01-30 11:45:00,2025-01-30T11:45:00,2025-01-30T11:45:00,"{'bid': 603.94, 'ask': 604.11}","{'bid': 603.65, 'ask': 603.85}","{'bid': 604.06, 'ask': 604.65}","{'bid': 603.15, 'ask': 603.75}",610,603.94,604.06,603.15,603.65
2025-01-30 12:00:00,2025-01-30T12:00:00,2025-01-30T12:00:00,"{'bid': 603.66, 'ask': 603.86}","{'bid': 603.17, 'ask': 603.36}","{'bid': 603.91, 'ask': 604.05}","{'bid': 602.35, 'ask': 603.13}",1189,603.66,603.91,602.35,603.17
2025-01-30 12:15:00,2025-01-30T12:15:00,2025-01-30T12:15:00,"{'bid': 603.17, 'ask': 603.35}","{'bid': 602.69, 'ask': 602.87}","{'bid': 603.17, 'ask': 603.45}","{'bid': 602.22, 'ask': 602.53}",1181,603.17,603.17,602.22,602.69
2025-01-30 12:30:00,2025-01-30T12:30:00,2025-01-30T12:30:00,"{'bid': 602.68, 'ask': 602.85}","{'bid': 603.15, 'ask': 603.32}","{'bid': 603.37, 'ask': 603.59}","{'bid': 602.22, 'ask': 602.58}",826,602.68,603.37,602.22,603.15
2025-01-30 12:45:00,2025-01-30T12:45:00,2025-01-30T12:45:00,"{'bid': 603.16, 'ask': 603.32}","{'bid': 603.21, 'ask': 603.37}","{'bid': 603.4, 'ask': 603.59}","{'bid': 602.42, 'ask': 603.16}",679,603.16,603.4,602.42,603.21
2025-01-30 13:00:00,2025-01-30T13:00:00,2025-01-30T13:00:00,"{'bid': 603.21, 'ask': 603.38}","{'bid': 603.47, 'ask': 603.71}","{'bid': 603.53, 'ask': 604.05}","{'bid': 602.35, 'ask': 603.05}",922,603.21,603.53,602.35,603.47
2025-01-30 13:15:00,2025-01-30T13:15:00,2025-01-30T13:15:00,"{'bid': 603.46, 'ask': 603.71}","{'bid': 603.1, 'ask': 603.7}","{'bid': 603.61, 'ask': 604.05}","{'bid': 603.1, 'ask': 603.22}",1296,603.46,603.61,603.1,603.1
2025-01-30 13:30:00,2025-01-30T13:30:00,2025-01-30T13:30:00,"{'bid': 602.95, 'ask': 603.7}","{'bid': 603.05, 'ask': 603.2}","{'bid': 603.84, 'ask': 604.05}","{'bid': 602.81, 'ask': 602.99}",1883,602.95,603.84,602.81,603.05
2025-01-30 13:45:00,2025-01-30T13:45:00,2025-01-30T13:45:00,"{'bid': 603.08, 'ask': 603.24}","{'bid': 603.99, 'ask': 604.14}","{'bid': 604.04, 'ask': 604.55}","{'bid': 602.82, 'ask': 602.98}",1491,603.08,604.04,602.82,603.99
2025-01-30 14:00:00,2025-01-30T14:00:00,2025-01-30T14:00:00,"{'bid': 604.0, 'ask': 604.14}","{'bid': 603.65, 'ask': 603.78}","{'bid': 604.1, 'ask': 604.55}","{'bid': 603.15, 'ask': 603.62}",1656,604.0,604.1,603.15,603.65
2025-01-30 14:15:00,2025-01-30T14:15:00,2025-01-30T14:15:00,"{'bid': 603.64, 'ask': 603.77}","{'bid': 603.88, 'ask': 604.02}","{'bid': 604.1, 'ask': 604.55}","{'bid': 602.7, 'ask': 603.15}",1986,603.64,604.1,602.7,603.88
2025-01-30 14:30:00,2025-01-30T14:30:00,2025-01-30T14:30:00,"{'bid': 603.91, 'ask': 604.06}","{'bid': 604.37, 'ask': 604.49}","{'bid': 604.65, 'ask': 604.77}","{'bid': 603.3, 'ask': 603.42}",4579,603.91,604.65,603.3,604.37
2025-01-30 14:45:00,2025-01-30T14:45:00,2025-01-30T14:45:00,"{'bid': 604.38, 'ask': 604.5}","{'bid': 604.85, 'ask': 604.99}","{'bid': 605.92, 'ask': 606.04}","{'bid': 604.25, 'ask': 604.37}",3750,604.38,605.92,604.25,604.85
2025-01-30 15:00:00,2025-01-30T15:00:00,2025-01-30T15:00:00,"{'bid': 604.88, 'ask': 605.01}","{'bid': 603.63, 'ask': 603.76}","{'bid': 604.9, 'ask': 605.04}","{'bid': 603.01, 'ask': 603.14}",4782,604.88,604.9,603.01,603.63
2025-01-30 15:15:00,2025-01-30T15:15:00,2025-01-30T15:15:00,"{'bid': 603.65, 'ask': 603.79}","{'bid': 602.55, 'ask': 602.68}","{'bid': 603.92, 'ask': 604.04}","{'bid': 602.35, 'ask': 602.48}",4335,603.65,603.92,602.35,602.55
2025-01-30 15:30:00,2025-01-30T15:30:00,2025-01-30T15:30:00,"{'bid': 602.56, 'ask': 602.71}","{'bid': 603.19, 'ask': 603.31}","{'bid': 603.82, 'ask': 603.95}","{'bid': 602.01, 'ask': 602.14}",3817,602.56,603.82,602.01,603.19
2025-01-30 15:45:00,2025-01-30T15:45:00,2025-01-30T15:45:00,"{'bid': 603.19, 'ask': 603.32}","{'bid': 601.42, 'ask': 601.55}","{'bid': 603.57, 'ask': 603.71}","{'bid': 601.35, 'ask': 601.49}",3961,603.19,603.57,601.35,601.42
2025-01-30 16:00:00,2025-01-30T16:00:00,2025-01-30T16:00:00,"{'bid': 601.41, 'ask': 601.53}","{'bid': 600.71, 'ask': 600.85}","{'bid': 601.81, 'ask': 601.93}","{'bid': 600.65, 'ask': 600.79}",4038,601.41,601.81,600.65,600.71
2025-01-30 16:15:00,2025-01-30T16:15:00,2025-01-30T16:15:00,"{'bid': 600.72, 'ask': 600.85}","{'bid': 602.89, 'ask': 603.01}","{'bid': 602.89, 'ask': 603.01}","{'bid': 600.72, 'ask': 600.85}",3625,600.72,602.89,600.72,602.89
2025-01-30 16:30:00,2025-01-30T16:30:00,2025-01-30T16:30:00,"{'bid': 602.87, 'ask': 603.0}","{'bid': 603.06, 'ask': 603.18}","{'bid': 603.12, 'ask': 603.25}","{'bid': 602.22, 'ask': 602.35}",2723,602.87,603.12,602.22,603.06
2025-01-30 16:45:00,2025-01-30T16:45:00,2025-01-30T16:45:00,"{'bid': 603.07, 'ask': 603.2}","{'bid': 603.99, 'ask': 604.12}","{'bid': 604.27, 'ask': 604.4}","{'bid': 602.96, 'ask': 603.08}",2225,603.07,604.27,602.96,603.99
2025-01-30 17:00:00,2025-01-30T17:00:00,2025-01-30T17:00:00,"{'bid': 603.99, 'ask': 604.11}","{'bid': 602.97, 'ask': 603.1}","{'bid': 603.99, 'ask': 604.11}","{'bid': 602.89, 'ask': 603.01}",2984,603.99,603.99,602.89,602.97
2025-01-30 17:15:00,2025-01-30T17:15:00,2025-01-30T17:15:00,"{'bid': 602.96, 'ask': 603.09}","{'bid': 602.3, 'ask': 602.42}","{'bid': 603.09, 'ask': 603.22}","{'bid': 602.0, 'ask': 602.13}",2767,602.96,603.09,602.0,602.3
2025-01-30 17:30:00,2025-01-30T17:30:00,2025-01-30T17:30:00,"{'bid': 602.29, 'ask': 602.42}","{'bid': 602.49, 'ask': 602.62}","{'bid': 603.14, 'ask': 603.26}","{'bid': 602.11, 'ask': 602.23}",2528,602.29,603.14,602.11,602.49
2025-01-30 17:45:00,2025-01-30T17:45:00,2025-01-30T17:45:00,"{'bid': 602.51, 'ask': 602.63}","{'bid': 603.29, 'ask': 603.41}","{'bid': 603.3, 'ask': 603.43}","{'bid': 602.41, 'ask': 602.53}",2207,602.51,603.3,602.41,603.29
2025-01-30 18:00:00,2025-01-30T18:00:00,2025-01-30T18:00:00,"{'bid': 603.27, 'ask': 603.39}","{'bid': 603.7, 'ask': 603.83}","{'bid': 603.9, 'ask': 604.03}","{'bid': 603.12, 'ask': 603.24}",1947,603.27,603.9,603.12,603.7
2025-01-30 18:15:00,2025-01-30T18:15:00,2025-01-30T18:15:00,"{'bid': 603.72, 'ask': 603.85}","{'bid': 603.95, 'ask': 604.07}","{'bid': 604.25, 'ask': 604.38}","{'bid': 603.64, 'ask': 603.77}",2005,603.72,604.25,603.64,603.95
2025-01-30 18:30:00,2025-01-30T18:30:00,2025-01-30T18:30:00,"{'bid': 603.93, 'ask': 604.06}","{'bid': 604.63, 'ask': 604.76}","{'bid': 605.0, 'ask': 605.13}","{'bid': 603.87, 'ask': 604.0}",1861,603.93,605.0,603.87,604.63
2025-01-30 18:45:00,2025-01-30T18:45:00,2025-01-30T18:45:00,"{'bid': 604.64, 'ask': 604.77}","{'bid': 604.89, 'ask': 605.02}","{'bid': 605.02, 'ask': 605.14}","{'bid': 604.59, 'ask': 604.72}",1760,604.64,605.02,604.59,604.89
2025-01-30 19:00:00,2025-01-30T19:00:00,2025-01-30T19:00:00,"{'bid': 604.9, 'ask': 605.03}","{'bid': 605.07, 'ask': 605.2}","{'bid': 605.17, 'ask': 605.29}","{'bid': 604.49, 'ask': 604.62}",1808,604.9,605.17,604.49,605.07
2025-01-30 19:15:00,2025-01-30T19:15:00,2025-01-30T19:15:00,"{'bid': 605.07, 'ask': 605.19}","{'bid': 604.89, 'ask': 605.01}","{'bid': 605.13, 'ask': 605.25}","{'bid': 604.75, 'ask': 604.87}",1616,605.07,605.13,604.75,604.89
2025-01-30 19:30:00,2025-01-30T19:30:00,2025-01-30T19:30:00,"{'bid': 604.88, 'ask': 605.01}","{'bid': 604.81, 'ask': 604.93}","{'bid': 604.91, 'ask': 605.04}","{'bid': 604.54, 'ask': 604.66}",1754,604.88,604.91,604.54,604.81
2025-01-30 19:45:00,2025-01-30T19:45:00,2025-01-30T19:45:00,"{'bid': 604.81, 'ask': 604.94}","{'bid': 605.62, 'ask': 605.74}","{'bid': 605.65, 'ask': 605.78}","{'bid': 604.74, 'ask': 604.87}",1448,604.81,605.65,604.74,605.62
2025-01-30 20:00:00,2025-01-30T20:00:00,2025-01-30T20:00:00,"{'bid': 605.61, 'ask': 605.73}","{'bid': 606.03, 'ask': 606.16}","{'bid': 606.15, 'ask': 606.27}","{'bid': 605.55, 'ask': 605.68}",1690,605.61,606.15,605.55,606.03
2025-01-30 20:15:00,2025-01-30T20:15:00,2025-01-30T20:15:00,"{'bid': 606.02, 'ask': 606.15}","{'bid': 606.24, 'ask': 606.36}","{'bid': 606.54, 'ask': 606.66}","{'bid': 605.94, 'ask': 606.07}",1695,606.02,606.54,605.94,606.24
2025-01-30 20:30:00,2025-01-30T20:30:00,2025-01-30T20:30:00,"{'bid': 606.23, 'ask': 606.35}","{'bid': 602.16, 'ask': 602.31}","{'bid': 606.26, 'ask': 606.38}","{'bid': 601.85, 'ask': 601.98}",5267,606.23,606.26,601.85,602.16
2025-01-30 20:45:00,2025-01-30T20:45:00,2025-01-30T20:45:00,"{'bid': 602.16, 'ask': 602.3}","{'bid': 604.88, 'ask': 605.01}","{'bid': 605.54, 'ask': 605.67}","{'bid': 601.75, 'ask': 601.89}",8077,602.16,605.54,601.75,604.88
2025-01-30 21:00:00,2025-01-30T21:00:00,2025-01-30T21:00:00,"{'bid': 604.86, 'ask': 604.99}","{'bid': 604.6, 'ask': 604.75}","{'bid': 605.53, 'ask': 605.74}","{'bid': 603.83, 'ask': 604.02}",3161,604.86,605.53,603.83,604.6
2025-01-30 21:15:00,2025-01-30T21:15:00,2025-01-30T21:15:00,"{'bid': 604.6, 'ask': 604.77}","{'bid': 604.35, 'ask': 604.83}","{'bid': 604.87, 'ask': 608.05}","{'bid': 604.35, 'ask': 604.57}",982,604.6,604.87,604.35,604.35
2025-01-30 21:30:00,2025-01-30T21:30:00,2025-01-30T21:30:00,"{'bid': 604.35, 'ask': 605.15}","{'bid': 604.35, 'ask': 604.59}","{'bid': 605.71, 'ask': 606.45}","{'bid': 602.95, 'ask': 603.77}",1988,604.35,605.71,602.95,604.35
2025-01-30 21:45:00,2025-01-30T21:45:00,2025-01-30T21:45:00,"{'bid': 604.35, 'ask': 604.57}","{'bid': 604.19, 'ask': 604.8}","{'bid': 604.63, 'ask': 604.8}","{'bid': 603.86, 'ask': 604.1}",1106,604.35,604.63,603.86,604.19
2025-01-30 22:00:00,2025-01-30T22:00:00,2025-01-30T22:00:00,"{'bid': 604.09, 'ask': 604.5}","{'bid': 604.3, 'ask': 604.5}","{'bid': 604.3, 'ask': 604.8}","{'bid': 604.0, 'ask': 604.25}",78,604.09,604.3,604.0,604.3
2025-01-30 22:15:00,2025-01-30T22:15:00,2025-01-30T22:15:00,"{'bid': 604.3, 'ask': 604.52}","{'bid': 605.63, 'ask': 605.95}","{'bid': 605.63, 'ask': 606.54}","{'bid': 604.3, 'ask': 604.5}",175,604.3,605.63,604.3,605.63
2025-01-30 22:30:00,2025-01-30T22:30:00,2025-01-30T22:30:00,"{'bid': 605.65, 'ask': 605.95}","{'bid': 605.63, 'ask': 605.89}","{'bid': 605.96, 'ask': 606.54}","{'bid': 604.3, 'ask': 605.64}",94,605.65,605.96,604.3,605.63
2025-01-30 22:45:00,2025-01-30T22:45:00,2025-01-30T22:45:00,"{'bid': 605.63, 'ask': 605.88}","{'bid': 605.45, 'ask': 606.1}","{'bid': 605.83, 'ask': 606.1}","{'bid': 605.45, 'ask': 605.76}",58,605.63,605.83,605.45,605.45
2025-01-30 23:00:00,2025-01-30T23:00:00,2025-01-30T23:00:00,"{'bid': 605.45, 'ask': 606.19}","{'bid': 605.98, 'ask': 606.17}","{'bid': 606.16, 'ask': 606.54}","{'bid': 605.15, 'ask': 605.47}",862,605.45,606.16,605.15,605.98
2025-01-30 23:15:00,2025-01-30T23:15:00,2025-01-30T23:15:00,"{'bid': 605.97, 'ask': 606.16}","{'bid': 605.28, 'ask': 605.56}","{'bid': 606.1, 'ask': 606.29}","{'bid': 604.76, 'ask': 605.47}",288,605.97,606.1,604.76,605.28
2025-01-30 23:30:00,2025-01-30T23:30:00,2025-01-30T23:30:00,"{'bid': 605.28, 'ask': 605.57}","{'bid': 605.35, 'ask': 605.53}","{'bid': 605.47, 'ask': 605.89}","{'bid': 604.63, 'ask': 605.31}",292,605.28,605.47,604.63,605.35
2025-01-30 23:45:00,2025-01-30T23:45:00,2025-01-30T23:45:00,"{'bid': 605.34, 'ask': 605.53}","{'bid': 605.85, 'ask': 606.03}","{'bid': 605.94, 'ask': 606.3}","{'bid': 605.27, 'ask': 605.47}",470,605.34,605.94,605.27,605.85
2025-01-31 00:00:00,2025-01-31T00:00:00,2025-01-31T00:00:00,"{'bid': 605.86, 'ask': 606.03}","{'bid': 605.6, 'ask': 605.81}","{'bid': 605.86, 'ask': 606.05}","{'bid': 604.95, 'ask': 605.53}",526,605.86,605.86,604.95,605.6
2025-01-31 00:15:00,2025-01-31T00:15:00,2025-01-31T00:15:00,"{'bid': 605.6, 'ask': 605.8}","{'bid': 605.79, 'ask': 605.98}","{'bid': 605.83, 'ask': 606.05}","{'bid': 605.35, 'ask': 605.71}",333,605.6,605.83,605.35,605.79
2025-01-31 00:30:00,2025-01-31T00:30:00,2025-01-31T00:30:00,"{'bid': 605.79, 'ask': 606.0}","{'bid': 605.83, 'ask': 606.03}","{'bid': 605.84, 'ask': 606.05}","{'bid': 605.61, 'ask': 605.83}",214,605.79,605.84,605.61,605.83
2025-01-31 00:45:00,2025-01-31T00:45:00,2025-01-31T00:45:00,"{'bid': 605.87, 'ask': 606.05}","{'bid': 605.78, 'ask': 605.96}","{'bid': 606.03, 'ask': 606.45}","{'bid': 605.35, 'ask': 605.94}",281,605.87,606.03,605.35,605.78
2025-01-31 09:00:00,2025-01-31T09:00:00,2025-01-31T09:00:00,"{'bid': 607.09, 'ask': 607.31}","{'bid': 607.65, 'ask': 607.84}","{'bid': 607.74, 'ask': 608.24}","{'bid': 606.55, 'ask': 607.19}",571,607.09,607.74,606.55,607.65
2025-01-31 09:15:00,2025-01-31T09:15:00,2025-01-31T09:15:00,"{'bid': 607.66, 'ask': 607.83}","{'bid': 607.89, 'ask': 608.09}","{'bid': 607.89, 'ask': 608.45}","{'bid': 607.15, 'ask': 607.67}",361,607.66,607.89,607.15,607.89
2025-01-31 09:30:00,2025-01-31T09:30:00,2025-01-31T09:30:00,"{'bid': 607.9, 'ask': 608.1}","{'bid': 607.68, 'ask': 607.83}","{'bid': 607.98, 'ask': 608.65}","{'bid': 607.15, 'ask': 607.83}",364,607.9,607.98,607.15,607.68
2025-01-31 09:45:00,2025-01-31T09:45:00,2025-01-31T09:45:00,"{'bid': 607.69, 'ask': 607.83}","{'bid': 607.56, 'ask': 607.78}","{'bid': 607.76, 'ask': 608.45}","{'bid': 606.95, 'ask': 607.69}",389,607.69,607.76,606.95,607.56
2025-01-31 10:00:00,2025-01-31T10:00:00,2025-01-31T10:00:00,"{'bid': 607.57, 'ask': 607.78}","{'bid': 607.54, 'ask': 607.69}","{'bid': 607.71, 'ask': 608.25}","{'bid': 606.95, 'ask': 607.61}",431,607.57,607.71,606.95,607.54
2025-01-31 10:15:00,2025-01-31T10:15:00,2025-01-31T10:15:00,"{'bid': 607.56, 'ask': 607.72}","{'bid': 607.76, 'ask': 607.91}","{'bid': 607.82, 'ask': 608.45}","{'bid': 607.44, 'ask': 607.65}",318,607.56,607.82,607.44,607.76
2025-01-31 10:30:00,2025-01-31T10:30:00,2025-01-31T10:30:00,"{'bid': 607.69, 'ask': 607.89}","{'bid': 607.79, 'ask': 607.94}","{'bid': 607.83, 'ask': 608.38}","{'bid': 607.55, 'ask': 607.75}",328,607.69,607.83,607.55,607.79
2025-01-31 10:45:00,2025-01-31T10:45:00,2025-01-31T10:45:00,"{'bid': 607.73, 'ask': 607.93}","{'bid': 607.57, 'ask': 607.72}","{'bid': 607.82, 'ask': 607.99}","{'bid': 606.95, 'ask': 607.66}",427,607.73,607.82,606.95,607.57
2025-01-31 11:00:00,2025-01-31T11:00:00,2025-01-31T11:00:00,"{'bid': 607.52, 'ask': 607.73}","{'bid': 607.72, 'ask': 607.92}","{'bid': 607.86, 'ask': 608.04}","{'bid': 607.15, 'ask': 607.73}",368,607.52,607.86,607.15,607.72
2025-01-31 11:15:00,2025-01-31T11:15:00,2025-01-31T11:15:00,"{'bid': 607.72, 'ask': 607.91}","{'bid': 607.84, 'ask': 608.02}","{'bid': 607.98, 'ask': 608.17}","{'bid': 607.72, 'ask': 607.87}",208,607.72,607.98,607.72,607.84
2025-01-31 11:30:00,2025-01-31T11:30:00,2025-01-31T11:30:00,"{'bid': 607.84, 'ask': 608.01}","{'bid': 607.92, 'ask': 608.09}","{'bid': 607.98, 'ask': 608.18}","{'bid': 607.15, 'ask': 607.88}",272,607.84,607.98,607.15,607.92
2025-01-31 11:45:00,2025-01-31T11:45:00,2025-01-31T11:45:00,"{'bid': 607.93, 'ask': 608.09}","{'bid': 608.04, 'ask': 608.17}","{'bid': 608.04, 'ask': 608.18}","{'bid': 607.15, 'ask': 607.92}",281,607.93,608.04,607.15,608.04
2025-01-31 12:00:00,2025-01-31T12:00:00,2025-01-31T12:00:00,"{'bid': 608.04, 'ask': 608.18}","{'bid': 607.88, 'ask': 608.03}","{'bid': 608.07, 'ask': 608.85}","{'bid': 607.15, 'ask': 607.88}",468,608.04,608.07,607.15,607.88
2025-01-31 12:15:00,2025-01-31T12:15:00,2025-01-31T12:15:00,"{'bid': 607.88, 'ask': 608.04}","{'bid': 607.88, 'ask': 608.04}","{'bid': 608.09, 'ask': 608.64}","{'bid': 607.71, 'ask': 607.91}",346,607.88,608.09,607.71,607.88
2025-01-31 12:30:00,2025-01-31T12:30:00,2025-01-31T12:30:00,"{'bid': 607.88, 'ask': 608.05}","{'bid': 607.87, 'ask': 608.01}","{'bid': 607.94, 'ask': 608.65}","{'bid': 607.59, 'ask': 607.78}",432,607.88,607.94,607.59,607.87
2025-01-31 12:45:00,2025-01-31T12:45:00,2025-01-31T12:45:00,"{'bid': 607.87, 'ask': 608.02}","{'bid': 607.72, 'ask': 607.86}","{'bid': 607.98, 'ask': 608.65}","{'bid': 607.15, 'ask': 607.81}",503,607.87,607.98,607.15,607.72
2025-01-31 13:00:00,2025-01-31T13:00:00,2025-01-31T13:00:00,"{'bid': 607.72, 'ask': 607.85}","{'bid': 607.72, 'ask': 607.85}","{'bid': 607.79, 'ask': 607.92}","{'bid': 607.15, 'ask': 607.68}",798,607.72,607.79,607.15,607.72
2025-01-31 13:15:00,2025-01-31T13:15:00,2025-01-31T13:15:00,"{'bid': 607.71, 'ask': 607.85}","{'bid': 607.65, 'ask': 608.0}","{'bid': 607.89, 'ask': 608.03}","{'bid': 607.55, 'ask': 607.78}",651,607.71,607.89,607.55,607.65
2025-01-31 13:30:00,2025-01-31T13:30:00,2025-01-31T13:30:00,"{'bid': 607.65, 'ask': 608.03}","{'bid': 607.7, 'ask': 607.85}","{'bid': 608.0, 'ask': 608.36}","{'bid': 607.27, 'ask': 607.41}",1602,607.65,608.0,607.27,607.7
2025-01-31 13:45:00,2025-01-31T13:45:00,2025-01-31T13:45:00,"{'bid': 607.69, 'ask': 607.84}","{'bid': 607.85, 'ask': 608.01}","{'bid': 608.05, 'ask': 608.22}","{'bid': 607.45, 'ask': 607.6}",1127,607.69,608.05,607.45,607.85
2025-01-31 14:00:00,2025-01-31T14:00:00,2025-01-31T14:00:00,"{'bid': 607.85, 'ask': 607.99}","{'bid': 607.0, 'ask': 607.14}","{'bid': 607.85, 'ask': 608.0}","{'bid': 606.97, 'ask': 607.1}",1390,607.85,607.85,606.97,607.0
2025-01-31 14:15:00,2025-01-31T14:15:00,2025-01-31T14:15:00,"{'bid': 607.0, 'ask': 607.15}","{'bid': 607.43, 'ask': 607.58}","{'bid': 607.52, 'ask': 607.85}","{'bid': 606.88, 'ask': 607.02}",1500,607.0,607.52,606.88,607.43
2025-01-31 14:30:00,2025-01-31T14:30:00,2025-01-31T14:30:00,"{'bid': 607.4, 'ask': 607.55}","{'bid': 607.71, 'ask': 607.83}","{'bid': 607.91, 'ask': 608.03}","{'bid': 607.0, 'ask': 607.12}",3913,607.4,607.91,607.0,607.71
2025-01-31 14:45:00,2025-01-31T14:45:00,2025-01-31T14:45:00,"{'bid': 607.72, 'ask': 607.84}","{'bid': 608.06, 'ask': 608.18}","{'bid': 608.1, 'ask': 608.22}","{'bid': 607.28, 'ask': 607.41}",3217,607.72,608.1,607.28,608.06
2025-01-31 15:00:00,2025-01-31T15:00:00,2025-01-31T15:00:00,"{'bid': 608.04, 'ask': 608.17}","{'bid': 608.73, 'ask': 608.86}","{'bid': 608.9, 'ask': 609.03}","{'bid': 607.97, 'ask': 608.1}",3284,608.04,608.9,607.97,608.73
2025-01-31 15:15:00,2025-01-31T15:15:00,2025-01-31T15:15:00,"{'bid': 608.74, 'ask': 608.86}","{'bid': 608.9, 'ask': 609.02}","{'bid': 608.96, 'ask': 609.09}","{'bid': 608.24, 'ask': 608.37}",2420,608.74,608.96,608.24,608.9
2025-01-31 15:30:00,2025-01-31T15:30:00,2025-01-31T15:30:00,"{'bid': 608.89, 'ask': 609.02}","{'bid': 608.95, 'ask': 609.07}","{'bid': 609.48, 'ask': 609.6}","{'bid': 608.89, 'ask': 609.01}",2282,608.89,609.48,608.89,608.95
2025-01-31 15:45:00,2025-01-31T15:45:00,2025-01-31T15:45:00,"{'bid': 608.93, 'ask': 609.06}","{'bid': 609.38, 'ask': 609.51}","{'bid': 609.56, 'ask': 609.69}","{'bid': 608.79, 'ask': 608.91}",1936,608.93,609.56,608.79,609.38
2025-01-31 16:00:00,2025-01-31T16:00:00,2025-01-31T16:00:00,"{'bid': 609.4, 'ask': 609.52}","{'bid': 609.74, 'ask': 609.87}","{'bid': 609.9, 'ask': 610.03}","{'bid': 609.4, 'ask': 609.52}",1528,609.4,609.9,609.4,609.74
2025-01-31 16:15:00,2025-01-31T16:15:00,2025-01-31T16:15:00,"{'bid': 609.75, 'ask': 609.88}","{'bid': 609.03, 'ask': 609.15}","{'bid': 609.77, 'ask': 609.89}","{'bid': 609.01, 'ask': 609.13}",1993,609.75,609.77,609.01,609.03
2025-01-31 16:30:00,2025-01-31T16:30:00,2025-01-31T16:30:00,"{'bid': 609.02, 'ask': 609.15}","{'bid': 608.83, 'ask': 608.96}","{'bid': 609.32, 'ask': 609.45}","{'bid': 608.59, 'ask': 608.72}",2271,609.02,609.32,608.59,608.83
2025-01-31 16:45:00,2025-01-31T16:45:00,2025-01-31T16:45:00,"{'bid': 608.84, 'ask': 608.96}","{'bid': 608.83, 'ask': 608.95}","{'bid': 608.92, 'ask': 609.04}","{'bid': 608.47, 'ask': 608.6}",1839,608.84,608.92,608.47,608.83
2025-01-31 17:00:00,2025-01-31T17:00:00,2025-01-31T17:00:00,"{'bid': 608.83, 'ask': 608.96}","{'bid': 608.83, 'ask': 608.95}","{'bid': 608.97, 'ask': 609.09}","{'bid': 607.96, 'ask': 608.09}",2979,608.83,608.97,607.96,608.83
2025-01-31 17:15:00,2025-01-31T17:15:00,2025-01-31T17:15:00,"{'bid': 608.83, 'ask': 608.96}","{'bid': 609.49, 'ask': 609.61}","{'bid': 609.49, 'ask': 609.61}","{'bid': 608.38, 'ask': 608.51}",2117,608.83,609.49,608.38,609.49
2025-01-31 17:30:00,2025-01-31T17:30:00,2025-01-31T17:30:00,"{'bid': 609.48, 'ask': 609.61}","{'bid': 609.18, 'ask': 609.31}","{'bid': 609.68, 'ask': 609.8}","{'bid': 609.1, 'ask': 609.23}",1414,609.48,609.68,609.1,609.18
2025-01-31 17:45:00,2025-01-31T17:45:00,2025-01-31T17:45:00,"{'bid': 609.17, 'ask': 609.3}","{'bid': 609.02, 'ask': 609.15}","{'bid': 609.45, 'ask': 609.57}","{'bid': 608.87, 'ask': 609.0}",1621,609.17,609.45,608.87,609.02
2025-01-31 18:00:00,2025-01-31T18:00:00,2025-01-31T18:00:00,"{'bid': 609.03, 'ask': 609.15}","{'bid': 608.99, 'ask': 609.12}","{'bid': 609.29, 'ask': 609.41}","{'bid': 608.85, 'ask': 608.98}",1370,609.03,609.29,608.85,608.99
2025-01-31 18:15:00,2025-01-31T18:15:00,2025-01-31T18:15:00,"{'bid': 609.0, 'ask': 609.12}","{'bid': 606.78, 'ask': 606.91}","{'bid': 609.14, 'ask': 609.26}","{'bid': 606.64, 'ask': 606.76}",5148,609.0,609.14,606.64,606.78
2025-01-31 18:30:00,2025-01-31T18:30:00,2025-01-31T18:30:00,"{'bid': 606.77, 'ask': 606.9}","{'bid': 605.91, 'ask': 606.04}","{'bid': 606.96, 'ask': 607.1}","{'bid': 604.75, 'ask': 604.87}",6513,606.77,606.96,604.75,605.91
2025-01-31 18:45:00,2025-01-31T18:45:00,2025-01-31T18:45:00,"{'bid': 605.92, 'ask': 606.04}","{'bid': 605.31, 'ask': 605.44}","{'bid': 606.43, 'ask': 606.55}","{'bid': 604.86, 'ask': 604.99}",5161,605.92,606.43,604.86,605.31
2025-01-31 19:00:00,2025-01-31T19:00:00,2025-01-31T19:00:00,"{'bid': 605.31, 'ask': 605.43}","{'bid': 604.79, 'ask': 604.91}","{'bid': 605.84, 'ask': 605.97}","{'bid': 603.24, 'ask': 603.39}",5588,605.31,605.84,603.24,604.79
2025-01-31 19:15:00,2025-01-31T19:15:00,2025-01-31T19:15:00,"{'bid': 604.77, 'ask': 604.9}","{'bid': 604.47, 'ask': 604.6}","{'bid': 605.24, 'ask': 605.36}","{'bid': 603.59, 'ask': 603.72}",4834,604.77,605.24,603.59,604.47
2025-01-31 19:30:00,2025-01-31T19:30:00,2025-01-31T19:30:00,"{'bid': 604.46, 'ask': 604.58}","{'bid': 602.72, 'ask': 602.86}","{'bid': 605.06, 'ask': 605.18}","{'bid': 602.57, 'ask': 602.71}",4704,604.46,605.06,602.57,602.72
2025-01-31 19:45:00,2025-01-31T19:45:00,2025-01-31T19:45:00,"{'bid': 602.71, 'ask': 602.83}","{'bid': 603.55, 'ask': 603.68}","{'bid': 603.98, 'ask': 604.1}","{'bid': 601.89, 'ask': 602.01}",5361,602.71,603.98,601.89,603.55
2025-01-31 20:00:00,2025-01-31T20:00:00,2025-01-31T20:00:00,"{'bid': 603.54, 'ask': 603.66}","{'bid': 601.75, 'ask': 601.87}","{'bid': 603.54, 'ask': 603.66}","{'bid': 601.41, 'ask': 601.54}",5478,603.54,603.54,601.41,601.75
2025-01-31 20:15:00,2025-01-31T20:15:00,2025-01-31T20:15:00,"{'bid': 601.75, 'ask': 601.88}","{'bid': 601.6, 'ask': 601.72}","{'bid': 602.41, 'ask': 602.53}","{'bid': 601.32, 'ask': 601.44}",5355,601.75,602.41,601.32,601.6
2025-01-31 20:30:00,2025-01-31T20:30:00,2025-01-31T20:30:00,"{'bid': 601.6, 'ask': 601.73}","{'bid': 601.19, 'ask': 601.31}","{'bid': 602.15, 'ask': 602.28}","{'bid': 600.99, 'ask': 601.11}",5216,601.6,602.15,600.99,601.19
2025-01-31 20:45:00,2025-01-31T20:45:00,2025-01-31T20:45:00,"{'bid': 601.17, 'ask': 601.29}","{'bid': 601.75, 'ask': 601.88}","{'bid': 603.2, 'ask': 603.33}","{'bid': 601.17, 'ask': 601.29}",6881,601.17,603.2,601.17,601.75
2025-01-31 21:00:00,2025-01-31T21:00:00,2025-01-31T21:00:00,"{'bid': 601.73, 'ask': 601.86}","{'bid': 601.57, 'ask': 601.74}","{'bid': 602.13, 'ask': 602.65}","{'bid': 600.95, 'ask': 601.2}",3077,601.73,602.13,600.95,601.57
2025-01-31 21:15:00,2025-01-31T21:15:00,2025-01-31T21:15:00,"{'bid': 601.56, 'ask': 601.72}","{'bid': 601.73, 'ask': 601.89}","{'bid': 601.95, 'ask': 602.3}","{'bid': 601.15, 'ask': 601.55}",727,601.56,601.95,601.15,601.73
2025-01-31 21:30:00,2025-01-31T21:30:00,2025-01-31T21:30:00,"{'bid': 601.75, 'ask': 601.89}","{'bid': 601.53, 'ask': 601.65}","{'bid': 601.75, 'ask': 601.95}","{'bid': 601.12, 'ask': 601.46}",546,601.75,601.75,601.12,601.53
2025-01-31 21:45:00,2025-01-31T21:45:00,2025-01-31T21:45:00,"{'bid': 601.12, 'ask': 601.64}","{'bid': 601.77, 'ask': 601.96}","{'bid': 601.95, 'ask': 602.3}","{'bid': 601.12, 'ask': 601.59}",424,601.12,601.95,601.12,601.77
2025-02-03 09:00:00,2025-02-03T09:00:00,2025-02-03T09:00:00,"{'bid': 593.32, 'ask': 593.47}","{'bid': 593.06, 'ask': 593.21}","{'bid': 593.71, 'ask': 594.05}","{'bid': 592.45, 'ask': 592.77}",1755,593.32,593.71,592.45,593.06
2025-02-03 09:15:00,2025-02-03T09:15:00,2025-02-03T09:15:00,"{'bid': 593.01, 'ask': 593.21}","{'bid': 592.81, 'ask': 593.0}","{'bid': 593.22, 'ask': 593.39}","{'bid': 592.11, 'ask': 592.32}",1490,593.01,593.22,592.11,592.81
2025-02-03 09:30:00,2025-02-03T09:30:00,2025-02-03T09:30:00,"{'bid': 592.81, 'ask': 593.01}","{'bid': 592.29, 'ask': 592.45}","{'bid': 593.38, 'ask': 593.75}","{'bid': 592.21, 'ask': 592.41}",1210,592.81,593.38,592.21,592.29
2025-02-03 09:45:00,2025-02-03T09:45:00,2025-02-03T09:45:00,"{'bid': 592.31, 'ask': 592.45}","{'bid': 592.11, 'ask': 592.29}","{'bid': 592.49, 'ask': 592.69}","{'bid': 591.85, 'ask': 592.16}",1007,592.31,592.49,591.85,592.11
2025-02-03 10:00:00,2025-02-03T10:00:00,2025-02-03T10:00:00,"{'bid': 592.08, 'ask': 592.29}","{'bid': 592.76, 'ask': 592.93}","{'bid': 592.8, 'ask': 593.25}","{'bid': 591.35, 'ask': 591.86}",1221,592.08,592.8,591.35,592.76
2025-02-03 10:15:00,2025-02-03T10:15:00,2025-02-03T10:15:00,"{'bid': 592.76, 'ask': 592.92}","{'bid': 592.69, 'ask': 592.84}","{'bid': 592.84, 'ask': 593.25}","{'bid': 592.15, 'ask': 592.61}",927,592.76,592.84,592.15,592.69
2025-02-03 10:30:00,2025-02-03T10:30:00,2025-02-03T10:30:00,"{'bid': 592.66, 'ask': 592.9}","{'bid': 593.57, 'ask': 593.74}","{'bid': 593.65, 'ask': 594.05}","{'bid': 592.55, 'ask': 592.89}",994,592.66,593.65,592.55,593.57
2025-02-03 10:45:00,2025-02-03T10:45:00,2025-02-03T10:45:00,"{'bid': 593.57, 'ask': 593.77}","{'bid': 593.38, 'ask': 593.54}","{'bid': 593.67, 'ask': 593.85}","{'bid': 592.95, 'ask': 593.22}",842,593.57,593.67,592.95,593.38
2025-02-03 11:00:00,2025-02-03T11:00:00,2025-02-03T11:00:00,"{'bid': 593.41, 'ask': 593.56}","{'bid': 594.08, 'ask': 594.3}","{'bid': 594.22, 'ask': 594.65}","{'bid': 593.3, 'ask': 593.56}",915,593.41,594.22,593.3,594.08
2025-02-03 11:15:00,2025-02-03T11:15:00,2025-02-03T11:15:00,"{'bid': 594.11, 'ask': 594.3}","{'bid': 593.61, 'ask': 593.78}","{'bid': 594.15, 'ask': 594.31}","{'bid': 593.22, 'ask': 593.62}",705,594.11,594.15,593.22,593.61
2025-02-03 11:30:00,2025-02-03T11:30:00,2025-02-03T11:30:00,"{'bid': 593.6, 'ask': 593.78}","{'bid': 593.18, 'ask': 593.33}","{'bid': 593.7, 'ask': 594.25}","{'bid': 592.95, 'ask': 593.26}",722,593.6,593.7,592.95,593.18
2025-02-03 11:45:00,2025-02-03T11:45:00,2025-02-03T11:45:00,"{'bid': 593.19, 'ask': 593.33}","{'bid': 593.1, 'ask': 593.26}","{'bid': 593.45, 'ask': 593.83}","{'bid': 592.35, 'ask': 592.7}",1000,593.19,593.45,592.35,593.1
2025-02-03 12:00:00,2025-02-03T12:00:00,2025-02-03T12:00:00,"{'bid': 593.14, 'ask': 593.33}","{'bid': 592.77, 'ask': 592.93}","{'bid': 593.4, 'ask': 593.8}","{'bid': 592.16, 'ask': 592.45}",1395,593.14,593.4,592.16,592.77
2025-02-03 12:15:00,2025-02-03T12:15:00,2025-02-03T12:15:00,"{'bid': 592.77, 'ask': 592.94}","{'bid': 592.69, 'ask': 592.85}","{'bid': 593.11, 'ask': 593.29}","{'bid': 592.23, 'ask': 592.51}",1439,592.77,593.11,592.23,592.69
2025-02-03 12:30:00,2025-02-03T12:30:00,2025-02-03T12:30:00,"{'bid': 592.69, 'ask': 592.84}","{'bid': 591.9, 'ask': 592.04}","{'bid': 592.76, 'ask': 593.1}","{'bid': 591.78, 'ask': 592.02}",1184,592.69,592.76,591.78,591.9
2025-02-03 12:45:00,2025-02-03T12:45:00,2025-02-03T12:45:00,"{'bid': 591.9, 'ask': 592.08}","{'bid': 591.78, 'ask': 591.92}","{'bid': 591.9, 'ask': 592.45}","{'bid': 591.43, 'ask': 591.59}",1691,591.9,591.9,591.43,591.78
2025-02-03 13:00:00,2025-02-03T13:00:00,2025-02-03T13:00:00,"{'bid': 591.76, 'ask': 591.92}","{'bid': 593.21, 'ask': 593.37}","{'bid': 593.66, 'ask': 593.8}","{'bid': 591.58, 'ask': 591.79}",3812,591.76,593.66,591.58,593.21
2025-02-03 13:15:00,2025-02-03T13:15:00,2025-02-03T13:15:00,"{'bid': 593.2, 'ask': 593.36}","{'bid': 592.83, 'ask': 592.99}","{'bid': 593.44, 'ask': 593.6}","{'bid': 592.15, 'ask': 592.62}",1941,593.2,593.44,592.15,592.83
2025-02-03 13:30:00,2025-02-03T13:30:00,2025-02-03T13:30:00,"{'bid': 592.84, 'ask': 593.0}","{'bid': 592.36, 'ask': 592.52}","{'bid': 593.26, 'ask': 593.42}","{'bid': 592.1, 'ask': 592.25}",1545,592.84,593.26,592.1,592.36
2025-02-03 13:45:00,2025-02-03T13:45:00,2025-02-03T13:45:00,"{'bid': 592.32, 'ask': 592.5}","{'bid': 592.38, 'ask': 592.54}","{'bid': 592.61, 'ask': 592.78}","{'bid': 592.02, 'ask': 592.15}",1378,592.32,592.61,592.02,592.38
2025-02-03 14:00:00,2025-02-03T14:00:00,2025-02-03T14:00:00,"{'bid': 592.38, 'ask': 592.53}","{'bid': 592.35, 'ask': 592.51}","{'bid': 592.87, 'ask': 593.04}","{'bid': 591.77, 'ask': 591.93}",2011,592.38,592.87,591.77,592.35
2025-02-03 14:15:00,2025-02-03T14:15:00,2025-02-03T14:15:00,"{'bid': 592.38, 'ask': 592.51}","{'bid': 592.63, 'ask': 592.76}","{'bid': 592.83, 'ask': 592.99}","{'bid': 591.6, 'ask': 591.74}",2183,592.38,592.83,591.6,592.63
2025-02-03 14:30:00,2025-02-03T14:30:00,2025-02-03T14:30:00,"{'bid': 592.6, 'ask': 592.75}","{'bid': 593.29, 'ask': 593.5}","{'bid': 594.3, 'ask': 594.43}","{'bid': 591.84, 'ask': 591.97}",7238,592.6,594.3,591.84,593.29
2025-02-03 14:45:00,2025-02-03T14:45:00,2025-02-03T14:45:00,"{'bid': 593.29, 'ask': 593.48}","{'bid': 592.0, 'ask': 592.15}","{'bid': 593.49, 'ask': 593.64}","{'bid': 591.52, 'ask': 591.64}",5927,593.29,593.49,591.52,592.0
2025-02-03 15:00:00,2025-02-03T15:00:00,2025-02-03T15:00:00,"{'bid': 591.95, 'ask': 592.1}","{'bid': 591.01, 'ask': 591.13}","{'bid': 592.29, 'ask': 592.42}","{'bid': 590.94, 'ask': 591.07}",6288,591.95,592.29,590.94,591.01
2025-02-03 15:15:00,2025-02-03T15:15:00,2025-02-03T15:15:00,"{'bid': 591.02, 'ask': 591.14}","{'bid': 596.32, 'ask': 596.47}","{'bid': 596.5, 'ask': 596.65}","{'bid': 590.44, 'ask': 590.56}",6935,591.02,596.5,590.44,596.32
2025-02-03 15:30:00,2025-02-03T15:30:00,2025-02-03T15:30:00,"{'bid': 596.29, 'ask': 596.44}","{'bid': 598.07, 'ask': 598.21}","{'bid': 598.55, 'ask': 598.69}","{'bid': 595.62, 'ask': 595.76}",8130,596.29,598.55,595.62,598.07
2025-02-03 15:45:00,2025-02-03T15:45:00,2025-02-03T15:45:00,"{'bid': 598.08, 'ask': 598.23}","{'bid': 597.84, 'ask': 597.97}","{'bid': 598.31, 'ask': 598.44}","{'bid': 596.83, 'ask': 596.95}",6991,598.08,598.31,596.83,597.84
2025-02-03 16:00:00,2025-02-03T16:00:00,2025-02-03T16:00:00,"{'bid': 597.82, 'ask': 597.94}","{'bid': 598.13, 'ask': 598.27}","{'bid': 598.64, 'ask': 598.76}","{'bid': 595.72, 'ask': 595.89}",6690,597.82,598.64,595.72,598.13
2025-02-03 16:15:00,2025-02-03T16:15:00,2025-02-03T16:15:00,"{'bid': 598.11, 'ask': 598.25}","{'bid': 597.82, 'ask': 597.96}","{'bid': 599.18, 'ask': 599.31}","{'bid': 597.49, 'ask': 597.61}",5382,598.11,599.18,597.49,597.82
2025-02-03 16:30:00,2025-02-03T16:30:00,2025-02-03T16:30:00,"{'bid': 597.83, 'ask': 597.96}","{'bid': 598.69, 'ask': 598.82}","{'bid': 598.84, 'ask': 598.97}","{'bid': 597.2, 'ask': 597.33}",4728,597.83,598.84,597.2,598.69
2025-02-03 16:45:00,2025-02-03T16:45:00,2025-02-03T16:45:00,"{'bid': 598.68, 'ask': 598.8}","{'bid': 597.26, 'ask': 597.38}","{'bid': 598.95, 'ask': 599.07}","{'bid': 596.85, 'ask': 596.98}",4939,598.68,598.95,596.85,597.26
2025-02-03 17:00:00,2025-02-03T17:00:00,2025-02-03T17:00:00,"{'bid': 597.26, 'ask': 597.39}","{'bid': 597.16, 'ask': 597.29}","{'bid': 597.63, 'ask': 597.76}","{'bid': 596.63, 'ask': 596.76}",4776,597.26,597.63,596.63,597.16
2025-02-03 17:15:00,2025-02-03T17:15:00,2025-02-03T17:15:00,"{'bid': 597.13, 'ask': 597.26}","{'bid': 597.35, 'ask': 597.49}","{'bid': 598.64, 'ask': 598.76}","{'bid': 596.86, 'ask': 596.98}",3954,597.13,598.64,596.86,597.35
2025-02-03 17:30:00,2025-02-03T17:30:00,2025-02-03T17:30:00,"{'bid': 597.35, 'ask': 597.47}","{'bid': 596.4, 'ask': 596.52}","{'bid': 597.55, 'ask': 597.67}","{'bid': 596.29, 'ask': 596.42}",4552,597.35,597.55,596.29,596.4
2025-02-03 17:45:00,2025-02-03T17:45:00,2025-02-03T17:45:00,"{'bid': 596.42, 'ask': 596.55}","{'bid': 597.32, 'ask': 597.46}","{'bid': 597.97, 'ask': 598.13}","{'bid': 595.93, 'ask': 596.1}",5128,596.42,597.97,595.93,597.32
2025-02-03 18:00:00,2025-02-03T18:00:00,2025-02-03T18:00:00,"{'bid': 597.32, 'ask': 597.45}","{'bid': 597.49, 'ask': 597.63}","{'bid': 597.86, 'ask': 597.98}","{'bid': 596.02, 'ask': 596.15}",4932,597.32,597.86,596.02,597.49
2025-02-03 18:15:00,2025-02-03T18:15:00,2025-02-03T18:15:00,"{'bid': 597.51, 'ask': 597.63}","{'bid': 597.74, 'ask': 597.88}","{'bid': 598.18, 'ask': 598.31}","{'bid': 597.11, 'ask': 597.24}",4100,597.51,598.18,597.11,597.74
2025-02-03 18:30:00,2025-02-03T18:30:00,2025-02-03T18:30:00,"{'bid': 597.76, 'ask': 597.89}","{'bid': 597.78, 'ask': 597.91}","{'bid': 598.54, 'ask': 598.66}","{'bid': 597.36, 'ask': 597.48}",3493,597.76,598.54,597.36,597.78
2025-02-03 18:45:00,2025-02-03T18:45:00,2025-02-03T18:45:00,"{'bid': 597.8, 'ask': 597.93}","{'bid': 598.77, 'ask': 598.9}","{'bid': 598.93, 'ask': 599.06}","{'bid': 597.79, 'ask': 597.92}",2918,597.8,598.93,597.79,598.77
2025-02-03 19:00:00,2025-02-03T19:00:00,2025-02-03T19:00:00,"{'bid': 598.76, 'ask': 598.88}","{'bid': 599.57, 'ask': 599.7}","{'bid': 599.64, 'ask': 599.77}","{'bid': 598.45, 'ask': 598.57}",2924,598.76,599.64,598.45,599.57
2025-02-03 19:15:00,2025-02-03T19:15:00,2025-02-03T19:15:00,"{'bid': 599.59, 'ask': 599.72}","{'bid': 599.4, 'ask': 599.53}","{'bid': 599.93, 'ask': 600.06}","{'bid': 599.38, 'ask': 599.5}",2552,599.59,599.93,599.38,599.4
2025-02-03 19:30:00,2025-02-03T19:30:00,2025-02-03T19:30:00,"{'bid': 599.42, 'ask': 599.54}","{'bid': 599.82, 'ask': 599.95}","{'bid': 599.92, 'ask': 600.04}","{'bid': 599.19, 'ask': 599.32}",2637,599.42,599.92,599.19,599.82
2025-02-03 19:45:00,2025-02-03T19:45:00,2025-02-03T19:45:00,"{'bid': 599.84, 'ask': 599.96}","{'bid': 599.62, 'ask': 599.75}","{'bid': 600.22, 'ask': 600.34}","{'bid': 599.35, 'ask': 599.47}",2348,599.84,600.22,599.35,599.62
2025-02-03 20:00:00,2025-02-03T20:00:00,2025-02-03T20:00:00,"{'bid': 599.64, 'ask': 599.77}","{'bid': 598.94, 'ask': 599.08}","{'bid': 599.95, 'ask': 600.08}","{'bid': 598.88, 'ask': 599.0}",2853,599.64,599.95,598.88,598.94
2025-02-03 20:15:00,2025-02-03T20:15:00,2025-02-03T20:15:00,"{'bid': 598.93, 'ask': 599.05}","{'bid': 598.47, 'ask': 598.6}","{'bid': 599.55, 'ask': 599.68}","{'bid': 598.34, 'ask': 598.47}",2714,598.93,599.55,598.34,598.47
2025-02-03 20:30:00,2025-02-03T20:30:00,2025-02-03T20:30:00,"{'bid': 598.49, 'ask': 598.61}","{'bid': 598.21, 'ask': 598.33}","{'bid': 598.98, 'ask': 599.1}","{'bid': 598.04, 'ask': 598.18}",3201,598.49,598.98,598.04,598.21
2025-02-03 20:45:00,2025-02-03T20:45:00,2025-02-03T20:45:00,"{'bid': 598.22, 'ask': 598.35}","{'bid': 597.54, 'ask': 597.67}","{'bid': 598.75, 'ask': 598.88}","{'bid': 597.33, 'ask': 597.45}",4567,598.22,598.75,597.33,597.54
2025-02-03 21:00:00,2025-02-03T21:00:00,2025-02-03T21:00:00,"{'bid': 597.57, 'ask': 597.69}","{'bid': 597.72, 'ask': 597.84}","{'bid': 598.33, 'ask': 598.65}","{'bid': 597.36, 'ask': 597.5}",1921,597.57,598.33,597.36,597.72
2025-02-03 21:15:00,2025-02-03T21:15:00,2025-02-03T21:15:00,"{'bid': 597.72, 'ask': 597.85}","{'bid': 599.5, 'ask': 599.66}","{'bid': 599.84, 'ask': 600.05}","{'bid': 597.71, 'ask': 597.84}",2100,597.72,599.84,597.71,599.5
2025-02-03 21:30:00,2025-02-03T21:30:00,2025-02-03T21:30:00,"{'bid': 599.5, 'ask': 599.65}","{'bid': 600.83, 'ask': 601.0}","{'bid': 601.33, 'ask': 601.87}","{'bid': 598.97, 'ask': 599.25}",2461,599.5,601.33,598.97,600.83
2025-02-03 21:45:00,2025-02-03T21:45:00,2025-02-03T21:45:00,"{'bid': 600.82, 'ask': 600.97}","{'bid': 600.66, 'ask': 600.89}","{'bid': 601.11, 'ask': 601.25}","{'bid': 600.35, 'ask': 600.75}",1014,600.82,601.11,600.35,600.66
2025-02-03 22:00:00,2025-02-03T22:00:00,2025-02-03T22:00:00,"{'bid': 600.67, 'ask': 600.89}","{'bid': 600.76, 'ask': 600.89}","{'bid': 600.81, 'ask': 601.03}","{'bid': 600.51, 'ask': 600.84}",60,600.67,600.81,600.51,600.76
2025-02-03 22:15:00,2025-02-03T22:15:00,2025-02-03T22:15:00,"{'bid': 600.76, 'ask': 601.0}","{'bid': 600.81, 'ask': 600.95}","{'bid': 600.81, 'ask': 601.0}","{'bid': 600.59, 'ask': 600.79}",46,600.76,600.81,600.59,600.81
2025-02-03 22:30:00,2025-02-03T22:30:00,2025-02-03T22:30:00,"{'bid': 600.82, 'ask': 600.95}","{'bid': 600.88, 'ask': 601.05}","{'bid': 600.91, 'ask': 601.05}","{'bid': 600.8, 'ask': 600.95}",30,600.82,600.91,600.8,600.88
2025-02-03 22:45:00,2025-02-03T22:45:00,2025-02-03T22:45:00,"{'bid': 600.9, 'ask': 601.05}","{'bid': 601.53, 'ask': 601.79}","{'bid': 601.65, 'ask': 601.85}","{'bid': 600.9, 'ask': 601.05}",115,600.9,601.65,600.9,601.53
2025-02-03 23:00:00,2025-02-03T23:00:00,2025-02-03T23:00:00,"{'bid': 601.54, 'ask': 601.85}","{'bid': 601.07, 'ask': 601.21}","{'bid': 601.96, 'ask': 602.19}","{'bid': 601.0, 'ask': 601.2}",784,601.54,601.96,601.0,601.07
2025-02-03 23:15:00,2025-02-03T23:15:00,2025-02-03T23:15:00,"{'bid': 601.07, 'ask': 601.2}","{'bid': 600.94, 'ask': 601.1}","{'bid': 601.14, 'ask': 601.54}","{'bid': 600.94, 'ask': 601.09}",403,601.07,601.14,600.94,600.94
2025-02-03 23:30:00,2025-02-03T23:30:00,2025-02-03T23:30:00,"{'bid': 600.94, 'ask': 601.11}","{'bid': 601.02, 'ask': 601.22}","{'bid': 601.06, 'ask': 601.45}","{'bid': 600.83, 'ask': 600.96}",487,600.94,601.06,600.83,601.02
2025-02-03 23:45:00,2025-02-03T23:45:00,2025-02-03T23:45:00,"{'bid': 601.01, 'ask': 601.22}","{'bid': 600.97, 'ask': 601.18}","{'bid': 601.15, 'ask': 601.55}","{'bid': 600.55, 'ask': 600.8}",405,601.01,601.15,600.55,600.97
2025-02-04 00:00:00,2025-02-04T00:00:00,2025-02-04T00:00:00,"{'bid': 600.97, 'ask': 601.16}","{'bid': 600.42, 'ask': 600.61}","{'bid': 601.01, 'ask': 601.21}","{'bid': 600.15, 'ask': 600.55}",508,600.97,601.01,600.15,600.42
2025-02-04 00:15:00,2025-02-04T00:15:00,2025-02-04T00:15:00,"{'bid': 600.42, 'ask': 600.62}","{'bid': 600.34, 'ask': 600.54}","{'bid': 600.63, 'ask': 600.85}","{'bid': 599.95, 'ask': 600.32}",395,600.42,600.63,599.95,600.34
2025-02-04 00:30:00,2025-02-04T00:30:00,2025-02-04T00:30:00,"{'bid': 600.35, 'ask': 600.79}","{'bid': 600.6, 'ask': 600.79}","{'bid': 600.66, 'ask': 600.8}","{'bid': 600.35, 'ask': 600.54}",290,600.35,600.66,600.35,600.6
2025-02-04 00:45:00,2025-02-04T00:45:00,2025-02-04T00:45:00,"{'bid': 600.61, 'ask': 600.82}","{'bid': 600.38, 'ask': 600.57}","{'bid': 600.62, 'ask': 600.84}","{'bid': 600.14, 'ask': 600.4}",290,600.61,600.62,600.14,600.38
2025-02-04 09:00:00,2025-02-04T09:00:00,2025-02-04T09:00:00,"{'bid': 595.76, 'ask': 596.03}","{'bid': 596.47, 'ask': 596.73}","{'bid': 596.79, 'ask': 597.25}","{'bid': 595.76, 'ask': 596.03}",1284,595.76,596.79,595.76,596.47
2025-02-04 09:15:00,2025-02-04T09:15:00,2025-02-04T09:15:00,"{'bid': 596.47, 'ask': 596.64}","{'bid': 596.46, 'ask': 596.7}","{'bid': 596.6, 'ask': 597.05}","{'bid': 595.95, 'ask': 596.25}",1110,596.47,596.6,595.95,596.46
2025-02-04 09:30:00,2025-02-04T09:30:00,2025-02-04T09:30:00,"{'bid': 596.47, 'ask': 596.71}","{'bid': 596.14, 'ask': 596.31}","{'bid': 596.62, 'ask': 597.05}","{'bid': 595.75, 'ask': 596.02}",1029,596.47,596.62,595.75,596.14
2025-02-04 09:45:00,2025-02-04T09:45:00,2025-02-04T09:45:00,"{'bid': 596.09, 'ask': 596.29}","{'bid': 596.16, 'ask': 596.35}","{'bid': 596.44, 'ask': 596.85}","{'bid': 595.75, 'ask': 596.23}",797,596.09,596.44,595.75,596.16
2025-02-04 10:00:00,2025-02-04T10:00:00,2025-02-04T10:00:00,"{'bid': 596.16, 'ask': 596.34}","{'bid': 596.54, 'ask': 596.72}","{'bid': 596.61, 'ask': 596.82}","{'bid': 595.55, 'ask': 596.08}",894,596.16,596.61,595.55,596.54
2025-02-04 10:15:00,2025-02-04T10:15:00,2025-02-04T10:15:00,"{'bid': 596.55, 'ask': 596.72}","{'bid': 596.61, 'ask': 596.79}","{'bid': 596.91, 'ask': 597.44}","{'bid': 596.15, 'ask': 596.64}",727,596.55,596.91,596.15,596.61
2025-02-04 10:30:00,2025-02-04T10:30:00,2025-02-04T10:30:00,"{'bid': 596.57, 'ask': 596.77}","{'bid': 596.6, 'ask': 596.77}","{'bid': 596.74, 'ask': 597.05}","{'bid': 595.95, 'ask': 596.37}",751,596.57,596.74,595.95,596.6
2025-02-04 10:45:00,2025-02-04T10:45:00,2025-02-04T10:45:00,"{'bid': 596.6, 'ask': 596.76}","{'bid': 596.57, 'ask': 596.74}","{'bid': 596.86, 'ask': 597.25}","{'bid': 596.15, 'ask': 596.61}",555,596.6,596.86,596.15,596.57
2025-02-04 11:00:00,2025-02-04T11:00:00,2025-02-04T11:00:00,"{'bid': 596.58, 'ask': 596.74}","{'bid': 596.7, 'ask': 596.89}","{'bid': 597.35, 'ask': 597.64}","{'bid': 596.35, 'ask': 596.68}",797,596.58,597.35,596.35,596.7
2025-02-04 11:15:00,2025-02-04T11:15:00,2025-02-04T11:15:00,"{'bid': 596.71, 'ask': 596.9}","{'bid': 597.05, 'ask': 597.21}","{'bid': 597.14, 'ask': 597.45}","{'bid': 595.99, 'ask': 596.45}",882,596.71,597.14,595.99,597.05
2025-02-04 11:30:00,2025-02-04T11:30:00,2025-02-04T11:30:00,"{'bid': 597.06, 'ask': 597.22}","{'bid': 596.94, 'ask': 597.12}","{'bid': 597.08, 'ask': 597.45}","{'bid': 596.55, 'ask': 596.88}",825,597.06,597.08,596.55,596.94
2025-02-04 11:45:00,2025-02-04T11:45:00,2025-02-04T11:45:00,"{'bid': 596.96, 'ask': 597.12}","{'bid': 596.73, 'ask': 596.9}","{'bid': 597.11, 'ask': 597.65}","{'bid': 596.35, 'ask': 596.76}",706,596.96,597.11,596.35,596.73
2025-02-04 12:00:00,2025-02-04T12:00:00,2025-02-04T12:00:00,"{'bid': 596.72, 'ask': 596.91}","{'bid': 597.3, 'ask': 597.49}","{'bid': 597.6, 'ask': 598.05}","{'bid': 596.55, 'ask': 596.91}",844,596.72,597.6,596.55,597.3
2025-02-04 12:15:00,2025-02-04T12:15:00,2025-02-04T12:15:00,"{'bid': 597.28, 'ask': 597.48}","{'bid': 597.71, 'ask': 597.88}","{'bid': 597.79, 'ask': 598.05}","{'bid': 596.95, 'ask': 597.42}",891,597.28,597.79,596.95,597.71
2025-02-04 12:30:00,2025-02-04T12:30:00,2025-02-04T12:30:00,"{'bid': 597.73, 'ask': 597.89}","{'bid': 598.01, 'ask': 598.17}","{'bid': 598.5, 'ask': 598.71}","{'bid': 597.56, 'ask': 597.76}",1166,597.73,598.5,597.56,598.01
2025-02-04 12:45:00,2025-02-04T12:45:00,2025-02-04T12:45:00,"{'bid': 598.0, 'ask': 598.17}","{'bid': 598.09, 'ask': 598.24}","{'bid': 598.41, 'ask': 598.71}","{'bid': 597.55, 'ask': 597.71}",1284,598.0,598.41,597.55,598.09
2025-02-04 13:00:00,2025-02-04T13:00:00,2025-02-04T13:00:00,"{'bid': 598.09, 'ask': 598.27}","{'bid': 598.15, 'ask': 598.3}","{'bid': 598.32, 'ask': 598.71}","{'bid': 597.55, 'ask': 597.69}",1428,598.09,598.32,597.55,598.15
2025-02-04 13:15:00,2025-02-04T13:15:00,2025-02-04T13:15:00,"{'bid': 598.15, 'ask': 598.29}","{'bid': 598.18, 'ask': 598.31}","{'bid': 598.49, 'ask': 598.71}","{'bid': 597.75, 'ask': 598.18}",1380,598.15,598.49,597.75,598.18
2025-02-04 13:30:00,2025-02-04T13:30:00,2025-02-04T13:30:00,"{'bid': 598.18, 'ask': 598.32}","{'bid': 597.7, 'ask': 597.85}","{'bid': 598.2, 'ask': 598.44}","{'bid': 597.57, 'ask': 597.7}",790,598.18,598.2,597.57,597.7
2025-02-04 13:45:00,2025-02-04T13:45:00,2025-02-04T13:45:00,"{'bid': 597.69, 'ask': 597.84}","{'bid': 597.58, 'ask': 597.74}","{'bid': 597.85, 'ask': 598.25}","{'bid': 597.15, 'ask': 597.44}",942,597.69,597.85,597.15,597.58
2025-02-04 14:00:00,2025-02-04T14:00:00,2025-02-04T14:00:00,"{'bid': 597.57, 'ask': 597.73}","{'bid': 597.7, 'ask': 597.85}","{'bid': 598.1, 'ask': 598.45}","{'bid': 597.44, 'ask': 597.59}",1093,597.57,598.1,597.44,597.7
2025-02-04 14:15:00,2025-02-04T14:15:00,2025-02-04T14:15:00,"{'bid': 597.71, 'ask': 597.85}","{'bid': 597.74, 'ask': 597.88}","{'bid': 597.87, 'ask': 598.22}","{'bid': 597.36, 'ask': 597.53}",1396,597.71,597.87,597.36,597.74
2025-02-04 14:30:00,2025-02-04T14:30:00,2025-02-04T14:30:00,"{'bid': 597.74, 'ask': 597.89}","{'bid': 598.15, 'ask': 598.27}","{'bid': 598.48, 'ask': 598.61}","{'bid': 597.23, 'ask': 597.36}",4804,597.74,598.48,597.23,598.15
2025-02-04 14:45:00,2025-02-04T14:45:00,2025-02-04T14:45:00,"{'bid': 598.16, 'ask': 598.28}","{'bid': 598.92, 'ask': 599.06}","{'bid': 599.11, 'ask': 599.25}","{'bid': 597.88, 'ask': 598.01}",3344,598.16,599.11,597.88,598.92
2025-02-04 15:00:00,2025-02-04T15:00:00,2025-02-04T15:00:00,"{'bid': 598.95, 'ask': 599.11}","{'bid': 600.37, 'ask': 600.51}","{'bid': 600.82, 'ask': 600.97}","{'bid': 598.83, 'ask': 599.11}",4284,598.95,600.82,598.83,600.37
2025-02-04 15:15:00,2025-02-04T15:15:00,2025-02-04T15:15:00,"{'bid': 600.36, 'ask': 600.49}","{'bid': 600.49, 'ask': 600.62}","{'bid': 601.08, 'ask': 601.2}","{'bid': 600.33, 'ask': 600.47}",3541,600.36,601.08,600.33,600.49
2025-02-04 15:30:00,2025-02-04T15:30:00,2025-02-04T15:30:00,"{'bid': 600.47, 'ask': 600.62}","{'bid': 600.91, 'ask': 601.04}","{'bid': 601.2, 'ask': 601.32}","{'bid': 600.05, 'ask': 600.17}",3281,600.47,601.2,600.05,600.91
2025-02-04 15:45:00,2025-02-04T15:45:00,2025-02-04T15:45:00,"{'bid': 600.91, 'ask': 601.03}","{'bid': 600.3, 'ask': 600.43}","{'bid': 600.99, 'ask': 601.11}","{'bid': 600.08, 'ask': 600.21}",3126,600.91,600.99,600.08,600.3
2025-02-04 16:00:00,2025-02-04T16:00:00,2025-02-04T16:00:00,"{'bid': 600.32, 'ask': 600.44}","{'bid': 601.25, 'ask': 601.38}","{'bid': 601.36, 'ask': 601.48}","{'bid': 600.32, 'ask': 600.44}",2688,600.32,601.36,600.32,601.25
2025-02-04 16:15:00,2025-02-04T16:15:00,2025-02-04T16:15:00,"{'bid': 601.26, 'ask': 601.38}","{'bid': 601.91, 'ask': 602.03}","{'bid': 601.95, 'ask': 602.08}","{'bid': 601.14, 'ask': 601.27}",2064,601.26,601.95,601.14,601.91
2025-02-04 16:30:00,2025-02-04T16:30:00,2025-02-04T16:30:00,"{'bid': 601.89, 'ask': 602.02}","{'bid': 601.46, 'ask': 601.58}","{'bid': 602.03, 'ask': 602.16}","{'bid': 601.3, 'ask': 601.43}",1809,601.89,602.03,601.3,601.46
2025-02-04 16:45:00,2025-02-04T16:45:00,2025-02-04T16:45:00,"{'bid': 601.45, 'ask': 601.58}","{'bid': 601.31, 'ask': 601.44}","{'bid': 601.53, 'ask': 601.65}","{'bid': 600.73, 'ask': 600.86}",2381,601.45,601.53,600.73,601.31
2025-02-04 17:00:00,2025-02-04T17:00:00,2025-02-04T17:00:00,"{'bid': 601.33, 'ask': 601.45}","{'bid': 601.45, 'ask': 601.57}","{'bid': 601.58, 'ask': 601.7}","{'bid': 601.18, 'ask': 601.3}",1972,601.33,601.58,601.18,601.45
2025-02-04 17:15:00,2025-02-04T17:15:00,2025-02-04T17:15:00,"{'bid': 601.43, 'ask': 601.56}","{'bid': 599.69, 'ask': 599.83}","{'bid': 601.54, 'ask': 601.67}","{'bid': 599.61, 'ask': 599.73}",3918,601.43,601.54,599.61,599.69
2025-02-04 17:30:00,2025-02-04T17:30:00,2025-02-04T17:30:00,"{'bid': 599.7, 'ask': 599.83}","{'bid': 600.36, 'ask': 600.49}","{'bid': 600.45, 'ask': 600.57}","{'bid': 599.33, 'ask': 599.45}",3181,599.7,600.45,599.33,600.36
2025-02-04 17:45:00,2025-02-04T17:45:00,2025-02-04T17:45:00,"{'bid': 600.37, 'ask': 600.49}","{'bid': 600.93, 'ask': 601.05}","{'bid': 600.98, 'ask': 601.1}","{'bid': 600.04, 'ask': 600.17}",2728,600.37,600.98,600.04,600.93
2025-02-04 18:00:00,2025-02-04T18:00:00,2025-02-04T18:00:00,"{'bid': 600.91, 'ask': 601.03}","{'bid': 600.62, 'ask': 600.75}","{'bid': 600.98, 'ask': 601.11}","{'bid': 600.04, 'ask': 600.17}",2280,600.91,600.98,600.04,600.62
2025-02-04 18:15:00,2025-02-04T18:15:00,2025-02-04T18:15:00,"{'bid': 600.63, 'ask': 600.76}","{'bid': 601.06, 'ask': 601.18}","{'bid': 601.2, 'ask': 601.32}","{'bid': 600.6, 'ask': 600.73}",1597,600.63,601.2,600.6,601.06
2025-02-04 18:30:00,2025-02-04T18:30:00,2025-02-04T18:30:00,"{'bid': 601.06, 'ask': 601.19}","{'bid': 600.91, 'ask': 601.03}","{'bid': 601.19, 'ask': 601.32}","{'bid': 600.77, 'ask': 600.89}",1484,601.06,601.19,600.77,600.91
2025-02-04 18:45:00,2025-02-04T18:45:00,2025-02-04T18:45:00,"{'bid': 600.92, 'ask': 601.05}","{'bid': 600.64, 'ask': 600.77}","{'bid': 601.15, 'ask': 601.27}","{'bid': 600.64, 'ask': 600.77}",1247,600.92,601.15,600.64,600.64
2025-02-04 19:00:00,2025-02-04T19:00:00,2025-02-04T19:00:00,"{'bid': 600.63, 'ask': 600.76}","{'bid': 601.61, 'ask': 601.73}","{'bid': 601.72, 'ask': 601.85}","{'bid': 600.51, 'ask': 600.64}",1659,600.63,601.72,600.51,601.61
2025-02-04 19:15:00,2025-02-04T19:15:00,2025-02-04T19:15:00,"{'bid': 601.61, 'ask': 601.74}","{'bid': 601.81, 'ask': 601.94}","{'bid': 602.08, 'ask': 602.21}","{'bid': 601.56, 'ask': 601.69}",1269,601.61,602.08,601.56,601.81
2025-02-04 19:30:00,2025-02-04T19:30:00,2025-02-04T19:30:00,"{'bid': 601.83, 'ask': 601.95}","{'bid': 601.94, 'ask': 602.07}","{'bid': 602.25, 'ask': 602.37}","{'bid': 601.75, 'ask': 601.88}",1269,601.83,602.25,601.75,601.94
2025-02-04 19:45:00,2025-02-04T19:45:00,2025-02-04T19:45:00,"{'bid': 601.96, 'ask': 602.08}","{'bid': 601.39, 'ask': 601.53}","{'bid': 602.03, 'ask': 602.16}","{'bid': 600.76, 'ask': 600.89}",1807,601.96,602.03,600.76,601.39
2025-02-04 20:00:00,2025-02-04T20:00:00,2025-02-04T20:00:00,"{'bid': 601.41, 'ask': 601.53}","{'bid': 601.77, 'ask': 601.89}","{'bid': 601.85, 'ask': 601.98}","{'bid': 601.13, 'ask': 601.27}",2048,601.41,601.85,601.13,601.77
2025-02-04 20:15:00,2025-02-04T20:15:00,2025-02-04T20:15:00,"{'bid': 601.76, 'ask': 601.89}","{'bid': 601.02, 'ask': 601.15}","{'bid': 601.83, 'ask': 601.96}","{'bid': 600.97, 'ask': 601.09}",1987,601.76,601.83,600.97,601.02
2025-02-04 20:30:00,2025-02-04T20:30:00,2025-02-04T20:30:00,"{'bid': 601.02, 'ask': 601.14}","{'bid': 601.55, 'ask': 601.67}","{'bid': 601.84, 'ask': 601.96}","{'bid': 600.91, 'ask': 601.04}",1831,601.02,601.84,600.91,601.55
2025-02-04 20:45:00,2025-02-04T20:45:00,2025-02-04T20:45:00,"{'bid': 601.55, 'ask': 601.68}","{'bid': 601.71, 'ask': 601.84}","{'bid': 602.19, 'ask': 602.32}","{'bid': 601.15, 'ask': 601.29}",2419,601.55,602.19,601.15,601.71
2025-02-04 21:00:00,2025-02-04T21:00:00,2025-02-04T21:00:00,"{'bid': 601.69, 'ask': 601.81}","{'bid': 600.3, 'ask': 600.62}","{'bid': 602.03, 'ask': 602.2}","{'bid': 600.3, 'ask': 600.45}",3390,601.69,602.03,600.3,600.3
2025-02-04 21:15:00,2025-02-04T21:15:00,2025-02-04T21:15:00,"{'bid': 600.4, 'ask': 600.62}","{'bid': 600.24, 'ask': 600.41}","{'bid': 600.95, 'ask': 601.26}","{'bid': 599.79, 'ask': 600.16}",1781,600.4,600.95,599.79,600.24
2025-02-04 21:30:00,2025-02-04T21:30:00,2025-02-04T21:30:00,"{'bid': 600.24, 'ask': 600.42}","{'bid': 600.0, 'ask': 600.17}","{'bid': 600.44, 'ask': 601.26}","{'bid': 599.68, 'ask': 599.83}",878,600.24,600.44,599.68,600.0
2025-02-04 21:45:00,2025-02-04T21:45:00,2025-02-04T21:45:00,"{'bid': 600.0, 'ask': 600.18}","{'bid': 599.97, 'ask': 600.23}","{'bid': 600.29, 'ask': 601.05}","{'bid': 599.94, 'ask': 600.08}",592,600.0,600.29,599.94,599.97
2025-02-04 22:00:00,2025-02-04T22:00:00,2025-02-04T22:00:00,"{'bid': 599.94, 'ask': 600.23}","{'bid': 599.9, 'ask': 600.05}","{'bid': 599.95, 'ask': 600.23}","{'bid': 599.8, 'ask': 599.93}",220,599.94,599.95,599.8,599.9
2025-02-04 22:15:00,2025-02-04T22:15:00,2025-02-04T22:15:00,"{'bid': 599.9, 'ask': 600.06}","{'bid': 599.92, 'ask': 600.15}","{'bid': 599.98, 'ask': 600.15}","{'bid': 599.89, 'ask': 600.02}",37,599.9,599.98,599.89,599.92
2025-02-04 22:30:00,2025-02-04T22:30:00,2025-02-04T22:30:00,"{'bid': 599.92, 'ask': 600.19}","{'bid': 599.8, 'ask': 600.0}","{'bid': 600.07, 'ask': 600.35}","{'bid': 599.65, 'ask': 599.9}",68,599.92,600.07,599.65,599.8
2025-02-04 22:45:00,2025-02-04T22:45:00,2025-02-04T22:45:00,"{'bid': 599.8, 'ask': 600.01}","{'bid': 599.55, 'ask': 599.94}","{'bid': 599.91, 'ask': 600.1}","{'bid': 599.47, 'ask': 599.74}",63,599.8,599.91,599.47,599.55
2025-02-04 23:00:00,2025-02-04T23:00:00,2025-02-04T23:00:00,"{'bid': 599.67, 'ask': 599.94}","{'bid': 600.01, 'ask': 600.24}","{'bid': 600.14, 'ask': 600.7}","{'bid': 598.99, 'ask': 599.53}",735,599.67,600.14,598.99,600.01
2025-02-04 23:15:00,2025-02-04T23:15:00,2025-02-04T23:15:00,"{'bid': 599.35, 'ask': 600.24}","{'bid': 599.97, 'ask': 600.2}","{'bid': 600.17, 'ask': 600.32}","{'bid': 599.35, 'ask': 600.03}",453,599.35,600.17,599.35,599.97
2025-02-04 23:30:00,2025-02-04T23:30:00,2025-02-04T23:30:00,"{'bid': 599.98, 'ask': 600.2}","{'bid': 600.01, 'ask': 600.24}","{'bid': 600.13, 'ask': 600.34}","{'bid': 599.15, 'ask': 599.99}",401,599.98,600.13,599.15,600.01
2025-02-04 23:45:00,2025-02-04T23:45:00,2025-02-04T23:45:00,"{'bid': 600.03, 'ask': 600.3}","{'bid': 599.63, 'ask': 599.84}","{'bid': 600.03, 'ask': 600.3}","{'bid': 598.99, 'ask': 599.84}",344,600.03,600.03,598.99,599.63
2025-02-05 00:00:00,2025-02-05T00:00:00,2025-02-05T00:00:00,"{'bid': 599.65, 'ask': 599.85}","{'bid': 600.11, 'ask': 600.32}","{'bid': 600.17, 'ask': 600.46}","{'bid': 598.99, 'ask': 599.63}",691,599.65,600.17,598.99,600.11
2025-02-05 00:15:00,2025-02-05T00:15:00,2025-02-05T00:15:00,"{'bid': 599.55, 'ask': 600.32}","{'bid': 600.13, 'ask': 600.35}","{'bid': 600.14, 'ask': 600.85}","{'bid': 599.41, 'ask': 600.17}",461,599.55,600.14,599.41,600.13
2025-02-05 00:30:00,2025-02-05T00:30:00,2025-02-05T00:30:00,"{'bid': 600.13, 'ask': 600.85}","{'bid': 600.44, 'ask': 600.6}","{'bid': 600.68, 'ask': 601.25}","{'bid': 599.75, 'ask': 600.34}",629,600.13,600.68,599.75,600.44
2025-02-05 00:45:00,2025-02-05T00:45:00,2025-02-05T00:45:00,"{'bid': 600.43, 'ask': 600.6}","{'bid': 600.36, 'ask': 600.52}","{'bid': 600.55, 'ask': 601.25}","{'bid': 599.64, 'ask': 600.36}",373,600.43,600.55,599.64,600.36
2025-02-05 09:00:00,2025-02-05T09:00:00,2025-02-05T09:00:00,"{'bid': 598.44, 'ask': 598.73}","{'bid': 598.99, 'ask': 599.17}","{'bid': 599.15, 'ask': 599.85}","{'bid': 597.75, 'ask': 598.4}",959,598.44,599.15,597.75,598.99
2025-02-05 09:15:00,2025-02-05T09:15:00,2025-02-05T09:15:00,"{'bid': 599.0, 'ask': 599.16}","{'bid': 598.24, 'ask': 598.48}","{'bid': 599.05, 'ask': 599.26}","{'bid': 597.55, 'ask': 598.22}",821,599.0,599.05,597.55,598.24
2025-02-05 09:30:00,2025-02-05T09:30:00,2025-02-05T09:30:00,"{'bid': 598.25, 'ask': 598.47}","{'bid': 597.74, 'ask': 597.93}","{'bid': 598.35, 'ask': 599.05}","{'bid': 597.45, 'ask': 597.78}",869,598.25,598.35,597.45,597.74
2025-02-05 09:45:00,2025-02-05T09:45:00,2025-02-05T09:45:00,"{'bid': 597.74, 'ask': 597.92}","{'bid': 597.72, 'ask': 597.89}","{'bid': 598.03, 'ask': 598.65}","{'bid': 597.45, 'ask': 597.83}",713,597.74,598.03,597.45,597.72
2025-02-05 10:00:00,2025-02-05T10:00:00,2025-02-05T10:00:00,"{'bid': 597.45, 'ask': 597.85}","{'bid': 598.25, 'ask': 598.42}","{'bid': 598.47, 'ask': 599.25}","{'bid': 597.45, 'ask': 597.73}",702,597.45,598.47,597.45,598.25
2025-02-05 10:15:00,2025-02-05T10:15:00,2025-02-05T10:15:00,"{'bid': 598.25, 'ask': 598.41}","{'bid': 598.42, 'ask': 598.56}","{'bid': 598.48, 'ask': 599.25}","{'bid': 597.75, 'ask': 598.35}",532,598.25,598.48,597.75,598.42
2025-02-05 10:30:00,2025-02-05T10:30:00,2025-02-05T10:30:00,"{'bid': 598.42, 'ask': 598.57}","{'bid': 598.53, 'ask': 598.69}","{'bid': 598.78, 'ask': 599.45}","{'bid': 598.19, 'ask': 598.49}",501,598.42,598.78,598.19,598.53
2025-02-05 10:45:00,2025-02-05T10:45:00,2025-02-05T10:45:00,"{'bid': 598.53, 'ask': 598.68}","{'bid': 598.62, 'ask': 598.78}","{'bid': 598.66, 'ask': 599.04}","{'bid': 598.19, 'ask': 598.56}",427,598.53,598.66,598.19,598.62
2025-02-05 11:00:00,2025-02-05T11:00:00,2025-02-05T11:00:00,"{'bid': 598.62, 'ask': 598.82}","{'bid': 598.77, 'ask': 598.92}","{'bid': 598.77, 'ask': 599.04}","{'bid': 598.55, 'ask': 598.75}",393,598.62,598.77,598.55,598.77
2025-02-05 11:15:00,2025-02-05T11:15:00,2025-02-05T11:15:00,"{'bid': 598.77, 'ask': 598.93}","{'bid': 598.95, 'ask': 599.11}","{'bid': 599.1, 'ask': 599.85}","{'bid': 598.35, 'ask': 598.81}",354,598.77,599.1,598.35,598.95
2025-02-05 11:30:00,2025-02-05T11:30:00,2025-02-05T11:30:00,"{'bid': 598.95, 'ask': 599.1}","{'bid': 599.05, 'ask': 599.19}","{'bid': 599.05, 'ask': 599.25}","{'bid': 598.75, 'ask': 598.94}",429,598.95,599.05,598.75,599.05
2025-02-05 11:45:00,2025-02-05T11:45:00,2025-02-05T11:45:00,"{'bid': 599.04, 'ask': 599.19}","{'bid': 599.11, 'ask': 599.3}","{'bid': 599.2, 'ask': 599.85}","{'bid': 598.35, 'ask': 599.1}",403,599.04,599.2,598.35,599.11
2025-02-05 12:00:00,2025-02-05T12:00:00,2025-02-05T12:00:00,"{'bid': 599.14, 'ask': 599.3}","{'bid': 598.79, 'ask': 598.93}","{'bid': 599.2, 'ask': 599.85}","{'bid': 598.36, 'ask': 598.86}",648,599.14,599.2,598.36,598.79
2025-02-05 12:15:00,2025-02-05T12:15:00,2025-02-05T12:15:00,"{'bid': 598.77, 'ask': 598.93}","{'bid': 599.1, 'ask': 599.25}","{'bid': 599.15, 'ask': 599.36}","{'bid': 598.77, 'ask': 598.93}",584,598.77,599.15,598.77,599.1
2025-02-05 12:30:00,2025-02-05T12:30:00,2025-02-05T12:30:00,"{'bid': 599.1, 'ask': 599.24}","{'bid': 599.3, 'ask': 599.45}","{'bid': 599.33, 'ask': 599.98}","{'bid': 598.89, 'ask': 599.09}",520,599.1,599.33,598.89,599.3
2025-02-05 12:45:00,2025-02-05T12:45:00,2025-02-05T12:45:00,"{'bid': 599.31, 'ask': 599.45}","{'bid': 599.38, 'ask': 599.51}","{'bid': 599.45, 'ask': 600.05}","{'bid': 598.85, 'ask': 599.29}",641,599.31,599.45,598.85,599.38
2025-02-05 13:00:00,2025-02-05T13:00:00,2025-02-05T13:00:00,"{'bid': 599.39, 'ask': 599.51}","{'bid': 599.15, 'ask': 599.71}","{'bid': 599.65, 'ask': 600.25}","{'bid': 598.85, 'ask': 599.19}",1340,599.39,599.65,598.85,599.15
2025-02-05 13:15:00,2025-02-05T13:15:00,2025-02-05T13:15:00,"{'bid': 598.85, 'ask': 599.71}","{'bid': 599.5, 'ask': 600.04}","{'bid': 599.61, 'ask': 600.04}","{'bid': 598.85, 'ask': 599.1}",1354,598.85,599.61,598.85,599.5
2025-02-05 13:30:00,2025-02-05T13:30:00,2025-02-05T13:30:00,"{'bid': 599.53, 'ask': 600.04}","{'bid': 599.71, 'ask': 599.83}","{'bid': 600.12, 'ask': 600.49}","{'bid': 599.27, 'ask': 599.43}",1503,599.53,600.12,599.27,599.71
2025-02-05 13:45:00,2025-02-05T13:45:00,2025-02-05T13:45:00,"{'bid': 599.7, 'ask': 599.83}","{'bid': 599.91, 'ask': 600.05}","{'bid': 599.98, 'ask': 600.13}","{'bid': 599.49, 'ask': 599.68}",763,599.7,599.98,599.49,599.91
2025-02-05 14:00:00,2025-02-05T14:00:00,2025-02-05T14:00:00,"{'bid': 599.93, 'ask': 600.05}","{'bid': 600.27, 'ask': 600.42}","{'bid': 600.32, 'ask': 600.46}","{'bid': 599.65, 'ask': 599.78}",884,599.93,600.32,599.65,600.27
2025-02-05 14:15:00,2025-02-05T14:15:00,2025-02-05T14:15:00,"{'bid': 600.27, 'ask': 600.43}","{'bid': 600.6, 'ask': 600.75}","{'bid': 600.68, 'ask': 600.91}","{'bid': 600.23, 'ask': 600.4}",1105,600.27,600.68,600.23,600.6
2025-02-05 14:30:00,2025-02-05T14:30:00,2025-02-05T14:30:00,"{'bid': 600.58, 'ask': 600.74}","{'bid': 600.81, 'ask': 600.94}","{'bid': 601.04, 'ask': 601.17}","{'bid': 600.15, 'ask': 600.27}",3835,600.58,601.04,600.15,600.81
2025-02-05 14:45:00,2025-02-05T14:45:00,2025-02-05T14:45:00,"{'bid': 600.81, 'ask': 600.95}","{'bid': 600.02, 'ask': 600.19}","{'bid': 601.01, 'ask': 601.16}","{'bid': 599.42, 'ask': 599.54}",2936,600.81,601.01,599.42,600.02
2025-02-05 15:00:00,2025-02-05T15:00:00,2025-02-05T15:00:00,"{'bid': 600.02, 'ask': 600.21}","{'bid': 599.89, 'ask': 600.01}","{'bid': 601.02, 'ask': 601.15}","{'bid': 598.52, 'ask': 598.65}",5555,600.02,601.02,598.52,599.89
2025-02-05 15:15:00,2025-02-05T15:15:00,2025-02-05T15:15:00,"{'bid': 599.88, 'ask': 600.01}","{'bid': 600.57, 'ask': 600.7}","{'bid': 600.59, 'ask': 600.72}","{'bid': 599.17, 'ask': 599.29}",4477,599.88,600.59,599.17,600.57
2025-02-05 15:30:00,2025-02-05T15:30:00,2025-02-05T15:30:00,"{'bid': 600.55, 'ask': 600.68}","{'bid': 600.71, 'ask': 600.84}","{'bid': 600.93, 'ask': 601.06}","{'bid': 599.71, 'ask': 599.83}",3158,600.55,600.93,599.71,600.71
2025-02-05 15:45:00,2025-02-05T15:45:00,2025-02-05T15:45:00,"{'bid': 600.73, 'ask': 600.86}","{'bid': 600.51, 'ask': 600.64}","{'bid': 600.85, 'ask': 600.98}","{'bid': 600.17, 'ask': 600.29}",2851,600.73,600.85,600.17,600.51
2025-02-05 16:00:00,2025-02-05T16:00:00,2025-02-05T16:00:00,"{'bid': 600.49, 'ask': 600.62}","{'bid': 600.89, 'ask': 601.02}","{'bid': 601.34, 'ask': 601.46}","{'bid': 600.26, 'ask': 600.39}",2830,600.49,601.34,600.26,600.89
2025-02-05 16:15:00,2025-02-05T16:15:00,2025-02-05T16:15:00,"{'bid': 600.88, 'ask': 601.0}","{'bid': 601.19, 'ask': 601.33}","{'bid': 601.2, 'ask': 601.33}","{'bid': 600.06, 'ask': 600.19}",2932,600.88,601.2,600.06,601.19
2025-02-05 16:30:00,2025-02-05T16:30:00,2025-02-05T16:30:00,"{'bid': 601.18, 'ask': 601.3}","{'bid': 601.79, 'ask': 601.91}","{'bid': 601.79, 'ask': 601.91}","{'bid': 601.06, 'ask': 601.19}",1976,601.18,601.79,601.06,601.79
2025-02-05 16:45:00,2025-02-05T16:45:00,2025-02-05T16:45:00,"{'bid': 601.78, 'ask': 601.91}","{'bid': 602.6, 'ask': 602.72}","{'bid': 602.81, 'ask': 602.93}","{'bid': 601.62, 'ask': 601.75}",2349,601.78,602.81,601.62,602.6
2025-02-05 17:00:00,2025-02-05T17:00:00,2025-02-05T17:00:00,"{'bid': 602.59, 'ask': 602.72}","{'bid': 602.85, 'ask': 602.97}","{'bid': 603.12, 'ask': 603.24}","{'bid': 602.54, 'ask': 602.67}",1964,602.59,603.12,602.54,602.85
2025-02-05 17:15:00,2025-02-05T17:15:00,2025-02-05T17:15:00,"{'bid': 602.83, 'ask': 602.96}","{'bid': 602.43, 'ask': 602.56}","{'bid': 602.84, 'ask': 602.97}","{'bid': 602.25, 'ask': 602.38}",2296,602.83,602.84,602.25,602.43
2025-02-05 17:30:00,2025-02-05T17:30:00,2025-02-05T17:30:00,"{'bid': 602.45, 'ask': 602.58}","{'bid': 602.5, 'ask': 602.63}","{'bid': 602.69, 'ask': 602.81}","{'bid': 602.31, 'ask': 602.44}",1713,602.45,602.69,602.31,602.5
2025-02-05 17:45:00,2025-02-05T17:45:00,2025-02-05T17:45:00,"{'bid': 602.49, 'ask': 602.62}","{'bid': 602.59, 'ask': 602.72}","{'bid': 602.8, 'ask': 602.92}","{'bid': 602.26, 'ask': 602.39}",1763,602.49,602.8,602.26,602.59
2025-02-05 18:00:00,2025-02-05T18:00:00,2025-02-05T18:00:00,"{'bid': 602.6, 'ask': 602.73}","{'bid': 602.66, 'ask': 602.78}","{'bid': 602.85, 'ask': 602.97}","{'bid': 602.36, 'ask': 602.48}",1445,602.6,602.85,602.36,602.66
2025-02-05 18:15:00,2025-02-05T18:15:00,2025-02-05T18:15:00,"{'bid': 602.66, 'ask': 602.79}","{'bid': 602.51, 'ask': 602.63}","{'bid': 602.83, 'ask': 602.96}","{'bid': 602.14, 'ask': 602.27}",1608,602.66,602.83,602.14,602.51
2025-02-05 18:30:00,2025-02-05T18:30:00,2025-02-05T18:30:00,"{'bid': 602.5, 'ask': 602.63}","{'bid': 603.03, 'ask': 603.16}","{'bid': 603.34, 'ask': 603.46}","{'bid': 602.33, 'ask': 602.45}",1967,602.5,603.34,602.33,603.03
2025-02-05 18:45:00,2025-02-05T18:45:00,2025-02-05T18:45:00,"{'bid': 603.04, 'ask': 603.17}","{'bid': 602.87, 'ask': 603.0}","{'bid': 603.09, 'ask': 603.21}","{'bid': 602.62, 'ask': 602.74}",1712,603.04,603.09,602.62,602.87
2025-02-05 19:00:00,2025-02-05T19:00:00,2025-02-05T19:00:00,"{'bid': 602.86, 'ask': 602.98}","{'bid': 603.41, 'ask': 603.53}","{'bid': 603.58, 'ask': 603.71}","{'bid': 602.84, 'ask': 602.97}",1719,602.86,603.58,602.84,603.41
2025-02-05 19:15:00,2025-02-05T19:15:00,2025-02-05T19:15:00,"{'bid': 603.4, 'ask': 603.52}","{'bid': 603.21, 'ask': 603.33}","{'bid': 603.44, 'ask': 603.57}","{'bid': 603.16, 'ask': 603.29}",1322,603.4,603.44,603.16,603.21
2025-02-05 19:30:00,2025-02-05T19:30:00,2025-02-05T19:30:00,"{'bid': 603.22, 'ask': 603.34}","{'bid': 603.1, 'ask': 603.22}","{'bid': 603.35, 'ask': 603.48}","{'bid': 603.03, 'ask': 603.15}",1373,603.22,603.35,603.03,603.1
2025-02-05 19:45:00,2025-02-05T19:45:00,2025-02-05T19:45:00,"{'bid': 603.08, 'ask': 603.21}","{'bid': 603.0, 'ask': 603.13}","{'bid': 603.15, 'ask': 603.28}","{'bid': 602.83, 'ask': 602.95}",1318,603.08,603.15,602.83,603.0
2025-02-05 20:00:00,2025-02-05T20:00:00,2025-02-05T20:00:00,"{'bid': 602.99, 'ask': 603.11}","{'bid': 603.33, 'ask': 603.46}","{'bid': 603.36, 'ask': 603.49}","{'bid': 602.98, 'ask': 603.1}",1316,602.99,603.36,602.98,603.33
2025-02-05 20:15:00,2025-02-05T20:15:00,2025-02-05T20:15:00,"{'bid': 603.34, 'ask': 603.46}","{'bid': 603.66, 'ask': 603.79}","{'bid': 603.92, 'ask': 604.04}","{'bid': 603.34, 'ask': 603.46}",1316,603.34,603.92,603.34,603.66
2025-02-05 20:30:00,2025-02-05T20:30:00,2025-02-05T20:30:00,"{'bid': 603.65, 'ask': 603.78}","{'bid': 602.96, 'ask': 603.09}","{'bid': 603.77, 'ask': 603.89}","{'bid': 602.86, 'ask': 602.98}",1429,603.65,603.77,602.86,602.96
2025-02-05 20:45:00,2025-02-05T20:45:00,2025-02-05T20:45:00,"{'bid': 602.96, 'ask': 603.08}","{'bid': 604.08, 'ask': 604.2}","{'bid': 604.31, 'ask': 604.43}","{'bid': 602.86, 'ask': 602.99}",2618,602.96,604.31,602.86,604.08
2025-02-05 21:00:00,2025-02-05T21:00:00,2025-02-05T21:00:00,"{'bid': 604.1, 'ask': 604.23}","{'bid': 604.32, 'ask': 604.45}","{'bid': 604.38, 'ask': 604.52}","{'bid': 603.86, 'ask': 603.98}",1384,604.1,604.38,603.86,604.32
2025-02-05 21:15:00,2025-02-05T21:15:00,2025-02-05T21:15:00,"{'bid': 604.31, 'ask': 604.45}","{'bid': 604.36, 'ask': 604.5}","{'bid': 604.66, 'ask': 604.79}","{'bid': 603.95, 'ask': 604.41}",581,604.31,604.66,603.95,604.36
2025-02-05 21:30:00,2025-02-05T21:30:00,2025-02-05T21:30:00,"{'bid': 604.36, 'ask': 604.49}","{'bid': 604.22, 'ask': 604.38}","{'bid': 604.36, 'ask': 604.64}","{'bid': 604.22, 'ask': 604.36}",309,604.36,604.36,604.22,604.22
2025-02-05 21:45:00,2025-02-05T21:45:00,2025-02-05T21:45:00,"{'bid': 604.24, 'ask': 604.39}","{'bid': 604.45, 'ask': 604.63}","{'bid': 604.56, 'ask': 604.7}","{'bid': 604.17, 'ask': 604.32}",355,604.24,604.56,604.17,604.45
2025-02-05 22:00:00,2025-02-05T22:00:00,2025-02-05T22:00:00,"{'bid': 604.45, 'ask': 604.64}","{'bid': 604.4, 'ask': 604.67}","{'bid': 604.49, 'ask': 604.7}","{'bid': 604.3, 'ask': 604.56}",39,604.45,604.49,604.3,604.4
2025-02-05 22:15:00,2025-02-05T22:15:00,2025-02-05T22:15:00,"{'bid': 604.45, 'ask': 604.67}","{'bid': 604.42, 'ask': 604.63}","{'bid': 604.54, 'ask': 604.7}","{'bid': 604.4, 'ask': 604.62}",34,604.45,604.54,604.4,604.42
2025-02-05 22:30:00,2025-02-05T22:30:00,2025-02-05T22:30:00,"{'bid': 604.48, 'ask': 604.63}","{'bid': 604.4, 'ask': 604.63}","{'bid': 604.5, 'ask': 604.67}","{'bid': 604.4, 'ask': 604.56}",24,604.48,604.5,604.4,604.4
2025-02-05 22:45:00,2025-02-05T22:45:00,2025-02-05T22:45:00,"{'bid': 604.4, 'ask': 604.61}","{'bid': 604.4, 'ask': 604.55}","{'bid': 604.43, 'ask': 604.63}","{'bid': 604.3, 'ask': 604.48}",39,604.4,604.43,604.3,604.4
2025-02-05 23:00:00,2025-02-05T23:00:00,2025-02-05T23:00:00,"{'bid': 604.3, 'ask': 604.55}","{'bid': 604.25, 'ask': 604.38}","{'bid': 604.35, 'ask': 604.55}","{'bid': 603.81, 'ask': 604.33}",212,604.3,604.35,603.81,604.25
2025-02-05 23:15:00,2025-02-05T23:15:00,2025-02-05T23:15:00,"{'bid': 604.2, 'ask': 604.38}","{'bid': 604.35, 'ask': 604.54}","{'bid': 604.44, 'ask': 604.63}","{'bid': 604.17, 'ask': 604.35}",155,604.2,604.44,604.17,604.35
2025-02-05 23:30:00,2025-02-05T23:30:00,2025-02-05T23:30:00,"{'bid': 604.34, 'ask': 604.54}","{'bid': 604.32, 'ask': 604.52}","{'bid': 604.39, 'ask': 604.79}","{'bid': 603.81, 'ask': 604.34}",157,604.34,604.39,603.81,604.32
2025-02-05 23:45:00,2025-02-05T23:45:00,2025-02-05T23:45:00,"{'bid': 604.3, 'ask': 604.51}","{'bid': 604.48, 'ask': 604.68}","{'bid': 604.52, 'ask': 605.04}","{'bid': 604.27, 'ask': 604.47}",197,604.3,604.52,604.27,604.48
2025-02-06 00:00:00,2025-02-06T00:00:00,2025-02-06T00:00:00,"{'bid': 604.48, 'ask': 604.67}","{'bid': 604.88, 'ask': 605.06}","{'bid': 605.02, 'ask': 605.22}","{'bid': 604.42, 'ask': 604.62}",430,604.48,605.02,604.42,604.88
2025-02-06 00:15:00,2025-02-06T00:15:00,2025-02-06T00:15:00,"{'bid': 604.87, 'ask': 605.06}","{'bid': 604.95, 'ask': 605.12}","{'bid': 604.95, 'ask': 605.17}","{'bid': 604.82, 'ask': 605.0}",187,604.87,604.95,604.82,604.95
2025-02-06 00:30:00,2025-02-06T00:30:00,2025-02-06T00:30:00,"{'bid': 604.95, 'ask': 605.14}","{'bid': 604.7, 'ask': 604.89}","{'bid': 604.99, 'ask': 605.26}","{'bid': 604.21, 'ask': 604.83}",202,604.95,604.99,604.21,604.7
2025-02-06 00:45:00,2025-02-06T00:45:00,2025-02-06T00:45:00,"{'bid': 604.7, 'ask': 604.9}","{'bid': 604.62, 'ask': 604.79}","{'bid': 604.71, 'ask': 605.26}","{'bid': 604.21, 'ask': 604.61}",214,604.7,604.71,604.21,604.62
2025-02-06 09:00:00,2025-02-06T09:00:00,2025-02-06T09:00:00,"{'bid': 605.73, 'ask': 605.96}","{'bid': 605.95, 'ask': 606.17}","{'bid': 606.0, 'ask': 606.65}","{'bid': 604.95, 'ask': 605.68}",496,605.73,606.0,604.95,605.95
2025-02-06 09:15:00,2025-02-06T09:15:00,2025-02-06T09:15:00,"{'bid': 605.97, 'ask': 606.17}","{'bid': 605.62, 'ask': 605.78}","{'bid': 605.98, 'ask': 606.65}","{'bid': 605.15, 'ask': 605.62}",414,605.97,605.98,605.15,605.62
2025-02-06 09:30:00,2025-02-06T09:30:00,2025-02-06T09:30:00,"{'bid': 605.61, 'ask': 605.78}","{'bid': 605.46, 'ask': 605.63}","{'bid': 605.76, 'ask': 606.05}","{'bid': 605.15, 'ask': 605.54}",388,605.61,605.76,605.15,605.46
2025-02-06 09:45:00,2025-02-06T09:45:00,2025-02-06T09:45:00,"{'bid': 605.47, 'ask': 605.69}","{'bid': 605.37, 'ask': 605.57}","{'bid': 605.6, 'ask': 605.8}","{'bid': 605.34, 'ask': 605.54}",395,605.47,605.6,605.34,605.37
2025-02-06 10:00:00,2025-02-06T10:00:00,2025-02-06T10:00:00,"{'bid': 605.38, 'ask': 605.57}","{'bid': 605.56, 'ask': 605.77}","{'bid': 605.71, 'ask': 605.87}","{'bid': 604.75, 'ask': 605.54}",450,605.38,605.71,604.75,605.56
2025-02-06 10:15:00,2025-02-06T10:15:00,2025-02-06T10:15:00,"{'bid': 605.56, 'ask': 605.76}","{'bid': 605.29, 'ask': 605.49}","{'bid': 605.64, 'ask': 606.25}","{'bid': 604.95, 'ask': 605.46}",323,605.56,605.64,604.95,605.29
2025-02-06 10:30:00,2025-02-06T10:30:00,2025-02-06T10:30:00,"{'bid': 605.29, 'ask': 605.48}","{'bid': 605.26, 'ask': 605.45}","{'bid': 605.4, 'ask': 606.05}","{'bid': 604.55, 'ask': 605.24}",412,605.29,605.4,604.55,605.26
2025-02-06 10:45:00,2025-02-06T10:45:00,2025-02-06T10:45:00,"{'bid': 605.26, 'ask': 605.47}","{'bid': 605.04, 'ask': 605.21}","{'bid': 605.35, 'ask': 606.05}","{'bid': 604.55, 'ask': 605.16}",423,605.26,605.35,604.55,605.04
2025-02-06 11:00:00,2025-02-06T11:00:00,2025-02-06T11:00:00,"{'bid': 605.05, 'ask': 605.2}","{'bid': 604.69, 'ask': 604.87}","{'bid': 605.06, 'ask': 605.45}","{'bid': 604.15, 'ask': 604.69}",819,605.05,605.06,604.15,604.69
2025-02-06 11:15:00,2025-02-06T11:15:00,2025-02-06T11:15:00,"{'bid': 604.69, 'ask': 604.88}","{'bid': 604.62, 'ask': 604.76}","{'bid': 604.85, 'ask': 605.45}","{'bid': 603.75, 'ask': 604.58}",571,604.69,604.85,603.75,604.62
2025-02-06 11:30:00,2025-02-06T11:30:00,2025-02-06T11:30:00,"{'bid': 604.61, 'ask': 604.76}","{'bid': 604.54, 'ask': 604.71}","{'bid': 604.63, 'ask': 605.25}","{'bid': 603.75, 'ask': 604.4}",543,604.61,604.63,603.75,604.54
2025-02-06 11:45:00,2025-02-06T11:45:00,2025-02-06T11:45:00,"{'bid': 604.54, 'ask': 604.7}","{'bid': 604.35, 'ask': 605.05}","{'bid': 604.78, 'ask': 605.45}","{'bid': 603.75, 'ask': 604.41}",576,604.54,604.78,603.75,604.35
2025-02-06 12:00:00,2025-02-06T12:00:00,2025-02-06T12:00:00,"{'bid': 604.33, 'ask': 605.05}","{'bid': 604.33, 'ask': 604.48}","{'bid': 604.45, 'ask': 605.05}","{'bid': 603.75, 'ask': 604.39}",586,604.33,604.45,603.75,604.33
2025-02-06 12:15:00,2025-02-06T12:15:00,2025-02-06T12:15:00,"{'bid': 604.32, 'ask': 604.46}","{'bid': 604.68, 'ask': 604.82}","{'bid': 604.76, 'ask': 604.89}","{'bid': 604.15, 'ask': 604.4}",480,604.32,604.76,604.15,604.68
2025-02-06 12:30:00,2025-02-06T12:30:00,2025-02-06T12:30:00,"{'bid': 604.68, 'ask': 604.86}","{'bid': 604.92, 'ask': 605.07}","{'bid': 604.98, 'ask': 605.17}","{'bid': 604.15, 'ask': 604.59}",495,604.68,604.98,604.15,604.92
2025-02-06 12:45:00,2025-02-06T12:45:00,2025-02-06T12:45:00,"{'bid': 604.93, 'ask': 605.08}","{'bid': 605.32, 'ask': 605.46}","{'bid': 605.33, 'ask': 605.85}","{'bid': 604.56, 'ask': 605.04}",669,604.93,605.33,604.56,605.32
2025-02-06 13:00:00,2025-02-06T13:00:00,2025-02-06T13:00:00,"{'bid': 605.32, 'ask': 605.5}","{'bid': 605.33, 'ask': 605.45}","{'bid': 605.62, 'ask': 605.82}","{'bid': 605.14, 'ask': 605.3}",1044,605.32,605.62,605.14,605.33
2025-02-06 13:15:00,2025-02-06T13:15:00,2025-02-06T13:15:00,"{'bid': 605.33, 'ask': 605.46}","{'bid': 605.48, 'ask': 605.76}","{'bid': 605.6, 'ask': 605.8}","{'bid': 605.18, 'ask': 605.35}",735,605.33,605.6,605.18,605.48
2025-02-06 13:30:00,2025-02-06T13:30:00,2025-02-06T13:30:00,"{'bid': 605.53, 'ask': 605.76}","{'bid': 605.06, 'ask': 605.2}","{'bid': 605.53, 'ask': 605.8}","{'bid': 605.02, 'ask': 605.17}",733,605.53,605.53,605.02,605.06
2025-02-06 13:45:00,2025-02-06T13:45:00,2025-02-06T13:45:00,"{'bid': 605.06, 'ask': 605.21}","{'bid': 605.62, 'ask': 605.77}","{'bid': 605.63, 'ask': 605.77}","{'bid': 605.02, 'ask': 605.17}",688,605.06,605.63,605.02,605.62
2025-02-06 14:00:00,2025-02-06T14:00:00,2025-02-06T14:00:00,"{'bid': 605.66, 'ask': 605.8}","{'bid': 605.72, 'ask': 605.87}","{'bid': 605.81, 'ask': 605.96}","{'bid': 605.58, 'ask': 605.75}",781,605.66,605.81,605.58,605.72
2025-02-06 14:15:00,2025-02-06T14:15:00,2025-02-06T14:15:00,"{'bid': 605.72, 'ask': 605.86}","{'bid': 605.93, 'ask': 606.07}","{'bid': 606.14, 'ask': 606.55}","{'bid': 605.68, 'ask': 605.84}",915,605.72,606.14,605.68,605.93
2025-02-06 14:30:00,2025-02-06T14:30:00,2025-02-06T14:30:00,"{'bid': 605.91, 'ask': 606.07}","{'bid': 605.58, 'ask': 605.7}","{'bid': 605.98, 'ask': 606.12}","{'bid': 605.03, 'ask': 605.16}",3667,605.91,605.98,605.03,605.58
2025-02-06 14:45:00,2025-02-06T14:45:00,2025-02-06T14:45:00,"{'bid': 605.59, 'ask': 605.71}","{'bid': 605.18, 'ask': 605.3}","{'bid': 606.03, 'ask': 606.16}","{'bid': 604.89, 'ask': 605.01}",2995,605.59,606.03,604.89,605.18
2025-02-06 15:00:00,2025-02-06T15:00:00,2025-02-06T15:00:00,"{'bid': 605.18, 'ask': 605.31}","{'bid': 605.66, 'ask': 605.79}","{'bid': 605.74, 'ask': 605.86}","{'bid': 604.9, 'ask': 605.02}",2659,605.18,605.74,604.9,605.66
2025-02-06 15:15:00,2025-02-06T15:15:00,2025-02-06T15:15:00,"{'bid': 605.67, 'ask': 605.79}","{'bid': 604.88, 'ask': 605.0}","{'bid': 605.88, 'ask': 606.01}","{'bid': 604.77, 'ask': 604.89}",2780,605.67,605.88,604.77,604.88
2025-02-06 15:30:00,2025-02-06T15:30:00,2025-02-06T15:30:00,"{'bid': 604.87, 'ask': 605.0}","{'bid': 604.67, 'ask': 604.8}","{'bid': 605.7, 'ask': 605.82}","{'bid': 604.32, 'ask': 604.45}",3508,604.87,605.7,604.32,604.67
2025-02-06 15:45:00,2025-02-06T15:45:00,2025-02-06T15:45:00,"{'bid': 604.68, 'ask': 604.82}","{'bid': 604.55, 'ask': 604.67}","{'bid': 604.87, 'ask': 605.0}","{'bid': 604.09, 'ask': 604.22}",2720,604.68,604.87,604.09,604.55
2025-02-06 16:00:00,2025-02-06T16:00:00,2025-02-06T16:00:00,"{'bid': 604.56, 'ask': 604.68}","{'bid': 605.52, 'ask': 605.65}","{'bid': 605.55, 'ask': 605.68}","{'bid': 604.49, 'ask': 604.61}",1925,604.56,605.55,604.49,605.52
2025-02-06 16:15:00,2025-02-06T16:15:00,2025-02-06T16:15:00,"{'bid': 605.53, 'ask': 605.65}","{'bid': 605.48, 'ask': 605.6}","{'bid': 605.63, 'ask': 605.75}","{'bid': 605.33, 'ask': 605.45}",1387,605.53,605.63,605.33,605.48
2025-02-06 16:30:00,2025-02-06T16:30:00,2025-02-06T16:30:00,"{'bid': 605.49, 'ask': 605.62}","{'bid': 604.98, 'ask': 605.1}","{'bid': 605.5, 'ask': 605.63}","{'bid': 604.89, 'ask': 605.01}",1845,605.49,605.5,604.89,604.98
2025-02-06 16:45:00,2025-02-06T16:45:00,2025-02-06T16:45:00,"{'bid': 604.97, 'ask': 605.1}","{'bid': 605.06, 'ask': 605.19}","{'bid': 605.44, 'ask': 605.57}","{'bid': 604.68, 'ask': 604.8}",1832,604.97,605.44,604.68,605.06
2025-02-06 17:00:00,2025-02-06T17:00:00,2025-02-06T17:00:00,"{'bid': 605.07, 'ask': 605.19}","{'bid': 604.76, 'ask': 604.89}","{'bid': 605.11, 'ask': 605.23}","{'bid': 604.71, 'ask': 604.83}",1849,605.07,605.11,604.71,604.76
2025-02-06 17:15:00,2025-02-06T17:15:00,2025-02-06T17:15:00,"{'bid': 604.76, 'ask': 604.88}","{'bid': 605.08, 'ask': 605.2}","{'bid': 605.56, 'ask': 605.69}","{'bid': 604.69, 'ask': 604.81}",1162,604.76,605.56,604.69,605.08
2025-02-06 17:30:00,2025-02-06T17:30:00,2025-02-06T17:30:00,"{'bid': 605.08, 'ask': 605.21}","{'bid': 605.22, 'ask': 605.35}","{'bid': 605.28, 'ask': 605.41}","{'bid': 604.8, 'ask': 604.93}",1248,605.08,605.28,604.8,605.22
2025-02-06 17:45:00,2025-02-06T17:45:00,2025-02-06T17:45:00,"{'bid': 605.23, 'ask': 605.36}","{'bid': 605.54, 'ask': 605.67}","{'bid': 605.71, 'ask': 605.83}","{'bid': 605.16, 'ask': 605.29}",1140,605.23,605.71,605.16,605.54
2025-02-06 18:00:00,2025-02-06T18:00:00,2025-02-06T18:00:00,"{'bid': 605.56, 'ask': 605.68}","{'bid': 605.41, 'ask': 605.53}","{'bid': 605.93, 'ask': 606.05}","{'bid': 605.24, 'ask': 605.37}",1428,605.56,605.93,605.24,605.41
2025-02-06 18:15:00,2025-02-06T18:15:00,2025-02-06T18:15:00,"{'bid': 605.41, 'ask': 605.54}","{'bid': 605.52, 'ask': 605.64}","{'bid': 605.72, 'ask': 605.85}","{'bid': 605.26, 'ask': 605.38}",1535,605.41,605.72,605.26,605.52
2025-02-06 18:30:00,2025-02-06T18:30:00,2025-02-06T18:30:00,"{'bid': 605.51, 'ask': 605.63}","{'bid': 605.33, 'ask': 605.45}","{'bid': 605.73, 'ask': 605.86}","{'bid': 605.08, 'ask': 605.2}",1243,605.51,605.73,605.08,605.33
2025-02-06 18:45:00,2025-02-06T18:45:00,2025-02-06T18:45:00,"{'bid': 605.32, 'ask': 605.45}","{'bid': 605.1, 'ask': 605.22}","{'bid': 605.39, 'ask': 605.51}","{'bid': 604.98, 'ask': 605.11}",1313,605.32,605.39,604.98,605.1
2025-02-06 19:00:00,2025-02-06T19:00:00,2025-02-06T19:00:00,"{'bid': 605.08, 'ask': 605.21}","{'bid': 605.14, 'ask': 605.26}","{'bid': 605.42, 'ask': 605.55}","{'bid': 604.94, 'ask': 605.07}",1217,605.08,605.42,604.94,605.14
2025-02-06 19:15:00,2025-02-06T19:15:00,2025-02-06T19:15:00,"{'bid': 605.13, 'ask': 605.26}","{'bid': 604.5, 'ask': 604.62}","{'bid': 605.36, 'ask': 605.48}","{'bid': 604.29, 'ask': 604.42}",1432,605.13,605.36,604.29,604.5
2025-02-06 19:30:00,2025-02-06T19:30:00,2025-02-06T19:30:00,"{'bid': 604.51, 'ask': 604.64}","{'bid': 603.3, 'ask': 603.43}","{'bid': 604.52, 'ask': 604.64}","{'bid': 602.58, 'ask': 602.7}",3712,604.51,604.52,602.58,603.3
2025-02-06 19:45:00,2025-02-06T19:45:00,2025-02-06T19:45:00,"{'bid': 603.29, 'ask': 603.43}","{'bid': 603.65, 'ask': 603.78}","{'bid': 604.23, 'ask': 604.36}","{'bid': 603.17, 'ask': 603.31}",2486,603.29,604.23,603.17,603.65
2025-02-06 20:00:00,2025-02-06T20:00:00,2025-02-06T20:00:00,"{'bid': 603.64, 'ask': 603.76}","{'bid': 604.14, 'ask': 604.26}","{'bid': 604.14, 'ask': 604.26}","{'bid': 603.47, 'ask': 603.59}",2043,603.64,604.14,603.47,604.14
2025-02-06 20:15:00,2025-02-06T20:15:00,2025-02-06T20:15:00,"{'bid': 604.13, 'ask': 604.26}","{'bid': 604.7, 'ask': 604.83}","{'bid': 604.75, 'ask': 604.88}","{'bid': 604.13, 'ask': 604.26}",1551,604.13,604.75,604.13,604.7
2025-02-06 20:30:00,2025-02-06T20:30:00,2025-02-06T20:30:00,"{'bid': 604.72, 'ask': 604.84}","{'bid': 604.96, 'ask': 605.09}","{'bid': 604.98, 'ask': 605.11}","{'bid': 604.52, 'ask': 604.64}",1627,604.72,604.98,604.52,604.96
2025-02-06 20:45:00,2025-02-06T20:45:00,2025-02-06T20:45:00,"{'bid': 604.94, 'ask': 605.07}","{'bid': 606.27, 'ask': 606.39}","{'bid': 606.39, 'ask': 606.52}","{'bid': 604.92, 'ask': 605.04}",3054,604.94,606.39,604.92,606.27
2025-02-06 21:00:00,2025-02-06T21:00:00,2025-02-06T21:00:00,"{'bid': 606.29, 'ask': 606.42}","{'bid': 604.98, 'ask': 605.13}","{'bid': 606.34, 'ask': 606.47}","{'bid': 600.63, 'ask': 603.43}",3116,606.29,606.34,600.63,604.98
2025-02-06 21:15:00,2025-02-06T21:15:00,2025-02-06T21:15:00,"{'bid': 605.03, 'ask': 605.17}","{'bid': 605.23, 'ask': 605.39}","{'bid': 605.5, 'ask': 606.05}","{'bid': 604.49, 'ask': 604.7}",717,605.03,605.5,604.49,605.23
2025-02-06 21:30:00,2025-02-06T21:30:00,2025-02-06T21:30:00,"{'bid': 605.23, 'ask': 605.41}","{'bid': 605.2, 'ask': 605.36}","{'bid': 605.6, 'ask': 606.05}","{'bid': 605.07, 'ask': 605.26}",533,605.23,605.6,605.07,605.2
2025-02-06 21:45:00,2025-02-06T21:45:00,2025-02-06T21:45:00,"{'bid': 605.18, 'ask': 605.36}","{'bid': 605.0, 'ask': 605.22}","{'bid': 605.25, 'ask': 605.85}","{'bid': 604.72, 'ask': 604.98}",611,605.18,605.25,604.72,605.0
2025-02-06 22:00:00,2025-02-06T22:00:00,2025-02-06T22:00:00,"{'bid': 605.0, 'ask': 605.25}","{'bid': 604.82, 'ask': 604.95}","{'bid': 605.1, 'ask': 605.3}","{'bid': 604.37, 'ask': 604.9}",69,605.0,605.1,604.37,604.82
2025-02-06 22:15:00,2025-02-06T22:15:00,2025-02-06T22:15:00,"{'bid': 604.83, 'ask': 605.17}","{'bid': 604.85, 'ask': 605.0}","{'bid': 604.95, 'ask': 605.17}","{'bid': 604.67, 'ask': 604.95}",76,604.83,604.95,604.67,604.85
2025-02-06 22:30:00,2025-02-06T22:30:00,2025-02-06T22:30:00,"{'bid': 604.69, 'ask': 605.0}","{'bid': 604.75, 'ask': 604.9}","{'bid': 605.03, 'ask': 605.35}","{'bid': 604.69, 'ask': 604.85}",58,604.69,605.03,604.69,604.75
2025-02-06 22:45:00,2025-02-06T22:45:00,2025-02-06T22:45:00,"{'bid': 604.7, 'ask': 604.85}","{'bid': 604.5, 'ask': 605.16}","{'bid': 604.7, 'ask': 605.16}","{'bid': 604.47, 'ask': 604.65}",58,604.7,604.7,604.47,604.5
2025-02-06 23:00:00,2025-02-06T23:00:00,2025-02-06T23:00:00,"{'bid': 603.95, 'ask': 604.86}","{'bid': 605.35, 'ask': 605.58}","{'bid': 605.52, 'ask': 606.05}","{'bid': 603.95, 'ask': 604.56}",449,603.95,605.52,603.95,605.35
2025-02-06 23:15:00,2025-02-06T23:15:00,2025-02-06T23:15:00,"{'bid': 605.37, 'ask': 605.58}","{'bid': 605.53, 'ask': 605.78}","{'bid': 605.61, 'ask': 606.05}","{'bid': 605.31, 'ask': 605.55}",84,605.37,605.61,605.31,605.53
2025-02-06 23:30:00,2025-02-06T23:30:00,2025-02-06T23:30:00,"{'bid': 605.52, 'ask': 605.76}","{'bid': 605.47, 'ask': 605.7}","{'bid': 605.52, 'ask': 606.05}","{'bid': 605.31, 'ask': 605.59}",97,605.52,605.52,605.31,605.47
2025-02-06 23:45:00,2025-02-06T23:45:00,2025-02-06T23:45:00,"{'bid': 605.47, 'ask': 605.73}","{'bid': 605.56, 'ask': 605.76}","{'bid': 605.57, 'ask': 605.84}","{'bid': 605.35, 'ask': 605.6}",93,605.47,605.57,605.35,605.56
2025-02-07 00:00:00,2025-02-07T00:00:00,2025-02-07T00:00:00,"{'bid': 605.55, 'ask': 605.76}","{'bid': 605.64, 'ask': 605.88}","{'bid': 605.74, 'ask': 606.05}","{'bid': 605.44, 'ask': 605.67}",90,605.55,605.74,605.44,605.64
2025-02-07 00:15:00,2025-02-07T00:15:00,2025-02-07T00:15:00,"{'bid': 605.64, 'ask': 605.86}","{'bid': 605.62, 'ask': 605.82}","{'bid': 605.65, 'ask': 606.05}","{'bid': 605.52, 'ask': 605.74}",149,605.64,605.65,605.52,605.62
2025-02-07 00:30:00,2025-02-07T00:30:00,2025-02-07T00:30:00,"{'bid': 605.62, 'ask': 605.84}","{'bid': 605.56, 'ask': 605.76}","{'bid': 605.65, 'ask': 606.05}","{'bid': 605.01, 'ask': 605.53}",128,605.62,605.65,605.01,605.56
2025-02-07 00:45:00,2025-02-07T00:45:00,2025-02-07T00:45:00,"{'bid': 605.56, 'ask': 605.77}","{'bid': 605.87, 'ask': 606.05}","{'bid': 605.89, 'ask': 606.05}","{'bid': 605.51, 'ask': 605.73}",140,605.56,605.89,605.51,605.87
2025-02-07 09:00:00,2025-02-07T09:00:00,2025-02-07T09:00:00,"{'bid': 605.72, 'ask': 605.93}","{'bid': 605.96, 'ask': 606.11}","{'bid': 606.12, 'ask': 606.85}","{'bid': 605.35, 'ask': 605.82}",442,605.72,606.12,605.35,605.96
2025-02-07 09:15:00,2025-02-07T09:15:00,2025-02-07T09:15:00,"{'bid': 605.88, 'ask': 606.11}","{'bid': 605.81, 'ask': 605.96}","{'bid': 606.07, 'ask': 606.65}","{'bid': 605.15, 'ask': 605.88}",488,605.88,606.07,605.15,605.81
2025-02-07 09:30:00,2025-02-07T09:30:00,2025-02-07T09:30:00,"{'bid': 605.82, 'ask': 606.0}","{'bid': 606.21, 'ask': 606.39}","{'bid': 606.36, 'ask': 607.05}","{'bid': 605.79, 'ask': 605.97}",419,605.82,606.36,605.79,606.21
2025-02-07 09:45:00,2025-02-07T09:45:00,2025-02-07T09:45:00,"{'bid': 606.21, 'ask': 606.38}","{'bid': 606.21, 'ask': 606.36}","{'bid': 606.25, 'ask': 607.05}","{'bid': 605.55, 'ask': 606.21}",372,606.21,606.25,605.55,606.21
2025-02-07 10:00:00,2025-02-07T10:00:00,2025-02-07T10:00:00,"{'bid': 606.19, 'ask': 606.34}","{'bid': 606.12, 'ask': 606.3}","{'bid': 606.28, 'ask': 606.85}","{'bid': 605.55, 'ask': 606.29}",333,606.19,606.28,605.55,606.12
2025-02-07 10:15:00,2025-02-07T10:15:00,2025-02-07T10:15:00,"{'bid': 606.12, 'ask': 606.31}","{'bid': 606.31, 'ask': 606.5}","{'bid': 606.37, 'ask': 606.85}","{'bid': 606.09, 'ask': 606.27}",211,606.12,606.37,606.09,606.31
2025-02-07 10:30:00,2025-02-07T10:30:00,2025-02-07T10:30:00,"{'bid': 606.32, 'ask': 606.5}","{'bid': 606.14, 'ask': 606.29}","{'bid': 606.4, 'ask': 607.05}","{'bid': 605.55, 'ask': 606.21}",281,606.32,606.4,605.55,606.14
2025-02-07 10:45:00,2025-02-07T10:45:00,2025-02-07T10:45:00,"{'bid': 606.15, 'ask': 606.3}","{'bid': 606.17, 'ask': 606.36}","{'bid': 606.22, 'ask': 606.52}","{'bid': 605.55, 'ask': 606.2}",243,606.15,606.22,605.55,606.17
2025-02-07 11:00:00,2025-02-07T11:00:00,2025-02-07T11:00:00,"{'bid': 606.18, 'ask': 606.36}","{'bid': 606.16, 'ask': 606.33}","{'bid': 606.29, 'ask': 606.46}","{'bid': 605.55, 'ask': 606.28}",215,606.18,606.29,605.55,606.16
2025-02-07 11:15:00,2025-02-07T11:15:00,2025-02-07T11:15:00,"{'bid': 606.17, 'ask': 606.34}","{'bid': 606.12, 'ask': 606.3}","{'bid': 606.23, 'ask': 606.71}","{'bid': 605.56, 'ask': 606.11}",270,606.17,606.23,605.56,606.12
2025-02-07 11:30:00,2025-02-07T11:30:00,2025-02-07T11:30:00,"{'bid': 606.12, 'ask': 606.31}","{'bid': 606.42, 'ask': 606.59}","{'bid': 606.42, 'ask': 606.71}","{'bid': 606.06, 'ask': 606.27}",182,606.12,606.42,606.06,606.42
2025-02-07 11:45:00,2025-02-07T11:45:00,2025-02-07T11:45:00,"{'bid': 606.43, 'ask': 606.6}","{'bid': 606.54, 'ask': 606.72}","{'bid': 606.65, 'ask': 607.25}","{'bid': 606.35, 'ask': 606.51}",268,606.43,606.65,606.35,606.54
2025-02-07 12:00:00,2025-02-07T12:00:00,2025-02-07T12:00:00,"{'bid': 606.53, 'ask': 606.71}","{'bid': 606.43, 'ask': 606.63}","{'bid': 606.6, 'ask': 606.98}","{'bid': 605.95, 'ask': 606.53}",346,606.53,606.6,605.95,606.43
2025-02-07 12:15:00,2025-02-07T12:15:00,2025-02-07T12:15:00,"{'bid': 606.44, 'ask': 606.63}","{'bid': 606.4, 'ask': 606.55}","{'bid': 606.58, 'ask': 606.98}","{'bid': 605.95, 'ask': 606.51}",293,606.44,606.58,605.95,606.4
2025-02-07 12:30:00,2025-02-07T12:30:00,2025-02-07T12:30:00,"{'bid': 606.4, 'ask': 606.54}","{'bid': 606.34, 'ask': 606.55}","{'bid': 606.42, 'ask': 606.98}","{'bid': 605.55, 'ask': 606.32}",345,606.4,606.42,605.55,606.34
2025-02-07 12:45:00,2025-02-07T12:45:00,2025-02-07T12:45:00,"{'bid': 606.35, 'ask': 606.55}","{'bid': 606.25, 'ask': 606.39}","{'bid': 606.45, 'ask': 606.98}","{'bid': 605.75, 'ask': 606.39}",411,606.35,606.45,605.75,606.25
2025-02-07 13:00:00,2025-02-07T13:00:00,2025-02-07T13:00:00,"{'bid': 606.26, 'ask': 606.4}","{'bid': 606.12, 'ask': 606.26}","{'bid': 606.3, 'ask': 606.85}","{'bid': 605.55, 'ask': 606.03}",631,606.26,606.3,605.55,606.12
2025-02-07 13:15:00,2025-02-07T13:15:00,2025-02-07T13:15:00,"{'bid': 606.13, 'ask': 606.27}","{'bid': 605.84, 'ask': 606.98}","{'bid': 606.41, 'ask': 606.98}","{'bid': 605.65, 'ask': 605.85}",917,606.13,606.41,605.65,605.84
2025-02-07 13:30:00,2025-02-07T13:30:00,2025-02-07T13:30:00,"{'bid': 605.28, 'ask': 606.08}","{'bid': 606.64, 'ask': 606.8}","{'bid': 607.11, 'ask': 607.38}","{'bid': 604.12, 'ask': 604.79}",3584,605.28,607.11,604.12,606.64
2025-02-07 13:45:00,2025-02-07T13:45:00,2025-02-07T13:45:00,"{'bid': 606.63, 'ask': 606.76}","{'bid': 606.7, 'ask': 606.84}","{'bid': 606.79, 'ask': 607.02}","{'bid': 605.45, 'ask': 606.05}",2268,606.63,606.79,605.45,606.7
2025-02-07 14:00:00,2025-02-07T14:00:00,2025-02-07T14:00:00,"{'bid': 606.72, 'ask': 606.87}","{'bid': 606.81, 'ask': 606.98}","{'bid': 606.83, 'ask': 607.01}","{'bid': 605.95, 'ask': 606.45}",1468,606.72,606.83,605.95,606.81
2025-02-07 14:15:00,2025-02-07T14:15:00,2025-02-07T14:15:00,"{'bid': 606.79, 'ask': 606.93}","{'bid': 606.84, 'ask': 606.99}","{'bid': 606.97, 'ask': 607.27}","{'bid': 606.15, 'ask': 606.72}",1287,606.79,606.97,606.15,606.84
2025-02-07 14:30:00,2025-02-07T14:30:00,2025-02-07T14:30:00,"{'bid': 606.83, 'ask': 606.99}","{'bid': 607.46, 'ask': 607.58}","{'bid': 607.7, 'ask': 607.83}","{'bid': 606.5, 'ask': 606.63}",4285,606.83,607.7,606.5,607.46
2025-02-07 14:45:00,2025-02-07T14:45:00,2025-02-07T14:45:00,"{'bid': 607.48, 'ask': 607.6}","{'bid': 607.77, 'ask': 607.89}","{'bid': 608.07, 'ask': 608.19}","{'bid': 607.44, 'ask': 607.57}",2685,607.48,608.07,607.44,607.77
2025-02-07 15:00:00,2025-02-07T15:00:00,2025-02-07T15:00:00,"{'bid': 606.95, 'ask': 607.87}","{'bid': 604.2, 'ask': 604.34}","{'bid': 607.59, 'ask': 607.87}","{'bid': 603.7, 'ask': 603.83}",7201,606.95,607.59,603.7,604.2
2025-02-07 15:15:00,2025-02-07T15:15:00,2025-02-07T15:15:00,"{'bid': 604.23, 'ask': 604.36}","{'bid': 604.53, 'ask': 604.67}","{'bid': 605.33, 'ask': 605.47}","{'bid': 603.75, 'ask': 603.89}",5500,604.23,605.33,603.75,604.53
2025-02-07 15:30:00,2025-02-07T15:30:00,2025-02-07T15:30:00,"{'bid': 604.52, 'ask': 604.65}","{'bid': 604.41, 'ask': 604.54}","{'bid': 605.48, 'ask': 605.61}","{'bid': 604.19, 'ask': 604.32}",5063,604.52,605.48,604.19,604.41
2025-02-07 15:45:00,2025-02-07T15:45:00,2025-02-07T15:45:00,"{'bid': 604.41, 'ask': 604.53}","{'bid': 603.37, 'ask': 603.51}","{'bid': 605.34, 'ask': 605.47}","{'bid': 601.12, 'ask': 601.25}",6486,604.41,605.34,601.12,603.37
2025-02-07 16:00:00,2025-02-07T16:00:00,2025-02-07T16:00:00,"{'bid': 603.4, 'ask': 603.54}","{'bid': 602.4, 'ask': 602.54}","{'bid': 603.56, 'ask': 603.69}","{'bid': 601.49, 'ask': 601.61}",6421,603.4,603.56,601.49,602.4
2025-02-07 16:15:00,2025-02-07T16:15:00,2025-02-07T16:15:00,"{'bid': 602.42, 'ask': 602.54}","{'bid': 601.94, 'ask': 602.06}","{'bid': 604.43, 'ask': 604.59}","{'bid': 601.86, 'ask': 601.98}",5536,602.42,604.43,601.86,601.94
2025-02-07 16:30:00,2025-02-07T16:30:00,2025-02-07T16:30:00,"{'bid': 601.96, 'ask': 602.08}","{'bid': 602.0, 'ask': 602.13}","{'bid': 602.84, 'ask': 602.96}","{'bid': 601.68, 'ask': 601.81}",5334,601.96,602.84,601.68,602.0
2025-02-07 16:45:00,2025-02-07T16:45:00,2025-02-07T16:45:00,"{'bid': 601.98, 'ask': 602.12}","{'bid': 601.52, 'ask': 601.67}","{'bid': 602.53, 'ask': 602.67}","{'bid': 601.21, 'ask': 601.34}",5565,601.98,602.53,601.21,601.52
2025-02-07 17:00:00,2025-02-07T17:00:00,2025-02-07T17:00:00,"{'bid': 601.53, 'ask': 601.67}","{'bid': 602.5, 'ask': 602.63}","{'bid': 602.61, 'ask': 602.74}","{'bid': 600.7, 'ask': 600.85}",5145,601.53,602.61,600.7,602.5
2025-02-07 17:15:00,2025-02-07T17:15:00,2025-02-07T17:15:00,"{'bid': 602.49, 'ask': 602.62}","{'bid': 601.59, 'ask': 601.71}","{'bid': 602.57, 'ask': 602.69}","{'bid': 600.59, 'ask': 600.72}",5368,602.49,602.57,600.59,601.59
2025-02-07 17:30:00,2025-02-07T17:30:00,2025-02-07T17:30:00,"{'bid': 601.57, 'ask': 601.69}","{'bid': 602.17, 'ask': 602.29}","{'bid': 602.4, 'ask': 602.52}","{'bid': 601.23, 'ask': 601.36}",3579,601.57,602.4,601.23,602.17
2025-02-07 17:45:00,2025-02-07T17:45:00,2025-02-07T17:45:00,"{'bid': 602.16, 'ask': 602.28}","{'bid': 602.1, 'ask': 602.22}","{'bid': 602.77, 'ask': 602.9}","{'bid': 601.95, 'ask': 602.07}",2898,602.16,602.77,601.95,602.1
2025-02-07 18:00:00,2025-02-07T18:00:00,2025-02-07T18:00:00,"{'bid': 602.12, 'ask': 602.24}","{'bid': 603.42, 'ask': 603.55}","{'bid': 603.57, 'ask': 603.7}","{'bid': 601.98, 'ask': 602.11}",2645,602.12,603.57,601.98,603.42
2025-02-07 18:15:00,2025-02-07T18:15:00,2025-02-07T18:15:00,"{'bid': 603.44, 'ask': 603.56}","{'bid': 603.28, 'ask': 603.4}","{'bid': 603.69, 'ask': 603.82}","{'bid': 603.01, 'ask': 603.13}",2193,603.44,603.69,603.01,603.28
2025-02-07 18:30:00,2025-02-07T18:30:00,2025-02-07T18:30:00,"{'bid': 603.28, 'ask': 603.41}","{'bid': 602.28, 'ask': 602.4}","{'bid': 603.58, 'ask': 603.71}","{'bid': 602.02, 'ask': 602.14}",2652,603.28,603.58,602.02,602.28
2025-02-07 18:45:00,2025-02-07T18:45:00,2025-02-07T18:45:00,"{'bid': 602.3, 'ask': 602.42}","{'bid': 601.18, 'ask': 601.3}","{'bid': 602.33, 'ask': 602.46}","{'bid': 601.07, 'ask': 601.19}",3275,602.3,602.33,601.07,601.18
2025-02-07 19:00:00,2025-02-07T19:00:00,2025-02-07T19:00:00,"{'bid': 601.18, 'ask': 601.31}","{'bid': 600.88, 'ask': 601.01}","{'bid': 601.53, 'ask': 601.66}","{'bid': 600.62, 'ask': 600.75}",2616,601.18,601.53,600.62,600.88
2025-02-07 19:15:00,2025-02-07T19:15:00,2025-02-07T19:15:00,"{'bid': 600.89, 'ask': 601.01}","{'bid': 600.53, 'ask': 600.65}","{'bid': 601.16, 'ask': 601.29}","{'bid': 600.36, 'ask': 600.49}",2345,600.89,601.16,600.36,600.53
2025-02-07 19:30:00,2025-02-07T19:30:00,2025-02-07T19:30:00,"{'bid': 600.54, 'ask': 600.67}","{'bid': 601.34, 'ask': 601.47}","{'bid': 601.47, 'ask': 601.6}","{'bid': 600.27, 'ask': 600.4}",2397,600.54,601.47,600.27,601.34
2025-02-07 19:45:00,2025-02-07T19:45:00,2025-02-07T19:45:00,"{'bid': 601.36, 'ask': 601.49}","{'bid': 601.05, 'ask': 601.18}","{'bid': 601.54, 'ask': 601.66}","{'bid': 600.94, 'ask': 601.07}",1742,601.36,601.54,600.94,601.05
2025-02-07 20:00:00,2025-02-07T20:00:00,2025-02-07T20:00:00,"{'bid': 601.04, 'ask': 601.16}","{'bid': 600.31, 'ask': 600.44}","{'bid': 601.04, 'ask': 601.16}","{'bid': 600.21, 'ask': 600.33}",2651,601.04,601.04,600.21,600.31
2025-02-07 20:15:00,2025-02-07T20:15:00,2025-02-07T20:15:00,"{'bid': 600.3, 'ask': 600.42}","{'bid': 600.34, 'ask': 600.47}","{'bid': 600.75, 'ask': 600.88}","{'bid': 600.0, 'ask': 600.12}",2276,600.3,600.75,600.0,600.34
2025-02-07 20:30:00,2025-02-07T20:30:00,2025-02-07T20:30:00,"{'bid': 600.33, 'ask': 600.45}","{'bid': 600.62, 'ask': 600.75}","{'bid': 601.08, 'ask': 601.2}","{'bid': 600.31, 'ask': 600.44}",2848,600.33,601.08,600.31,600.62
2025-02-07 20:45:00,2025-02-07T20:45:00,2025-02-07T20:45:00,"{'bid': 600.64, 'ask': 600.76}","{'bid': 600.7, 'ask': 600.83}","{'bid': 601.19, 'ask': 601.32}","{'bid': 600.45, 'ask': 600.57}",3506,600.64,601.19,600.45,600.7
2025-02-07 21:00:00,2025-02-07T21:00:00,2025-02-07T21:00:00,"{'bid': 600.73, 'ask': 600.85}","{'bid': 600.93, 'ask': 601.05}","{'bid': 601.21, 'ask': 601.41}","{'bid': 600.35, 'ask': 600.85}",1177,600.73,601.21,600.35,600.93
2025-02-07 21:15:00,2025-02-07T21:15:00,2025-02-07T21:15:00,"{'bid': 600.91, 'ask': 601.05}","{'bid': 601.0, 'ask': 601.13}","{'bid': 601.04, 'ask': 601.65}","{'bid': 600.7, 'ask': 600.96}",372,600.91,601.04,600.7,601.0
2025-02-07 21:30:00,2025-02-07T21:30:00,2025-02-07T21:30:00,"{'bid': 601.01, 'ask': 601.14}","{'bid': 600.89, 'ask': 601.02}","{'bid': 601.03, 'ask': 601.19}","{'bid': 600.81, 'ask': 600.97}",308,601.01,601.03,600.81,600.89
2025-02-07 21:45:00,2025-02-07T21:45:00,2025-02-07T21:45:00,"{'bid': 600.89, 'ask': 601.03}","{'bid': 600.78, 'ask': 600.98}","{'bid': 600.91, 'ask': 601.52}","{'bid': 600.74, 'ask': 600.89}",259,600.89,600.91,600.74,600.78
2025-02-10 09:00:00,2025-02-10T09:00:00,2025-02-10T09:00:00,"{'bid': 602.55, 'ask': 602.75}","{'bid': 602.88, 'ask': 603.1}","{'bid': 602.88, 'ask': 603.35}","{'bid': 602.35, 'ask': 602.59}",520,602.55,602.88,602.35,602.88
2025-02-10 09:15:00,2025-02-10T09:15:00,2025-02-10T09:15:00,"{'bid': 602.87, 'ask': 603.09}","{'bid': 603.0, 'ask': 603.2}","{'bid': 603.04, 'ask': 603.45}","{'bid': 602.84, 'ask': 603.04}",347,602.87,603.04,602.84,603.0
2025-02-10 09:30:00,2025-02-10T09:30:00,2025-02-10T09:30:00,"{'bid': 603.0, 'ask': 603.19}","{'bid': 602.9, 'ask': 603.11}","{'bid': 603.1, 'ask': 603.55}","{'bid': 602.82, 'ask': 603.02}",262,603.0,603.1,602.82,602.9
2025-02-10 09:45:00,2025-02-10T09:45:00,2025-02-10T09:45:00,"{'bid': 602.9, 'ask': 603.1}","{'bid': 602.95, 'ask': 603.16}","{'bid': 602.96, 'ask': 603.45}","{'bid': 602.35, 'ask': 602.78}",280,602.9,602.96,602.35,602.95
2025-02-10 10:00:00,2025-02-10T10:00:00,2025-02-10T10:00:00,"{'bid': 602.95, 'ask': 603.17}","{'bid': 603.0, 'ask': 603.19}","{'bid': 603.18, 'ask': 603.65}","{'bid': 602.93, 'ask': 603.17}",255,602.95,603.18,602.93,603.0
2025-02-10 10:15:00,2025-02-10T10:15:00,2025-02-10T10:15:00,"{'bid': 602.98, 'ask': 603.18}","{'bid': 603.17, 'ask': 603.37}","{'bid': 603.31, 'ask': 603.85}","{'bid': 602.75, 'ask': 603.14}",295,602.98,603.31,602.75,603.17
2025-02-10 10:30:00,2025-02-10T10:30:00,2025-02-10T10:30:00,"{'bid': 603.17, 'ask': 603.36}","{'bid': 603.37, 'ask': 603.56}","{'bid': 603.44, 'ask': 603.85}","{'bid': 602.75, 'ask': 603.26}",291,603.17,603.44,602.75,603.37
2025-02-10 10:45:00,2025-02-10T10:45:00,2025-02-10T10:45:00,"{'bid': 603.38, 'ask': 603.56}","{'bid': 603.37, 'ask': 603.51}","{'bid': 603.41, 'ask': 603.85}","{'bid': 603.29, 'ask': 603.47}",181,603.38,603.41,603.29,603.37
2025-02-10 11:00:00,2025-02-10T11:00:00,2025-02-10T11:00:00,"{'bid': 603.34, 'ask': 603.54}","{'bid': 603.34, 'ask': 603.54}","{'bid': 603.52, 'ask': 603.85}","{'bid': 602.55, 'ask': 602.99}",833,603.34,603.52,602.55,603.34
2025-02-10 11:15:00,2025-02-10T11:15:00,2025-02-10T11:15:00,"{'bid': 603.37, 'ask': 603.55}","{'bid': 603.59, 'ask': 603.74}","{'bid': 603.6, 'ask': 604.05}","{'bid': 603.29, 'ask': 603.49}",324,603.37,603.6,603.29,603.59
2025-02-10 11:30:00,2025-02-10T11:30:00,2025-02-10T11:30:00,"{'bid': 603.59, 'ask': 603.75}","{'bid': 603.52, 'ask': 603.66}","{'bid': 603.68, 'ask': 604.05}","{'bid': 603.42, 'ask': 603.63}",262,603.59,603.68,603.42,603.52
2025-02-10 11:45:00,2025-02-10T11:45:00,2025-02-10T11:45:00,"{'bid': 603.51, 'ask': 603.66}","{'bid': 603.59, 'ask': 603.77}","{'bid': 603.6, 'ask': 603.85}","{'bid': 603.38, 'ask': 603.56}",203,603.51,603.6,603.38,603.59
2025-02-10 12:00:00,2025-02-10T12:00:00,2025-02-10T12:00:00,"{'bid': 603.58, 'ask': 603.77}","{'bid': 603.27, 'ask': 603.42}","{'bid': 603.68, 'ask': 604.05}","{'bid': 603.15, 'ask': 603.41}",515,603.58,603.68,603.15,603.27
2025-02-10 12:15:00,2025-02-10T12:15:00,2025-02-10T12:15:00,"{'bid': 603.27, 'ask': 603.43}","{'bid': 603.43, 'ask': 603.64}","{'bid': 603.52, 'ask': 604.05}","{'bid': 603.25, 'ask': 603.43}",303,603.27,603.52,603.25,603.43
2025-02-10 12:30:00,2025-02-10T12:30:00,2025-02-10T12:30:00,"{'bid': 603.43, 'ask': 603.62}","{'bid': 603.5, 'ask': 603.65}","{'bid': 603.5, 'ask': 603.85}","{'bid': 602.95, 'ask': 603.5}",320,603.43,603.5,602.95,603.5
2025-02-10 12:45:00,2025-02-10T12:45:00,2025-02-10T12:45:00,"{'bid': 603.5, 'ask': 603.64}","{'bid': 603.71, 'ask': 603.84}","{'bid': 603.71, 'ask': 604.05}","{'bid': 603.4, 'ask': 603.57}",336,603.5,603.71,603.4,603.71
2025-02-10 13:00:00,2025-02-10T13:00:00,2025-02-10T13:00:00,"{'bid': 603.7, 'ask': 603.84}","{'bid': 603.92, 'ask': 604.07}","{'bid': 603.92, 'ask': 604.12}","{'bid': 603.53, 'ask': 603.74}",484,603.7,603.92,603.53,603.92
2025-02-10 13:15:00,2025-02-10T13:15:00,2025-02-10T13:15:00,"{'bid': 603.91, 'ask': 604.05}","{'bid': 604.12, 'ask': 604.28}","{'bid': 604.19, 'ask': 604.39}","{'bid': 603.79, 'ask': 603.93}",556,603.91,604.19,603.79,604.12
2025-02-10 13:30:00,2025-02-10T13:30:00,2025-02-10T13:30:00,"{'bid': 604.13, 'ask': 604.28}","{'bid': 604.27, 'ask': 604.4}","{'bid': 604.42, 'ask': 604.56}","{'bid': 604.09, 'ask': 604.23}",562,604.13,604.42,604.09,604.27
2025-02-10 13:45:00,2025-02-10T13:45:00,2025-02-10T13:45:00,"{'bid': 604.28, 'ask': 604.4}","{'bid': 604.37, 'ask': 604.51}","{'bid': 604.39, 'ask': 604.54}","{'bid': 604.11, 'ask': 604.26}",421,604.28,604.39,604.11,604.37
2025-02-10 14:00:00,2025-02-10T14:00:00,2025-02-10T14:00:00,"{'bid': 604.38, 'ask': 604.51}","{'bid': 604.02, 'ask': 604.17}","{'bid': 604.54, 'ask': 604.69}","{'bid': 603.99, 'ask': 604.15}",689,604.38,604.54,603.99,604.02
2025-02-10 14:15:00,2025-02-10T14:15:00,2025-02-10T14:15:00,"{'bid': 604.02, 'ask': 604.15}","{'bid': 603.93, 'ask': 604.08}","{'bid': 604.17, 'ask': 604.31}","{'bid': 603.74, 'ask': 603.87}",901,604.02,604.17,603.74,603.93
2025-02-10 14:30:00,2025-02-10T14:30:00,2025-02-10T14:30:00,"{'bid': 603.95, 'ask': 604.32}","{'bid': 603.04, 'ask': 603.17}","{'bid': 604.04, 'ask': 604.32}","{'bid': 602.68, 'ask': 602.8}",4250,603.95,604.04,602.68,603.04
2025-02-10 14:45:00,2025-02-10T14:45:00,2025-02-10T14:45:00,"{'bid': 603.03, 'ask': 603.16}","{'bid': 603.43, 'ask': 603.56}","{'bid': 603.46, 'ask': 603.59}","{'bid': 602.75, 'ask': 602.87}",3698,603.03,603.46,602.75,603.43
2025-02-10 15:00:00,2025-02-10T15:00:00,2025-02-10T15:00:00,"{'bid': 603.44, 'ask': 603.56}","{'bid': 604.3, 'ask': 604.43}","{'bid': 604.72, 'ask': 604.85}","{'bid': 603.27, 'ask': 603.4}",3259,603.44,604.72,603.27,604.3
2025-02-10 15:15:00,2025-02-10T15:15:00,2025-02-10T15:15:00,"{'bid': 604.31, 'ask': 604.43}","{'bid': 604.67, 'ask': 604.8}","{'bid': 604.72, 'ask': 604.85}","{'bid': 604.04, 'ask': 604.17}",2218,604.31,604.72,604.04,604.67
2025-02-10 15:30:00,2025-02-10T15:30:00,2025-02-10T15:30:00,"{'bid': 604.7, 'ask': 604.82}","{'bid': 604.76, 'ask': 604.88}","{'bid': 604.91, 'ask': 605.03}","{'bid': 604.5, 'ask': 604.62}",1857,604.7,604.91,604.5,604.76
2025-02-10 15:45:00,2025-02-10T15:45:00,2025-02-10T15:45:00,"{'bid': 604.76, 'ask': 604.89}","{'bid': 604.8, 'ask': 604.93}","{'bid': 605.26, 'ask': 605.39}","{'bid': 604.75, 'ask': 604.88}",1735,604.76,605.26,604.75,604.8
2025-02-10 16:00:00,2025-02-10T16:00:00,2025-02-10T16:00:00,"{'bid': 604.8, 'ask': 604.92}","{'bid': 604.6, 'ask': 604.72}","{'bid': 605.05, 'ask': 605.18}","{'bid': 604.47, 'ask': 604.6}",1849,604.8,605.05,604.47,604.6
2025-02-10 16:15:00,2025-02-10T16:15:00,2025-02-10T16:15:00,"{'bid': 604.59, 'ask': 604.72}","{'bid': 604.24, 'ask': 604.37}","{'bid': 604.61, 'ask': 604.73}","{'bid': 603.99, 'ask': 604.12}",2155,604.59,604.61,603.99,604.24
2025-02-10 16:30:00,2025-02-10T16:30:00,2025-02-10T16:30:00,"{'bid': 604.25, 'ask': 604.38}","{'bid': 604.16, 'ask': 604.29}","{'bid': 604.29, 'ask': 604.42}","{'bid': 603.77, 'ask': 603.9}",1677,604.25,604.29,603.77,604.16
2025-02-10 16:45:00,2025-02-10T16:45:00,2025-02-10T16:45:00,"{'bid': 604.16, 'ask': 604.28}","{'bid': 604.36, 'ask': 604.48}","{'bid': 604.44, 'ask': 604.56}","{'bid': 603.87, 'ask': 604.0}",1924,604.16,604.44,603.87,604.36
2025-02-10 17:00:00,2025-02-10T17:00:00,2025-02-10T17:00:00,"{'bid': 604.35, 'ask': 604.48}","{'bid': 603.43, 'ask': 603.55}","{'bid': 604.41, 'ask': 604.53}","{'bid': 603.14, 'ask': 603.26}",2195,604.35,604.41,603.14,603.43
2025-02-10 17:15:00,2025-02-10T17:15:00,2025-02-10T17:15:00,"{'bid': 603.41, 'ask': 603.54}","{'bid': 603.57, 'ask': 603.7}","{'bid': 603.89, 'ask': 604.02}","{'bid': 603.17, 'ask': 603.3}",1837,603.41,603.89,603.17,603.57
2025-02-10 17:30:00,2025-02-10T17:30:00,2025-02-10T17:30:00,"{'bid': 603.58, 'ask': 603.71}","{'bid': 604.12, 'ask': 604.25}","{'bid': 604.34, 'ask': 604.46}","{'bid': 603.57, 'ask': 603.69}",1378,603.58,604.34,603.57,604.12
2025-02-10 17:45:00,2025-02-10T17:45:00,2025-02-10T17:45:00,"{'bid': 604.12, 'ask': 604.24}","{'bid': 604.52, 'ask': 604.65}","{'bid': 604.58, 'ask': 604.71}","{'bid': 603.92, 'ask': 604.04}",1016,604.12,604.58,603.92,604.52
2025-02-10 18:00:00,2025-02-10T18:00:00,2025-02-10T18:00:00,"{'bid': 604.52, 'ask': 604.64}","{'bid': 604.81, 'ask': 604.93}","{'bid': 604.81, 'ask': 604.94}","{'bid': 604.45, 'ask': 604.58}",994,604.52,604.81,604.45,604.81
2025-02-10 18:15:00,2025-02-10T18:15:00,2025-02-10T18:15:00,"{'bid': 604.81, 'ask': 604.94}","{'bid': 604.62, 'ask': 604.75}","{'bid': 604.93, 'ask': 605.05}","{'bid': 604.57, 'ask': 604.7}",889,604.81,604.93,604.57,604.62
2025-02-10 18:30:00,2025-02-10T18:30:00,2025-02-10T18:30:00,"{'bid': 604.62, 'ask': 604.74}","{'bid': 604.73, 'ask': 604.86}","{'bid': 604.8, 'ask': 604.93}","{'bid': 604.5, 'ask': 604.63}",879,604.62,604.8,604.5,604.73
2025-02-10 18:45:00,2025-02-10T18:45:00,2025-02-10T18:45:00,"{'bid': 604.74, 'ask': 604.87}","{'bid': 605.0, 'ask': 605.13}","{'bid': 605.18, 'ask': 605.31}","{'bid': 604.7, 'ask': 604.83}",790,604.74,605.18,604.7,605.0
2025-02-10 19:00:00,2025-02-10T19:00:00,2025-02-10T19:00:00,"{'bid': 604.99, 'ask': 605.12}","{'bid': 605.19, 'ask': 605.31}","{'bid': 605.26, 'ask': 605.38}","{'bid': 604.57, 'ask': 604.7}",1177,604.99,605.26,604.57,605.19
2025-02-10 19:15:00,2025-02-10T19:15:00,2025-02-10T19:15:00,"{'bid': 605.19, 'ask': 605.32}","{'bid': 605.12, 'ask': 605.25}","{'bid': 605.43, 'ask': 605.56}","{'bid': 604.95, 'ask': 605.08}",891,605.19,605.43,604.95,605.12
2025-02-10 19:30:00,2025-02-10T19:30:00,2025-02-10T19:30:00,"{'bid': 605.13, 'ask': 605.25}","{'bid': 604.91, 'ask': 605.04}","{'bid': 605.3, 'ask': 605.42}","{'bid': 604.83, 'ask': 604.95}",830,605.13,605.3,604.83,604.91
2025-02-10 19:45:00,2025-02-10T19:45:00,2025-02-10T19:45:00,"{'bid': 604.91, 'ask': 605.03}","{'bid': 604.89, 'ask': 605.01}","{'bid': 605.13, 'ask': 605.26}","{'bid': 604.65, 'ask': 604.78}",1026,604.91,605.13,604.65,604.89
2025-02-10 20:00:00,2025-02-10T20:00:00,2025-02-10T20:00:00,"{'bid': 604.89, 'ask': 605.02}","{'bid': 605.12, 'ask': 605.24}","{'bid': 605.12, 'ask': 605.25}","{'bid': 604.7, 'ask': 604.82}",900,604.89,605.12,604.7,605.12
2025-02-10 20:15:00,2025-02-10T20:15:00,2025-02-10T20:15:00,"{'bid': 605.11, 'ask': 605.24}","{'bid': 604.83, 'ask': 604.96}","{'bid': 605.12, 'ask': 605.25}","{'bid': 604.76, 'ask': 604.88}",923,605.11,605.12,604.76,604.83
2025-02-10 20:30:00,2025-02-10T20:30:00,2025-02-10T20:30:00,"{'bid': 604.81, 'ask': 604.94}","{'bid': 604.86, 'ask': 604.98}","{'bid': 604.95, 'ask': 605.07}","{'bid': 604.45, 'ask': 604.57}",1414,604.81,604.95,604.45,604.86
2025-02-10 20:45:00,2025-02-10T20:45:00,2025-02-10T20:45:00,"{'bid': 604.84, 'ask': 604.96}","{'bid': 604.75, 'ask': 604.88}","{'bid': 604.93, 'ask': 605.05}","{'bid': 604.18, 'ask': 604.31}",2354,604.84,604.93,604.18,604.75
2025-02-10 21:00:00,2025-02-10T21:00:00,2025-02-10T21:00:00,"{'bid': 604.73, 'ask': 604.86}","{'bid': 604.31, 'ask': 604.44}","{'bid': 604.75, 'ask': 604.9}","{'bid': 604.25, 'ask': 604.37}",769,604.73,604.75,604.25,604.31
2025-02-10 21:15:00,2025-02-10T21:15:00,2025-02-10T21:15:00,"{'bid': 604.31, 'ask': 604.45}","{'bid': 604.54, 'ask': 604.7}","{'bid': 604.57, 'ask': 604.8}","{'bid': 604.0, 'ask': 604.25}",303,604.31,604.57,604.0,604.54
2025-02-10 21:30:00,2025-02-10T21:30:00,2025-02-10T21:30:00,"{'bid': 604.58, 'ask': 604.72}","{'bid': 604.66, 'ask': 604.79}","{'bid': 604.66, 'ask': 604.8}","{'bid': 604.5, 'ask': 604.64}",126,604.58,604.66,604.5,604.66
2025-02-10 21:45:00,2025-02-10T21:45:00,2025-02-10T21:45:00,"{'bid': 604.63, 'ask': 604.76}","{'bid': 604.63, 'ask': 604.76}","{'bid': 604.67, 'ask': 604.88}","{'bid': 604.56, 'ask': 604.73}",133,604.63,604.67,604.56,604.63
2025-02-10 22:00:00,2025-02-10T22:00:00,2025-02-10T22:00:00,"{'bid': 604.64, 'ask': 604.85}","{'bid': 604.6, 'ask': 604.75}","{'bid': 604.64, 'ask': 604.85}","{'bid': 604.6, 'ask': 604.74}",7,604.64,604.64,604.6,604.6
2025-02-10 22:15:00,2025-02-10T22:15:00,2025-02-10T22:15:00,"{'bid': 604.62, 'ask': 604.75}","{'bid': 604.61, 'ask': 604.82}","{'bid': 604.62, 'ask': 604.82}","{'bid': 604.58, 'ask': 604.7}",9,604.62,604.62,604.58,604.61
2025-02-10 22:30:00,2025-02-10T22:30:00,2025-02-10T22:30:00,"{'bid': 604.61, 'ask': 604.8}","{'bid': 604.45, 'ask': 604.8}","{'bid': 604.67, 'ask': 604.82}","{'bid': 604.35, 'ask': 604.69}",33,604.61,604.67,604.35,604.45
2025-02-10 22:45:00,2025-02-10T22:45:00,2025-02-10T22:45:00,"{'bid': 604.45, 'ask': 604.79}","{'bid': 604.4, 'ask': 604.66}","{'bid': 604.51, 'ask': 604.8}","{'bid': 604.15, 'ask': 604.55}",67,604.45,604.51,604.15,604.4
2025-02-10 23:00:00,2025-02-10T23:00:00,2025-02-10T23:00:00,"{'bid': 604.4, 'ask': 604.57}","{'bid': 603.72, 'ask': 604.03}","{'bid': 604.4, 'ask': 604.85}","{'bid': 603.39, 'ask': 603.73}",450,604.4,604.4,603.39,603.72
2025-02-10 23:15:00,2025-02-10T23:15:00,2025-02-10T23:15:00,"{'bid': 603.74, 'ask': 604.03}","{'bid': 603.35, 'ask': 603.55}","{'bid': 603.79, 'ask': 604.03}","{'bid': 602.94, 'ask': 603.28}",247,603.74,603.79,602.94,603.35
2025-02-10 23:30:00,2025-02-10T23:30:00,2025-02-10T23:30:00,"{'bid': 603.36, 'ask': 603.55}","{'bid': 603.43, 'ask': 603.59}","{'bid': 603.58, 'ask': 603.75}","{'bid': 603.35, 'ask': 603.55}",152,603.36,603.58,603.35,603.43
2025-02-10 23:45:00,2025-02-10T23:45:00,2025-02-10T23:45:00,"{'bid': 603.44, 'ask': 603.61}","{'bid': 603.63, 'ask': 603.78}","{'bid': 603.63, 'ask': 603.93}","{'bid': 603.43, 'ask': 603.56}",156,603.44,603.63,603.43,603.63
2025-02-11 00:00:00,2025-02-11T00:00:00,2025-02-11T00:00:00,"{'bid': 603.63, 'ask': 603.76}","{'bid': 603.36, 'ask': 603.56}","{'bid': 603.63, 'ask': 603.83}","{'bid': 603.35, 'ask': 603.51}",195,603.63,603.63,603.35,603.36
2025-02-11 00:15:00,2025-02-11T00:15:00,2025-02-11T00:15:00,"{'bid': 603.36, 'ask': 603.55}","{'bid': 603.69, 'ask': 603.93}","{'bid': 603.71, 'ask': 603.93}","{'bid': 603.36, 'ask': 603.52}",144,603.36,603.71,603.36,603.69
2025-02-11 00:30:00,2025-02-11T00:30:00,2025-02-11T00:30:00,"{'bid': 603.67, 'ask': 603.93}","{'bid': 603.94, 'ask': 604.44}","{'bid': 603.94, 'ask': 604.44}","{'bid': 603.55, 'ask': 603.93}",100,603.67,603.94,603.55,603.94
2025-02-11 00:45:00,2025-02-11T00:45:00,2025-02-11T00:45:00,"{'bid': 603.9, 'ask': 604.44}","{'bid': 603.66, 'ask': 604.04}","{'bid': 603.95, 'ask': 604.45}","{'bid': 603.65, 'ask': 604.01}",122,603.9,603.95,603.65,603.66
2025-02-11 09:00:00,2025-02-11T09:00:00,2025-02-11T09:00:00,"{'bid': 603.08, 'ask': 603.3}","{'bid': 603.44, 'ask': 603.6}","{'bid': 603.65, 'ask': 604.05}","{'bid': 602.85, 'ask': 603.26}",531,603.08,603.65,602.85,603.44
2025-02-11 09:15:00,2025-02-11T09:15:00,2025-02-11T09:15:00,"{'bid': 603.44, 'ask': 603.59}","{'bid': 602.98, 'ask': 603.15}","{'bid': 603.54, 'ask': 603.95}","{'bid': 602.65, 'ask': 603.04}",529,603.44,603.54,602.65,602.98
2025-02-11 09:30:00,2025-02-11T09:30:00,2025-02-11T09:30:00,"{'bid': 602.99, 'ask': 603.15}","{'bid': 602.92, 'ask': 603.07}","{'bid': 603.1, 'ask': 603.44}","{'bid': 602.55, 'ask': 602.9}",501,602.99,603.1,602.55,602.92
2025-02-11 09:45:00,2025-02-11T09:45:00,2025-02-11T09:45:00,"{'bid': 602.91, 'ask': 603.07}","{'bid': 602.82, 'ask': 602.99}","{'bid': 603.06, 'ask': 603.45}","{'bid': 602.55, 'ask': 602.95}",349,602.91,603.06,602.55,602.82
2025-02-11 10:00:00,2025-02-11T10:00:00,2025-02-11T10:00:00,"{'bid': 602.83, 'ask': 602.99}","{'bid': 602.91, 'ask': 603.11}","{'bid': 602.99, 'ask': 603.45}","{'bid': 602.36, 'ask': 602.85}",381,602.83,602.99,602.36,602.91
2025-02-11 10:15:00,2025-02-11T10:15:00,2025-02-11T10:15:00,"{'bid': 602.92, 'ask': 603.11}","{'bid': 602.94, 'ask': 603.16}","{'bid': 603.21, 'ask': 603.65}","{'bid': 602.55, 'ask': 603.09}",516,602.92,603.21,602.55,602.94
2025-02-11 10:30:00,2025-02-11T10:30:00,2025-02-11T10:30:00,"{'bid': 602.93, 'ask': 603.15}","{'bid': 602.79, 'ask': 602.98}","{'bid': 603.1, 'ask': 603.25}","{'bid': 602.35, 'ask': 602.8}",387,602.93,603.1,602.35,602.79
2025-02-11 10:45:00,2025-02-11T10:45:00,2025-02-11T10:45:00,"{'bid': 602.79, 'ask': 602.99}","{'bid': 602.52, 'ask': 602.69}","{'bid': 602.84, 'ask': 603.03}","{'bid': 602.22, 'ask': 602.63}",244,602.79,602.84,602.22,602.52
2025-02-11 11:00:00,2025-02-11T11:00:00,2025-02-11T11:00:00,"{'bid': 602.54, 'ask': 602.7}","{'bid': 602.95, 'ask': 603.1}","{'bid': 603.01, 'ask': 603.45}","{'bid': 602.47, 'ask': 602.65}",370,602.54,603.01,602.47,602.95
2025-02-11 11:15:00,2025-02-11T11:15:00,2025-02-11T11:15:00,"{'bid': 602.95, 'ask': 603.11}","{'bid': 602.98, 'ask': 603.16}","{'bid': 602.99, 'ask': 603.45}","{'bid': 602.79, 'ask': 602.93}",283,602.95,602.99,602.79,602.98
2025-02-11 11:30:00,2025-02-11T11:30:00,2025-02-11T11:30:00,"{'bid': 602.99, 'ask': 603.16}","{'bid': 603.0, 'ask': 603.15}","{'bid': 603.16, 'ask': 603.45}","{'bid': 602.75, 'ask': 603.04}",301,602.99,603.16,602.75,603.0
2025-02-11 11:45:00,2025-02-11T11:45:00,2025-02-11T11:45:00,"{'bid': 603.01, 'ask': 603.15}","{'bid': 603.29, 'ask': 603.46}","{'bid': 603.32, 'ask': 603.65}","{'bid': 602.9, 'ask': 603.13}",282,603.01,603.32,602.9,603.29
2025-02-11 12:00:00,2025-02-11T12:00:00,2025-02-11T12:00:00,"{'bid': 603.28, 'ask': 603.85}","{'bid': 602.92, 'ask': 603.06}","{'bid': 603.39, 'ask': 603.85}","{'bid': 602.55, 'ask': 602.93}",759,603.28,603.39,602.55,602.92
2025-02-11 12:15:00,2025-02-11T12:15:00,2025-02-11T12:15:00,"{'bid': 602.92, 'ask': 603.07}","{'bid': 602.77, 'ask': 602.94}","{'bid': 603.16, 'ask': 603.65}","{'bid': 602.55, 'ask': 602.94}",652,602.92,603.16,602.55,602.77
2025-02-11 12:30:00,2025-02-11T12:30:00,2025-02-11T12:30:00,"{'bid': 602.78, 'ask': 602.94}","{'bid': 603.14, 'ask': 603.29}","{'bid': 603.16, 'ask': 603.45}","{'bid': 602.55, 'ask': 602.86}",514,602.78,603.16,602.55,603.14
2025-02-11 12:45:00,2025-02-11T12:45:00,2025-02-11T12:45:00,"{'bid': 603.14, 'ask': 603.28}","{'bid': 603.24, 'ask': 603.38}","{'bid': 603.42, 'ask': 603.85}","{'bid': 603.01, 'ask': 603.17}",537,603.14,603.42,603.01,603.24
2025-02-11 13:00:00,2025-02-11T13:00:00,2025-02-11T13:00:00,"{'bid': 603.2, 'ask': 603.38}","{'bid': 603.02, 'ask': 603.17}","{'bid': 603.27, 'ask': 603.41}","{'bid': 602.8, 'ask': 603.13}",742,603.2,603.27,602.8,603.02
2025-02-11 13:15:00,2025-02-11T13:15:00,2025-02-11T13:15:00,"{'bid': 603.02, 'ask': 603.16}","{'bid': 602.64, 'ask': 602.78}","{'bid': 603.02, 'ask': 603.33}","{'bid': 602.4, 'ask': 602.57}",1127,603.02,603.02,602.4,602.64
2025-02-11 13:30:00,2025-02-11T13:30:00,2025-02-11T13:30:00,"{'bid': 602.65, 'ask': 602.82}","{'bid': 602.83, 'ask': 602.97}","{'bid': 602.99, 'ask': 603.11}","{'bid': 602.53, 'ask': 602.78}",793,602.65,602.99,602.53,602.83
2025-02-11 13:45:00,2025-02-11T13:45:00,2025-02-11T13:45:00,"{'bid': 602.83, 'ask': 602.95}","{'bid': 601.91, 'ask': 602.07}","{'bid': 602.86, 'ask': 603.0}","{'bid': 601.85, 'ask': 601.98}",1077,602.83,602.86,601.85,601.91
2025-02-11 14:00:00,2025-02-11T14:00:00,2025-02-11T14:00:00,"{'bid': 601.9, 'ask': 602.06}","{'bid': 602.34, 'ask': 602.47}","{'bid': 602.6, 'ask': 602.78}","{'bid': 601.75, 'ask': 601.92}",1500,601.9,602.6,601.75,602.34
2025-02-11 14:15:00,2025-02-11T14:15:00,2025-02-11T14:15:00,"{'bid': 602.32, 'ask': 602.47}","{'bid': 602.45, 'ask': 602.6}","{'bid': 602.48, 'ask': 602.65}","{'bid': 602.07, 'ask': 602.22}",1139,602.32,602.48,602.07,602.45
2025-02-11 14:30:00,2025-02-11T14:30:00,2025-02-11T14:30:00,"{'bid': 602.45, 'ask': 602.61}","{'bid': 603.36, 'ask': 603.49}","{'bid': 603.52, 'ask': 603.65}","{'bid': 602.35, 'ask': 602.49}",3822,602.45,603.52,602.35,603.36
2025-02-11 14:45:00,2025-02-11T14:45:00,2025-02-11T14:45:00,"{'bid': 603.37, 'ask': 603.5}","{'bid': 603.26, 'ask': 603.38}","{'bid': 603.52, 'ask': 603.64}","{'bid': 603.07, 'ask': 603.2}",2316,603.37,603.52,603.07,603.26
2025-02-11 15:00:00,2025-02-11T15:00:00,2025-02-11T15:00:00,"{'bid': 603.24, 'ask': 603.37}","{'bid': 603.25, 'ask': 603.38}","{'bid': 603.87, 'ask': 604.03}","{'bid': 602.63, 'ask': 602.76}",3803,603.24,603.87,602.63,603.25
2025-02-11 15:15:00,2025-02-11T15:15:00,2025-02-11T15:15:00,"{'bid': 603.24, 'ask': 603.37}","{'bid': 604.09, 'ask': 604.22}","{'bid': 604.2, 'ask': 604.32}","{'bid': 603.08, 'ask': 603.21}",3250,603.24,604.2,603.08,604.09
2025-02-11 15:30:00,2025-02-11T15:30:00,2025-02-11T15:30:00,"{'bid': 604.11, 'ask': 604.24}","{'bid': 604.41, 'ask': 604.53}","{'bid': 604.42, 'ask': 604.54}","{'bid': 603.93, 'ask': 604.06}",2330,604.11,604.42,603.93,604.41
2025-02-11 15:45:00,2025-02-11T15:45:00,2025-02-11T15:45:00,"{'bid': 604.41, 'ask': 604.54}","{'bid': 604.64, 'ask': 604.77}","{'bid': 605.16, 'ask': 605.29}","{'bid': 604.41, 'ask': 604.53}",2517,604.41,605.16,604.41,604.64
2025-02-11 16:00:00,2025-02-11T16:00:00,2025-02-11T16:00:00,"{'bid': 604.64, 'ask': 604.76}","{'bid': 604.73, 'ask': 604.85}","{'bid': 604.83, 'ask': 604.95}","{'bid': 604.45, 'ask': 604.57}",2337,604.64,604.83,604.45,604.73
2025-02-11 16:15:00,2025-02-11T16:15:00,2025-02-11T16:15:00,"{'bid': 604.73, 'ask': 604.86}","{'bid': 604.53, 'ask': 604.66}","{'bid': 604.97, 'ask': 605.1}","{'bid': 604.48, 'ask': 604.6}",2097,604.73,604.97,604.48,604.53
2025-02-11 16:30:00,2025-02-11T16:30:00,2025-02-11T16:30:00,"{'bid': 604.55, 'ask': 604.67}","{'bid': 604.78, 'ask': 604.9}","{'bid': 604.83, 'ask': 604.95}","{'bid': 604.38, 'ask': 604.5}",1830,604.55,604.83,604.38,604.78
2025-02-11 16:45:00,2025-02-11T16:45:00,2025-02-11T16:45:00,"{'bid': 604.78, 'ask': 604.91}","{'bid': 604.14, 'ask': 604.27}","{'bid': 604.81, 'ask': 604.94}","{'bid': 603.98, 'ask': 604.1}",1701,604.78,604.81,603.98,604.14
2025-02-11 17:00:00,2025-02-11T17:00:00,2025-02-11T17:00:00,"{'bid': 604.13, 'ask': 604.25}","{'bid': 603.28, 'ask': 603.41}","{'bid': 604.15, 'ask': 604.28}","{'bid': 603.05, 'ask': 603.17}",2936,604.13,604.15,603.05,603.28
2025-02-11 17:15:00,2025-02-11T17:15:00,2025-02-11T17:15:00,"{'bid': 603.26, 'ask': 603.39}","{'bid': 604.26, 'ask': 604.39}","{'bid': 604.36, 'ask': 604.48}","{'bid': 603.16, 'ask': 603.29}",2210,603.26,604.36,603.16,604.26
2025-02-11 17:30:00,2025-02-11T17:30:00,2025-02-11T17:30:00,"{'bid': 604.28, 'ask': 604.4}","{'bid': 603.87, 'ask': 604.0}","{'bid': 604.36, 'ask': 604.49}","{'bid': 603.77, 'ask': 603.9}",1558,604.28,604.36,603.77,603.87
2025-02-11 17:45:00,2025-02-11T17:45:00,2025-02-11T17:45:00,"{'bid': 603.87, 'ask': 603.99}","{'bid': 603.69, 'ask': 603.82}","{'bid': 603.98, 'ask': 604.11}","{'bid': 603.54, 'ask': 603.66}",1437,603.87,603.98,603.54,603.69
2025-02-11 18:00:00,2025-02-11T18:00:00,2025-02-11T18:00:00,"{'bid': 603.66, 'ask': 603.8}","{'bid': 603.76, 'ask': 603.89}","{'bid': 603.97, 'ask': 604.1}","{'bid': 603.45, 'ask': 603.58}",1439,603.66,603.97,603.45,603.76
2025-02-11 18:15:00,2025-02-11T18:15:00,2025-02-11T18:15:00,"{'bid': 603.77, 'ask': 603.9}","{'bid': 603.91, 'ask': 604.04}","{'bid': 604.12, 'ask': 604.24}","{'bid': 603.72, 'ask': 603.84}",1436,603.77,604.12,603.72,603.91
2025-02-11 18:30:00,2025-02-11T18:30:00,2025-02-11T18:30:00,"{'bid': 603.93, 'ask': 604.06}","{'bid': 605.01, 'ask': 605.14}","{'bid': 605.22, 'ask': 605.34}","{'bid': 603.89, 'ask': 604.01}",1738,603.93,605.22,603.89,605.01
2025-02-11 18:45:00,2025-02-11T18:45:00,2025-02-11T18:45:00,"{'bid': 605.0, 'ask': 605.12}","{'bid': 604.53, 'ask': 604.65}","{'bid': 605.23, 'ask': 605.36}","{'bid': 604.48, 'ask': 604.61}",1656,605.0,605.23,604.48,604.53
2025-02-11 19:00:00,2025-02-11T19:00:00,2025-02-11T19:00:00,"{'bid': 604.5, 'ask': 604.62}","{'bid': 604.39, 'ask': 604.51}","{'bid': 604.78, 'ask': 604.9}","{'bid': 604.33, 'ask': 604.46}",1619,604.5,604.78,604.33,604.39
2025-02-11 19:15:00,2025-02-11T19:15:00,2025-02-11T19:15:00,"{'bid': 604.4, 'ask': 604.53}","{'bid': 604.66, 'ask': 604.78}","{'bid': 604.74, 'ask': 604.87}","{'bid': 604.36, 'ask': 604.48}",1318,604.4,604.74,604.36,604.66
2025-02-11 19:30:00,2025-02-11T19:30:00,2025-02-11T19:30:00,"{'bid': 604.66, 'ask': 604.79}","{'bid': 605.58, 'ask': 605.71}","{'bid': 605.79, 'ask': 605.92}","{'bid': 604.65, 'ask': 604.78}",1725,604.66,605.79,604.65,605.58
2025-02-11 19:45:00,2025-02-11T19:45:00,2025-02-11T19:45:00,"{'bid': 605.58, 'ask': 605.7}","{'bid': 605.34, 'ask': 605.47}","{'bid': 605.58, 'ask': 605.7}","{'bid': 605.3, 'ask': 605.43}",1332,605.58,605.58,605.3,605.34
2025-02-11 20:00:00,2025-02-11T20:00:00,2025-02-11T20:00:00,"{'bid': 605.35, 'ask': 605.48}","{'bid': 605.45, 'ask': 605.58}","{'bid': 605.59, 'ask': 605.72}","{'bid': 605.22, 'ask': 605.35}",1181,605.35,605.59,605.22,605.45
2025-02-11 20:15:00,2025-02-11T20:15:00,2025-02-11T20:15:00,"{'bid': 605.46, 'ask': 605.58}","{'bid': 605.21, 'ask': 605.33}","{'bid': 605.46, 'ask': 605.59}","{'bid': 604.98, 'ask': 605.11}",1323,605.46,605.46,604.98,605.21
2025-02-11 20:30:00,2025-02-11T20:30:00,2025-02-11T20:30:00,"{'bid': 605.22, 'ask': 605.35}","{'bid': 604.89, 'ask': 605.01}","{'bid': 605.52, 'ask': 605.64}","{'bid': 604.59, 'ask': 604.72}",2080,605.22,605.52,604.59,604.89
2025-02-11 20:45:00,2025-02-11T20:45:00,2025-02-11T20:45:00,"{'bid': 604.87, 'ask': 605.0}","{'bid': 605.16, 'ask': 605.29}","{'bid': 605.27, 'ask': 605.4}","{'bid': 604.56, 'ask': 604.68}",2432,604.87,605.27,604.56,605.16
2025-02-11 21:00:00,2025-02-11T21:00:00,2025-02-11T21:00:00,"{'bid': 605.16, 'ask': 605.33}","{'bid': 605.11, 'ask': 605.24}","{'bid': 605.31, 'ask': 605.44}","{'bid': 604.87, 'ask': 604.99}",811,605.16,605.31,604.87,605.11
2025-02-11 21:15:00,2025-02-11T21:15:00,2025-02-11T21:15:00,"{'bid': 605.1, 'ask': 605.24}","{'bid': 604.98, 'ask': 605.1}","{'bid': 605.17, 'ask': 605.43}","{'bid': 604.92, 'ask': 605.07}",258,605.1,605.17,604.92,604.98
2025-02-11 21:30:00,2025-02-11T21:30:00,2025-02-11T21:30:00,"{'bid': 604.97, 'ask': 605.1}","{'bid': 604.87, 'ask': 605.02}","{'bid': 605.0, 'ask': 605.13}","{'bid': 604.56, 'ask': 604.95}",174,604.97,605.0,604.56,604.87
2025-02-11 21:45:00,2025-02-11T21:45:00,2025-02-11T21:45:00,"{'bid': 604.84, 'ask': 605.0}","{'bid': 604.56, 'ask': 605.1}","{'bid': 605.0, 'ask': 605.17}","{'bid': 604.56, 'ask': 604.96}",142,604.84,605.0,604.56,604.56
2025-02-11 22:00:00,2025-02-11T22:00:00,2025-02-11T22:00:00,"{'bid': 604.56, 'ask': 605.16}","{'bid': 604.85, 'ask': 605.1}","{'bid': 604.85, 'ask': 605.16}","{'bid': 604.56, 'ask': 605.1}",10,604.56,604.85,604.56,604.85
2025-02-11 22:15:00,2025-02-11T22:15:00,2025-02-11T22:15:00,"{'bid': 604.98, 'ask': 605.1}","{'bid': 604.79, 'ask': 605.13}","{'bid': 604.98, 'ask': 605.2}","{'bid': 604.79, 'ask': 605.1}",16,604.98,604.98,604.79,604.79
2025-02-11 22:30:00,2025-02-11T22:30:00,2025-02-11T22:30:00,"{'bid': 604.8, 'ask': 605.13}","{'bid': 604.86, 'ask': 605.09}","{'bid': 604.96, 'ask': 605.17}","{'bid': 604.75, 'ask': 605.01}",36,604.8,604.96,604.75,604.86
2025-02-11 22:45:00,2025-02-11T22:45:00,2025-02-11T22:45:00,"{'bid': 604.85, 'ask': 605.02}","{'bid': 604.87, 'ask': 605.09}","{'bid': 604.87, 'ask': 605.09}","{'bid': 604.76, 'ask': 604.9}",33,604.85,604.87,604.76,604.87
2025-02-11 23:00:00,2025-02-11T23:00:00,2025-02-11T23:00:00,"{'bid': 604.85, 'ask': 605.09}","{'bid': 604.76, 'ask': 605.45}","{'bid': 605.28, 'ask': 605.71}","{'bid': 604.5, 'ask': 604.76}",307,604.85,605.28,604.5,604.76
2025-02-11 23:15:00,2025-02-11T23:15:00,2025-02-11T23:15:00,"{'bid': 604.78, 'ask': 604.97}","{'bid': 604.91, 'ask': 605.11}","{'bid': 604.91, 'ask': 605.65}","{'bid': 604.5, 'ask': 604.71}",382,604.78,604.91,604.5,604.91
2025-02-11 23:30:00,2025-02-11T23:30:00,2025-02-11T23:30:00,"{'bid': 604.9, 'ask': 605.11}","{'bid': 605.23, 'ask': 605.42}","{'bid': 605.29, 'ask': 606.04}","{'bid': 604.63, 'ask': 605.11}",222,604.9,605.29,604.63,605.23
2025-02-11 23:45:00,2025-02-11T23:45:00,2025-02-11T23:45:00,"{'bid': 605.23, 'ask': 606.04}","{'bid': 605.16, 'ask': 605.34}","{'bid': 605.32, 'ask': 606.04}","{'bid': 605.16, 'ask': 605.33}",187,605.23,605.32,605.16,605.16
2025-02-12 00:00:00,2025-02-12T00:00:00,2025-02-12T00:00:00,"{'bid': 605.16, 'ask': 605.33}","{'bid': 605.06, 'ask': 605.27}","{'bid': 605.3, 'ask': 605.45}","{'bid': 604.75, 'ask': 605.21}",250,605.16,605.3,604.75,605.06
2025-02-12 00:15:00,2025-02-12T00:15:00,2025-02-12T00:15:00,"{'bid': 605.06, 'ask': 605.24}","{'bid': 605.32, 'ask': 605.51}","{'bid': 605.34, 'ask': 605.54}","{'bid': 605.06, 'ask': 605.24}",214,605.06,605.34,605.06,605.32
2025-02-12 00:30:00,2025-02-12T00:30:00,2025-02-12T00:30:00,"{'bid': 605.33, 'ask': 605.51}","{'bid': 605.37, 'ask': 605.54}","{'bid': 605.45, 'ask': 605.71}","{'bid': 605.23, 'ask': 605.42}",189,605.33,605.45,605.23,605.37
2025-02-12 00:45:00,2025-02-12T00:45:00,2025-02-12T00:45:00,"{'bid': 605.37, 'ask': 605.55}","{'bid': 605.21, 'ask': 605.33}","{'bid': 605.53, 'ask': 605.71}","{'bid': 605.14, 'ask': 605.32}",234,605.37,605.53,605.14,605.21
2025-02-12 09:00:00,2025-02-12T09:00:00,2025-02-12T09:00:00,"{'bid': 604.15, 'ask': 605.0}","{'bid': 604.04, 'ask': 604.21}","{'bid': 604.73, 'ask': 605.25}","{'bid': 603.4, 'ask': 604.07}",477,604.15,604.73,603.4,604.04
2025-02-12 09:15:00,2025-02-12T09:15:00,2025-02-12T09:15:00,"{'bid': 604.05, 'ask': 604.21}","{'bid': 603.92, 'ask': 604.14}","{'bid': 604.16, 'ask': 604.85}","{'bid': 603.15, 'ask': 603.72}",688,604.05,604.16,603.15,603.92
2025-02-12 09:30:00,2025-02-12T09:30:00,2025-02-12T09:30:00,"{'bid': 603.94, 'ask': 604.16}","{'bid': 604.31, 'ask': 604.46}","{'bid': 604.34, 'ask': 604.85}","{'bid': 603.54, 'ask': 604.15}",439,603.94,604.34,603.54,604.31
2025-02-12 09:45:00,2025-02-12T09:45:00,2025-02-12T09:45:00,"{'bid': 604.29, 'ask': 604.44}","{'bid': 604.22, 'ask': 604.43}","{'bid': 604.39, 'ask': 605.05}","{'bid': 603.56, 'ask': 604.33}",313,604.29,604.39,603.56,604.22
2025-02-12 10:00:00,2025-02-12T10:00:00,2025-02-12T10:00:00,"{'bid': 604.22, 'ask': 604.42}","{'bid': 604.12, 'ask': 604.29}","{'bid': 604.22, 'ask': 604.85}","{'bid': 603.55, 'ask': 604.07}",394,604.22,604.22,603.55,604.12
2025-02-12 10:15:00,2025-02-12T10:15:00,2025-02-12T10:15:00,"{'bid': 604.13, 'ask': 604.29}","{'bid': 604.43, 'ask': 604.62}","{'bid': 604.46, 'ask': 604.68}","{'bid': 604.02, 'ask': 604.2}",365,604.13,604.46,604.02,604.43
2025-02-12 10:30:00,2025-02-12T10:30:00,2025-02-12T10:30:00,"{'bid': 604.43, 'ask': 604.59}","{'bid': 604.29, 'ask': 604.44}","{'bid': 604.45, 'ask': 604.66}","{'bid': 603.75, 'ask': 604.37}",298,604.43,604.45,603.75,604.29
2025-02-12 10:45:00,2025-02-12T10:45:00,2025-02-12T10:45:00,"{'bid': 604.29, 'ask': 604.51}","{'bid': 604.64, 'ask': 604.81}","{'bid': 604.66, 'ask': 605.25}","{'bid': 603.75, 'ask': 604.38}",374,604.29,604.66,603.75,604.64
2025-02-12 11:00:00,2025-02-12T11:00:00,2025-02-12T11:00:00,"{'bid': 604.66, 'ask': 604.81}","{'bid': 604.54, 'ask': 604.71}","{'bid': 604.76, 'ask': 605.45}","{'bid': 603.76, 'ask': 604.35}",599,604.66,604.76,603.76,604.54
2025-02-12 11:15:00,2025-02-12T11:15:00,2025-02-12T11:15:00,"{'bid': 604.54, 'ask': 604.69}","{'bid': 604.45, 'ask': 604.67}","{'bid': 604.58, 'ask': 604.77}","{'bid': 603.95, 'ask': 604.46}",352,604.54,604.58,603.95,604.45
2025-02-12 11:30:00,2025-02-12T11:30:00,2025-02-12T11:30:00,"{'bid': 604.45, 'ask': 604.66}","{'bid': 604.55, 'ask': 604.75}","{'bid': 604.67, 'ask': 604.86}","{'bid': 604.42, 'ask': 604.61}",242,604.45,604.67,604.42,604.55
2025-02-12 11:45:00,2025-02-12T11:45:00,2025-02-12T11:45:00,"{'bid': 604.57, 'ask': 604.75}","{'bid': 604.56, 'ask': 604.71}","{'bid': 604.63, 'ask': 605.25}","{'bid': 603.95, 'ask': 604.65}",239,604.57,604.63,603.95,604.56
2025-02-12 12:00:00,2025-02-12T12:00:00,2025-02-12T12:00:00,"{'bid': 604.57, 'ask': 604.72}","{'bid': 604.74, 'ask': 604.91}","{'bid': 604.74, 'ask': 605.45}","{'bid': 604.48, 'ask': 604.66}",327,604.57,604.74,604.48,604.74
2025-02-12 12:15:00,2025-02-12T12:15:00,2025-02-12T12:15:00,"{'bid': 604.74, 'ask': 604.9}","{'bid': 604.81, 'ask': 604.99}","{'bid': 604.86, 'ask': 605.23}","{'bid': 604.15, 'ask': 604.79}",320,604.74,604.86,604.15,604.81
2025-02-12 12:30:00,2025-02-12T12:30:00,2025-02-12T12:30:00,"{'bid': 604.8, 'ask': 604.98}","{'bid': 605.0, 'ask': 605.15}","{'bid': 605.08, 'ask': 605.23}","{'bid': 604.35, 'ask': 604.92}",481,604.8,605.08,604.35,605.0
2025-02-12 12:45:00,2025-02-12T12:45:00,2025-02-12T12:45:00,"{'bid': 605.01, 'ask': 605.15}","{'bid': 605.28, 'ask': 605.46}","{'bid': 605.32, 'ask': 606.05}","{'bid': 604.35, 'ask': 605.13}",711,605.01,605.32,604.35,605.28
2025-02-12 13:00:00,2025-02-12T13:00:00,2025-02-12T13:00:00,"{'bid': 605.28, 'ask': 605.44}","{'bid': 605.29, 'ask': 605.44}","{'bid': 605.66, 'ask': 606.11}","{'bid': 604.85, 'ask': 605.32}",1313,605.28,605.66,604.85,605.29
2025-02-12 13:15:00,2025-02-12T13:15:00,2025-02-12T13:15:00,"{'bid': 605.28, 'ask': 605.43}","{'bid': 604.55, 'ask': 605.92}","{'bid': 605.55, 'ask': 605.92}","{'bid': 604.55, 'ask': 605.28}",1254,605.28,605.55,604.55,604.55
2025-02-12 13:30:00,2025-02-12T13:30:00,2025-02-12T13:30:00,"{'bid': 605.22, 'ask': 605.92}","{'bid': 599.1, 'ask': 599.28}","{'bid': 605.22, 'ask': 605.92}","{'bid': 598.23, 'ask': 598.63}",4510,605.22,605.22,598.23,599.1
2025-02-12 13:45:00,2025-02-12T13:45:00,2025-02-12T13:45:00,"{'bid': 599.1, 'ask': 599.26}","{'bid': 599.16, 'ask': 599.31}","{'bid': 599.95, 'ask': 600.25}","{'bid': 598.95, 'ask': 599.09}",2863,599.1,599.95,598.95,599.16
2025-02-12 14:00:00,2025-02-12T14:00:00,2025-02-12T14:00:00,"{'bid': 599.17, 'ask': 599.31}","{'bid': 598.65, 'ask': 598.79}","{'bid': 599.21, 'ask': 599.45}","{'bid': 598.1, 'ask': 598.29}",2760,599.17,599.21,598.1,598.65
2025-02-12 14:15:00,2025-02-12T14:15:00,2025-02-12T14:15:00,"{'bid': 598.65, 'ask': 598.78}","{'bid': 599.13, 'ask': 599.28}","{'bid': 599.51, 'ask': 599.9}","{'bid': 598.43, 'ask': 598.72}",2187,598.65,599.51,598.43,599.13
2025-02-12 14:30:00,2025-02-12T14:30:00,2025-02-12T14:30:00,"{'bid': 599.15, 'ask': 599.3}","{'bid': 600.52, 'ask': 600.65}","{'bid': 600.69, 'ask': 600.82}","{'bid': 598.47, 'ask': 598.6}",5004,599.15,600.69,598.47,600.52
2025-02-12 14:45:00,2025-02-12T14:45:00,2025-02-12T14:45:00,"{'bid': 600.5, 'ask': 600.63}","{'bid': 601.29, 'ask': 601.42}","{'bid': 601.62, 'ask': 601.76}","{'bid': 600.41, 'ask': 600.53}",3760,600.5,601.62,600.41,601.29
2025-02-12 15:00:00,2025-02-12T15:00:00,2025-02-12T15:00:00,"{'bid': 601.3, 'ask': 601.43}","{'bid': 599.77, 'ask': 599.9}","{'bid': 601.39, 'ask': 601.51}","{'bid': 599.51, 'ask': 599.63}",4630,601.3,601.39,599.51,599.77
2025-02-12 15:15:00,2025-02-12T15:15:00,2025-02-12T15:15:00,"{'bid': 599.77, 'ask': 599.91}","{'bid': 601.37, 'ask': 601.5}","{'bid': 602.29, 'ask': 602.42}","{'bid': 599.66, 'ask': 599.79}",4851,599.77,602.29,599.66,601.37
2025-02-12 15:30:00,2025-02-12T15:30:00,2025-02-12T15:30:00,"{'bid': 601.39, 'ask': 601.51}","{'bid': 602.42, 'ask': 602.55}","{'bid': 603.27, 'ask': 603.39}","{'bid': 601.34, 'ask': 601.47}",4480,601.39,603.27,601.34,602.42
2025-02-12 15:45:00,2025-02-12T15:45:00,2025-02-12T15:45:00,"{'bid': 602.44, 'ask': 602.57}","{'bid': 602.38, 'ask': 602.5}","{'bid': 602.53, 'ask': 602.65}","{'bid': 601.71, 'ask': 601.85}",3492,602.44,602.53,601.71,602.38
2025-02-12 16:00:00,2025-02-12T16:00:00,2025-02-12T16:00:00,"{'bid': 602.38, 'ask': 602.51}","{'bid': 600.93, 'ask': 601.06}","{'bid': 602.4, 'ask': 602.53}","{'bid': 600.67, 'ask': 600.8}",3577,602.38,602.4,600.67,600.93
2025-02-12 16:15:00,2025-02-12T16:15:00,2025-02-12T16:15:00,"{'bid': 600.9, 'ask': 601.04}","{'bid': 600.59, 'ask': 600.72}","{'bid': 601.08, 'ask': 601.2}","{'bid': 600.11, 'ask': 600.23}",3375,600.9,601.08,600.11,600.59
2025-02-12 16:30:00,2025-02-12T16:30:00,2025-02-12T16:30:00,"{'bid': 600.6, 'ask': 600.72}","{'bid': 602.05, 'ask': 602.19}","{'bid': 602.13, 'ask': 602.25}","{'bid': 600.53, 'ask': 600.66}",2670,600.6,602.13,600.53,602.05
2025-02-12 16:45:00,2025-02-12T16:45:00,2025-02-12T16:45:00,"{'bid': 602.05, 'ask': 602.18}","{'bid': 603.34, 'ask': 603.46}","{'bid': 603.48, 'ask': 603.61}","{'bid': 601.75, 'ask': 601.88}",2463,602.05,603.48,601.75,603.34
2025-02-12 17:00:00,2025-02-12T17:00:00,2025-02-12T17:00:00,"{'bid': 603.31, 'ask': 603.44}","{'bid': 603.6, 'ask': 603.73}","{'bid': 603.9, 'ask': 604.03}","{'bid': 602.75, 'ask': 603.11}",3272,603.31,603.9,602.75,603.6
2025-02-12 17:15:00,2025-02-12T17:15:00,2025-02-12T17:15:00,"{'bid': 603.59, 'ask': 603.71}","{'bid': 603.72, 'ask': 603.85}","{'bid': 603.9, 'ask': 604.04}","{'bid': 603.48, 'ask': 603.61}",2264,603.59,603.9,603.48,603.72
2025-02-12 17:30:00,2025-02-12T17:30:00,2025-02-12T17:30:00,"{'bid': 603.7, 'ask': 603.83}","{'bid': 603.16, 'ask': 603.29}","{'bid': 603.81, 'ask': 603.94}","{'bid': 603.02, 'ask': 603.15}",1938,603.7,603.81,603.02,603.16
2025-02-12 17:45:00,2025-02-12T17:45:00,2025-02-12T17:45:00,"{'bid': 603.17, 'ask': 603.3}","{'bid': 604.33, 'ask': 604.45}","{'bid': 604.46, 'ask': 604.58}","{'bid': 603.14, 'ask': 603.27}",1632,603.17,604.46,603.14,604.33
2025-02-12 18:00:00,2025-02-12T18:00:00,2025-02-12T18:00:00,"{'bid': 604.33, 'ask': 604.46}","{'bid': 603.97, 'ask': 604.1}","{'bid': 604.48, 'ask': 604.61}","{'bid': 603.65, 'ask': 603.78}",1600,604.33,604.48,603.65,603.97
2025-02-12 18:15:00,2025-02-12T18:15:00,2025-02-12T18:15:00,"{'bid': 603.95, 'ask': 604.08}","{'bid': 603.47, 'ask': 603.61}","{'bid': 604.04, 'ask': 604.17}","{'bid': 603.06, 'ask': 603.19}",1750,603.95,604.04,603.06,603.47
2025-02-12 18:30:00,2025-02-12T18:30:00,2025-02-12T18:30:00,"{'bid': 603.48, 'ask': 603.61}","{'bid': 602.92, 'ask': 603.04}","{'bid': 603.69, 'ask': 603.82}","{'bid': 602.87, 'ask': 603.0}",1676,603.48,603.69,602.87,602.92
2025-02-12 18:45:00,2025-02-12T18:45:00,2025-02-12T18:45:00,"{'bid': 602.91, 'ask': 603.03}","{'bid': 603.16, 'ask': 603.28}","{'bid': 603.45, 'ask': 603.57}","{'bid': 602.88, 'ask': 603.0}",1464,602.91,603.45,602.88,603.16
2025-02-12 19:00:00,2025-02-12T19:00:00,2025-02-12T19:00:00,"{'bid': 603.16, 'ask': 603.29}","{'bid': 602.63, 'ask': 602.76}","{'bid': 603.2, 'ask': 603.32}","{'bid': 602.48, 'ask': 602.6}",1707,603.16,603.2,602.48,602.63
2025-02-12 19:15:00,2025-02-12T19:15:00,2025-02-12T19:15:00,"{'bid': 602.64, 'ask': 602.76}","{'bid': 602.99, 'ask': 603.11}","{'bid': 603.24, 'ask': 603.37}","{'bid': 602.51, 'ask': 602.63}",1506,602.64,603.24,602.51,602.99
2025-02-12 19:30:00,2025-02-12T19:30:00,2025-02-12T19:30:00,"{'bid': 602.99, 'ask': 603.12}","{'bid': 603.49, 'ask': 603.61}","{'bid': 603.55, 'ask': 603.68}","{'bid': 602.99, 'ask': 603.12}",1122,602.99,603.55,602.99,603.49
2025-02-12 19:45:00,2025-02-12T19:45:00,2025-02-12T19:45:00,"{'bid': 603.49, 'ask': 603.62}","{'bid': 603.83, 'ask': 603.96}","{'bid': 604.16, 'ask': 604.28}","{'bid': 603.45, 'ask': 603.58}",1481,603.49,604.16,603.45,603.83
2025-02-12 20:00:00,2025-02-12T20:00:00,2025-02-12T20:00:00,"{'bid': 603.83, 'ask': 603.95}","{'bid': 603.67, 'ask': 603.8}","{'bid': 603.98, 'ask': 604.11}","{'bid': 603.6, 'ask': 603.73}",1237,603.83,603.98,603.6,603.67
2025-02-12 20:15:00,2025-02-12T20:15:00,2025-02-12T20:15:00,"{'bid': 603.67, 'ask': 603.79}","{'bid': 603.25, 'ask': 603.38}","{'bid': 603.72, 'ask': 603.85}","{'bid': 603.24, 'ask': 603.36}",1225,603.67,603.72,603.24,603.25
2025-02-12 20:30:00,2025-02-12T20:30:00,2025-02-12T20:30:00,"{'bid': 603.26, 'ask': 603.39}","{'bid': 602.7, 'ask': 602.82}","{'bid': 603.52, 'ask': 603.65}","{'bid': 602.63, 'ask': 602.76}",1816,603.26,603.52,602.63,602.7
2025-02-12 20:45:00,2025-02-12T20:45:00,2025-02-12T20:45:00,"{'bid': 602.7, 'ask': 602.83}","{'bid': 603.31, 'ask': 603.43}","{'bid': 603.49, 'ask': 603.62}","{'bid': 602.51, 'ask': 602.64}",3034,602.7,603.49,602.51,603.31
2025-02-12 21:00:00,2025-02-12T21:00:00,2025-02-12T21:00:00,"{'bid': 603.27, 'ask': 603.4}","{'bid': 603.36, 'ask': 603.51}","{'bid': 603.73, 'ask': 604.25}","{'bid': 602.67, 'ask': 603.07}",1140,603.27,603.73,602.67,603.36
2025-02-12 21:15:00,2025-02-12T21:15:00,2025-02-12T21:15:00,"{'bid': 603.35, 'ask': 603.51}","{'bid': 603.43, 'ask': 603.58}","{'bid': 603.71, 'ask': 604.05}","{'bid': 603.09, 'ask': 603.28}",288,603.35,603.71,603.09,603.43
2025-02-12 21:30:00,2025-02-12T21:30:00,2025-02-12T21:30:00,"{'bid': 603.4, 'ask': 603.56}","{'bid': 603.7, 'ask': 603.85}","{'bid': 603.72, 'ask': 604.06}","{'bid': 603.37, 'ask': 603.55}",233,603.4,603.72,603.37,603.7
2025-02-12 21:45:00,2025-02-12T21:45:00,2025-02-12T21:45:00,"{'bid': 603.7, 'ask': 604.05}","{'bid': 603.95, 'ask': 604.12}","{'bid': 604.05, 'ask': 604.47}","{'bid': 603.67, 'ask': 603.86}",248,603.7,604.05,603.67,603.95
2025-02-12 22:00:00,2025-02-12T22:00:00,2025-02-12T22:00:00,"{'bid': 603.67, 'ask': 604.12}","{'bid': 603.93, 'ask': 604.07}","{'bid': 603.93, 'ask': 604.12}","{'bid': 603.67, 'ask': 604.02}",28,603.67,603.93,603.67,603.93
2025-02-12 22:15:00,2025-02-12T22:15:00,2025-02-12T22:15:00,"{'bid': 603.92, 'ask': 604.05}","{'bid': 603.93, 'ask': 604.07}","{'bid': 603.95, 'ask': 604.09}","{'bid': 603.92, 'ask': 604.04}",19,603.92,603.95,603.92,603.93
2025-02-12 22:30:00,2025-02-12T22:30:00,2025-02-12T22:30:00,"{'bid': 603.93, 'ask': 604.15}","{'bid': 603.95, 'ask': 604.15}","{'bid': 604.0, 'ask': 604.15}","{'bid': 603.93, 'ask': 604.07}",11,603.93,604.0,603.93,603.95
2025-02-12 22:45:00,2025-02-12T22:45:00,2025-02-12T22:45:00,"{'bid': 603.95, 'ask': 604.13}","{'bid': 603.94, 'ask': 604.47}","{'bid': 603.96, 'ask': 604.47}","{'bid': 603.93, 'ask': 604.09}",27,603.95,603.96,603.93,603.94
2025-02-12 23:00:00,2025-02-12T23:00:00,2025-02-12T23:00:00,"{'bid': 603.94, 'ask': 604.14}","{'bid': 603.73, 'ask': 603.95}","{'bid': 604.01, 'ask': 604.55}","{'bid': 603.31, 'ask': 603.84}",363,603.94,604.01,603.31,603.73
2025-02-12 23:15:00,2025-02-12T23:15:00,2025-02-12T23:15:00,"{'bid': 603.7, 'ask': 603.89}","{'bid': 603.77, 'ask': 603.96}","{'bid': 603.83, 'ask': 604.45}","{'bid': 603.31, 'ask': 603.85}",142,603.7,603.83,603.31,603.77
2025-02-12 23:30:00,2025-02-12T23:30:00,2025-02-12T23:30:00,"{'bid': 603.74, 'ask': 603.95}","{'bid': 604.22, 'ask': 604.43}","{'bid': 604.29, 'ask': 604.55}","{'bid': 603.71, 'ask': 603.9}",170,603.74,604.29,603.71,604.22
2025-02-12 23:45:00,2025-02-12T23:45:00,2025-02-12T23:45:00,"{'bid': 604.23, 'ask': 604.43}","{'bid': 604.39, 'ask': 604.58}","{'bid': 604.52, 'ask': 604.85}","{'bid': 604.16, 'ask': 604.39}",227,604.23,604.52,604.16,604.39
2025-02-13 00:00:00,2025-02-13T00:00:00,2025-02-13T00:00:00,"{'bid': 604.38, 'ask': 604.58}","{'bid': 604.18, 'ask': 604.37}","{'bid': 604.45, 'ask': 604.74}","{'bid': 604.1, 'ask': 604.28}",189,604.38,604.45,604.1,604.18
2025-02-13 00:15:00,2025-02-13T00:15:00,2025-02-13T00:15:00,"{'bid': 604.17, 'ask': 604.37}","{'bid': 604.29, 'ask': 604.48}","{'bid': 604.31, 'ask': 604.51}","{'bid': 604.05, 'ask': 604.25}",169,604.17,604.31,604.05,604.29
2025-02-13 00:30:00,2025-02-13T00:30:00,2025-02-13T00:30:00,"{'bid': 604.28, 'ask': 604.48}","{'bid': 604.56, 'ask': 604.73}","{'bid': 604.59, 'ask': 604.77}","{'bid': 604.11, 'ask': 604.31}",154,604.28,604.59,604.11,604.56
2025-02-13 00:45:00,2025-02-13T00:45:00,2025-02-13T00:45:00,"{'bid': 604.54, 'ask': 604.73}","{'bid': 604.46, 'ask': 604.65}","{'bid': 604.58, 'ask': 604.79}","{'bid': 604.41, 'ask': 604.61}",177,604.54,604.58,604.41,604.46
2025-02-13 09:00:00,2025-02-13T09:00:00,2025-02-13T09:00:00,"{'bid': 601.84, 'ask': 602.11}","{'bid': 602.3, 'ask': 602.46}","{'bid': 602.37, 'ask': 603.05}","{'bid': 600.95, 'ask': 601.67}",1316,601.84,602.37,600.95,602.3
2025-02-13 09:15:00,2025-02-13T09:15:00,2025-02-13T09:15:00,"{'bid': 602.3, 'ask': 602.47}","{'bid': 602.94, 'ask': 603.13}","{'bid': 603.06, 'ask': 603.65}","{'bid': 602.15, 'ask': 602.44}",788,602.3,603.06,602.15,602.94
2025-02-13 09:30:00,2025-02-13T09:30:00,2025-02-13T09:30:00,"{'bid': 602.95, 'ask': 603.15}","{'bid': 603.07, 'ask': 603.26}","{'bid': 603.29, 'ask': 603.65}","{'bid': 602.35, 'ask': 603.03}",612,602.95,603.29,602.35,603.07
2025-02-13 09:45:00,2025-02-13T09:45:00,2025-02-13T09:45:00,"{'bid': 603.08, 'ask': 603.26}","{'bid': 603.22, 'ask': 603.4}","{'bid': 603.3, 'ask': 603.65}","{'bid': 602.56, 'ask': 603.15}",589,603.08,603.3,602.56,603.22
2025-02-13 10:00:00,2025-02-13T10:00:00,2025-02-13T10:00:00,"{'bid': 603.22, 'ask': 603.39}","{'bid': 603.26, 'ask': 603.47}","{'bid': 603.34, 'ask': 603.65}","{'bid': 602.55, 'ask': 603.06}",467,603.22,603.34,602.55,603.26
2025-02-13 10:15:00,2025-02-13T10:15:00,2025-02-13T10:15:00,"{'bid': 603.26, 'ask': 603.45}","{'bid': 603.08, 'ask': 603.28}","{'bid': 603.33, 'ask': 603.65}","{'bid': 602.56, 'ask': 603.27}",386,603.26,603.33,602.56,603.08
2025-02-13 10:30:00,2025-02-13T10:30:00,2025-02-13T10:30:00,"{'bid': 603.09, 'ask': 603.29}","{'bid': 603.52, 'ask': 603.65}","{'bid': 603.53, 'ask': 604.25}","{'bid': 602.36, 'ask': 603.17}",389,603.09,603.53,602.36,603.52
2025-02-13 10:45:00,2025-02-13T10:45:00,2025-02-13T10:45:00,"{'bid': 603.53, 'ask': 603.66}","{'bid': 603.41, 'ask': 603.59}","{'bid': 603.53, 'ask': 603.72}","{'bid': 602.75, 'ask': 603.52}",294,603.53,603.53,602.75,603.41
2025-02-13 11:00:00,2025-02-13T11:00:00,2025-02-13T11:00:00,"{'bid': 603.4, 'ask': 603.59}","{'bid': 603.55, 'ask': 603.72}","{'bid': 603.56, 'ask': 603.74}","{'bid': 602.75, 'ask': 603.49}",355,603.4,603.56,602.75,603.55
2025-02-13 11:15:00,2025-02-13T11:15:00,2025-02-13T11:15:00,"{'bid': 603.53, 'ask': 603.7}","{'bid': 603.78, 'ask': 603.96}","{'bid': 603.86, 'ask': 604.65}","{'bid': 603.15, 'ask': 603.67}",342,603.53,603.86,603.15,603.78
2025-02-13 11:30:00,2025-02-13T11:30:00,2025-02-13T11:30:00,"{'bid': 603.8, 'ask': 603.97}","{'bid': 603.76, 'ask': 603.94}","{'bid': 603.84, 'ask': 604.45}","{'bid': 603.15, 'ask': 603.91}",300,603.8,603.84,603.15,603.76
2025-02-13 11:45:00,2025-02-13T11:45:00,2025-02-13T11:45:00,"{'bid': 603.77, 'ask': 603.95}","{'bid': 603.18, 'ask': 603.37}","{'bid': 603.84, 'ask': 604.45}","{'bid': 602.15, 'ask': 602.78}",2159,603.77,603.84,602.15,603.18
2025-02-13 12:00:00,2025-02-13T12:00:00,2025-02-13T12:00:00,"{'bid': 603.19, 'ask': 603.51}","{'bid': 602.71, 'ask': 602.92}","{'bid': 603.41, 'ask': 603.85}","{'bid': 602.2, 'ask': 602.84}",984,603.19,603.41,602.2,602.71
2025-02-13 12:15:00,2025-02-13T12:15:00,2025-02-13T12:15:00,"{'bid': 602.72, 'ask': 602.92}","{'bid': 603.05, 'ask': 603.26}","{'bid': 603.19, 'ask': 603.85}","{'bid': 602.58, 'ask': 602.82}",829,602.72,603.19,602.58,603.05
2025-02-13 12:30:00,2025-02-13T12:30:00,2025-02-13T12:30:00,"{'bid': 603.05, 'ask': 603.25}","{'bid': 603.13, 'ask': 603.34}","{'bid': 603.25, 'ask': 603.85}","{'bid': 602.95, 'ask': 603.21}",413,603.05,603.25,602.95,603.13
2025-02-13 12:45:00,2025-02-13T12:45:00,2025-02-13T12:45:00,"{'bid': 603.14, 'ask': 603.34}","{'bid': 603.07, 'ask': 603.22}","{'bid': 603.14, 'ask': 603.72}","{'bid': 602.58, 'ask': 602.75}",913,603.14,603.14,602.58,603.07
2025-02-13 13:00:00,2025-02-13T13:00:00,2025-02-13T13:00:00,"{'bid': 603.06, 'ask': 603.21}","{'bid': 602.82, 'ask': 602.94}","{'bid': 603.06, 'ask': 603.54}","{'bid': 602.81, 'ask': 602.94}",857,603.06,603.06,602.81,602.82
2025-02-13 13:15:00,2025-02-13T13:15:00,2025-02-13T13:15:00,"{'bid': 602.79, 'ask': 602.94}","{'bid': 602.98, 'ask': 603.54}","{'bid': 603.11, 'ask': 603.54}","{'bid': 602.68, 'ask': 602.86}",964,602.79,603.11,602.68,602.98
2025-02-13 13:30:00,2025-02-13T13:30:00,2025-02-13T13:30:00,"{'bid': 602.92, 'ask': 603.54}","{'bid': 604.37, 'ask': 604.51}","{'bid': 604.66, 'ask': 604.96}","{'bid': 602.45, 'ask': 602.57}",3070,602.92,604.66,602.45,604.37
2025-02-13 13:45:00,2025-02-13T13:45:00,2025-02-13T13:45:00,"{'bid': 604.34, 'ask': 604.49}","{'bid': 604.53, 'ask': 604.68}","{'bid': 604.59, 'ask': 604.73}","{'bid': 603.82, 'ask': 604.05}",1850,604.34,604.59,603.82,604.53
2025-02-13 14:00:00,2025-02-13T14:00:00,2025-02-13T14:00:00,"{'bid': 604.53, 'ask': 604.67}","{'bid': 604.45, 'ask': 604.58}","{'bid': 604.55, 'ask': 604.71}","{'bid': 604.03, 'ask': 604.16}",1337,604.53,604.55,604.03,604.45
2025-02-13 14:15:00,2025-02-13T14:15:00,2025-02-13T14:15:00,"{'bid': 604.44, 'ask': 604.58}","{'bid': 604.42, 'ask': 604.57}","{'bid': 604.64, 'ask': 605.25}","{'bid': 604.18, 'ask': 604.33}",1204,604.44,604.64,604.18,604.42
2025-02-13 14:30:00,2025-02-13T14:30:00,2025-02-13T14:30:00,"{'bid': 604.44, 'ask': 604.6}","{'bid': 604.38, 'ask': 604.51}","{'bid': 604.98, 'ask': 605.11}","{'bid': 603.15, 'ask': 603.27}",4229,604.44,604.98,603.15,604.38
2025-02-13 14:45:00,2025-02-13T14:45:00,2025-02-13T14:45:00,"{'bid': 604.4, 'ask': 604.53}","{'bid': 604.77, 'ask': 604.89}","{'bid': 604.99, 'ask': 605.11}","{'bid': 603.83, 'ask': 603.95}",3880,604.4,604.99,603.83,604.77
2025-02-13 15:00:00,2025-02-13T15:00:00,2025-02-13T15:00:00,"{'bid': 604.75, 'ask': 604.88}","{'bid': 605.23, 'ask': 605.37}","{'bid': 605.71, 'ask': 605.84}","{'bid': 604.16, 'ask': 604.29}",4344,604.75,605.71,604.16,605.23
2025-02-13 15:15:00,2025-02-13T15:15:00,2025-02-13T15:15:00,"{'bid': 605.22, 'ask': 605.35}","{'bid': 606.0, 'ask': 606.12}","{'bid': 606.35, 'ask': 606.48}","{'bid': 605.2, 'ask': 605.33}",3444,605.22,606.35,605.2,606.0
2025-02-13 15:30:00,2025-02-13T15:30:00,2025-02-13T15:30:00,"{'bid': 606.01, 'ask': 606.14}","{'bid': 607.18, 'ask': 607.3}","{'bid': 607.42, 'ask': 607.55}","{'bid': 605.91, 'ask': 606.04}",2862,606.01,607.42,605.91,607.18
2025-02-13 15:45:00,2025-02-13T15:45:00,2025-02-13T15:45:00,"{'bid': 607.18, 'ask': 607.31}","{'bid': 607.02, 'ask': 607.15}","{'bid': 607.25, 'ask': 607.37}","{'bid': 606.59, 'ask': 606.72}",2156,607.18,607.25,606.59,607.02
2025-02-13 16:00:00,2025-02-13T16:00:00,2025-02-13T16:00:00,"{'bid': 607.03, 'ask': 607.15}","{'bid': 607.32, 'ask': 607.44}","{'bid': 607.42, 'ask': 607.54}","{'bid': 606.88, 'ask': 607.0}",1905,607.03,607.42,606.88,607.32
2025-02-13 16:15:00,2025-02-13T16:15:00,2025-02-13T16:15:00,"{'bid': 607.32, 'ask': 607.45}","{'bid': 606.63, 'ask': 606.75}","{'bid': 607.32, 'ask': 607.45}","{'bid': 606.55, 'ask': 606.68}",1623,607.32,607.32,606.55,606.63
2025-02-13 16:30:00,2025-02-13T16:30:00,2025-02-13T16:30:00,"{'bid': 606.64, 'ask': 606.76}","{'bid': 606.59, 'ask': 606.72}","{'bid': 606.91, 'ask': 607.03}","{'bid': 606.31, 'ask': 606.44}",2209,606.64,606.91,606.31,606.59
2025-02-13 16:45:00,2025-02-13T16:45:00,2025-02-13T16:45:00,"{'bid': 606.6, 'ask': 606.72}","{'bid': 606.04, 'ask': 606.17}","{'bid': 606.82, 'ask': 606.94}","{'bid': 605.68, 'ask': 605.81}",1989,606.6,606.82,605.68,606.04
2025-02-13 17:00:00,2025-02-13T17:00:00,2025-02-13T17:00:00,"{'bid': 606.05, 'ask': 606.17}","{'bid': 606.17, 'ask': 606.29}","{'bid': 606.63, 'ask': 606.76}","{'bid': 605.66, 'ask': 605.78}",1988,606.05,606.63,605.66,606.17
2025-02-13 17:15:00,2025-02-13T17:15:00,2025-02-13T17:15:00,"{'bid': 606.16, 'ask': 606.28}","{'bid': 606.46, 'ask': 606.59}","{'bid': 606.57, 'ask': 606.7}","{'bid': 606.06, 'ask': 606.19}",1539,606.16,606.57,606.06,606.46
2025-02-13 17:30:00,2025-02-13T17:30:00,2025-02-13T17:30:00,"{'bid': 606.47, 'ask': 606.59}","{'bid': 606.44, 'ask': 606.57}","{'bid': 606.57, 'ask': 606.7}","{'bid': 606.19, 'ask': 606.31}",1360,606.47,606.57,606.19,606.44
2025-02-13 17:45:00,2025-02-13T17:45:00,2025-02-13T17:45:00,"{'bid': 606.45, 'ask': 606.57}","{'bid': 606.12, 'ask': 606.24}","{'bid': 606.91, 'ask': 607.03}","{'bid': 605.73, 'ask': 605.86}",1660,606.45,606.91,605.73,606.12
2025-02-13 18:00:00,2025-02-13T18:00:00,2025-02-13T18:00:00,"{'bid': 606.12, 'ask': 606.25}","{'bid': 606.16, 'ask': 606.28}","{'bid': 606.27, 'ask': 606.39}","{'bid': 605.74, 'ask': 605.86}",1989,606.12,606.27,605.74,606.16
2025-02-13 18:15:00,2025-02-13T18:15:00,2025-02-13T18:15:00,"{'bid': 606.16, 'ask': 606.29}","{'bid': 606.13, 'ask': 606.25}","{'bid': 606.36, 'ask': 606.49}","{'bid': 604.94, 'ask': 605.07}",3235,606.16,606.36,604.94,606.13
2025-02-13 18:30:00,2025-02-13T18:30:00,2025-02-13T18:30:00,"{'bid': 606.14, 'ask': 606.26}","{'bid': 606.25, 'ask': 606.39}","{'bid': 606.79, 'ask': 606.93}","{'bid': 605.29, 'ask': 605.41}",3923,606.14,606.79,605.29,606.25
2025-02-13 18:45:00,2025-02-13T18:45:00,2025-02-13T18:45:00,"{'bid': 606.24, 'ask': 606.39}","{'bid': 607.13, 'ask': 607.26}","{'bid': 607.18, 'ask': 607.31}","{'bid': 605.76, 'ask': 605.88}",3975,606.24,607.18,605.76,607.13
2025-02-13 19:00:00,2025-02-13T19:00:00,2025-02-13T19:00:00,"{'bid': 607.12, 'ask': 607.25}","{'bid': 607.96, 'ask': 608.09}","{'bid': 608.12, 'ask': 608.24}","{'bid': 606.97, 'ask': 607.1}",2489,607.12,608.12,606.97,607.96
2025-02-13 19:15:00,2025-02-13T19:15:00,2025-02-13T19:15:00,"{'bid': 607.95, 'ask': 608.08}","{'bid': 608.2, 'ask': 608.34}","{'bid': 608.34, 'ask': 608.47}","{'bid': 607.89, 'ask': 608.02}",1947,607.95,608.34,607.89,608.2
2025-02-13 19:30:00,2025-02-13T19:30:00,2025-02-13T19:30:00,"{'bid': 608.22, 'ask': 608.34}","{'bid': 608.47, 'ask': 608.6}","{'bid': 608.84, 'ask': 608.97}","{'bid': 608.08, 'ask': 608.2}",1982,608.22,608.84,608.08,608.47
2025-02-13 19:45:00,2025-02-13T19:45:00,2025-02-13T19:45:00,"{'bid': 608.48, 'ask': 608.6}","{'bid': 608.83, 'ask': 608.95}","{'bid': 609.23, 'ask': 609.36}","{'bid': 608.36, 'ask': 608.49}",1873,608.48,609.23,608.36,608.83
2025-02-13 20:00:00,2025-02-13T20:00:00,2025-02-13T20:00:00,"{'bid': 608.83, 'ask': 608.96}","{'bid': 609.22, 'ask': 609.35}","{'bid': 609.3, 'ask': 609.43}","{'bid': 608.75, 'ask': 608.87}",1347,608.83,609.3,608.75,609.22
2025-02-13 20:15:00,2025-02-13T20:15:00,2025-02-13T20:15:00,"{'bid': 609.23, 'ask': 609.35}","{'bid': 609.51, 'ask': 609.64}","{'bid': 609.65, 'ask': 609.77}","{'bid': 609.09, 'ask': 609.22}",1501,609.23,609.65,609.09,609.51
2025-02-13 20:30:00,2025-02-13T20:30:00,2025-02-13T20:30:00,"{'bid': 609.49, 'ask': 609.62}","{'bid': 609.07, 'ask': 609.2}","{'bid': 609.49, 'ask': 609.62}","{'bid': 609.05, 'ask': 609.18}",1478,609.49,609.49,609.05,609.07
2025-02-13 20:45:00,2025-02-13T20:45:00,2025-02-13T20:45:00,"{'bid': 609.06, 'ask': 609.19}","{'bid': 609.63, 'ask': 609.75}","{'bid': 609.87, 'ask': 609.99}","{'bid': 609.03, 'ask': 609.15}",2589,609.06,609.87,609.03,609.63
2025-02-13 21:00:00,2025-02-13T21:00:00,2025-02-13T21:00:00,"{'bid': 609.63, 'ask': 609.76}","{'bid': 609.37, 'ask': 609.5}","{'bid': 609.67, 'ask': 609.8}","{'bid': 609.18, 'ask': 609.3}",1230,609.63,609.67,609.18,609.37
2025-02-13 21:15:00,2025-02-13T21:15:00,2025-02-13T21:15:00,"{'bid': 609.38, 'ask': 609.51}","{'bid': 609.37, 'ask': 609.5}","{'bid': 609.49, 'ask': 609.8}","{'bid': 609.2, 'ask': 609.34}",332,609.38,609.49,609.2,609.37
2025-02-13 21:30:00,2025-02-13T21:30:00,2025-02-13T21:30:00,"{'bid': 609.34, 'ask': 609.5}","{'bid': 609.52, 'ask': 609.67}","{'bid': 609.55, 'ask': 609.69}","{'bid': 609.29, 'ask': 609.44}",192,609.34,609.55,609.29,609.52
2025-02-13 21:45:00,2025-02-13T21:45:00,2025-02-13T21:45:00,"{'bid': 609.52, 'ask': 609.66}","{'bid': 609.35, 'ask': 609.52}","{'bid': 609.63, 'ask': 609.78}","{'bid': 609.35, 'ask': 609.47}",237,609.52,609.63,609.35,609.35
2025-02-13 22:00:00,2025-02-13T22:00:00,2025-02-13T22:00:00,"{'bid': 609.35, 'ask': 609.54}","{'bid': 609.3, 'ask': 609.54}","{'bid': 609.35, 'ask': 609.54}","{'bid': 609.11, 'ask': 609.27}",25,609.35,609.35,609.11,609.3
2025-02-13 22:15:00,2025-02-13T22:15:00,2025-02-13T22:15:00,"{'bid': 609.3, 'ask': 609.51}","{'bid': 609.37, 'ask': 609.53}","{'bid': 609.37, 'ask': 609.54}","{'bid': 609.11, 'ask': 609.45}",33,609.3,609.37,609.11,609.37
2025-02-13 22:30:00,2025-02-13T22:30:00,2025-02-13T22:30:00,"{'bid': 609.37, 'ask': 609.54}","{'bid': 609.37, 'ask': 609.54}","{'bid': 609.4, 'ask': 609.54}","{'bid': 609.37, 'ask': 609.5}",11,609.37,609.4,609.37,609.37
2025-02-13 22:45:00,2025-02-13T22:45:00,2025-02-13T22:45:00,"{'bid': 609.11, 'ask': 609.54}","{'bid': 609.11, 'ask': 609.41}","{'bid': 609.25, 'ask': 609.54}","{'bid': 609.11, 'ask': 609.25}",48,609.11,609.25,609.11,609.11
2025-02-13 23:00:00,2025-02-13T23:00:00,2025-02-13T23:00:00,"{'bid': 609.26, 'ask': 609.41}","{'bid': 609.53, 'ask': 609.72}","{'bid': 609.58, 'ask': 609.95}","{'bid': 609.11, 'ask': 609.41}",388,609.26,609.58,609.11,609.53
2025-02-13 23:15:00,2025-02-13T23:15:00,2025-02-13T23:15:00,"{'bid': 609.53, 'ask': 609.75}","{'bid': 609.63, 'ask': 609.81}","{'bid': 609.73, 'ask': 609.95}","{'bid': 609.45, 'ask': 609.61}",350,609.53,609.73,609.45,609.63
2025-02-13 23:30:00,2025-02-13T23:30:00,2025-02-13T23:30:00,"{'bid': 609.63, 'ask': 609.82}","{'bid': 609.39, 'ask': 609.58}","{'bid': 609.66, 'ask': 609.95}","{'bid': 609.11, 'ask': 609.45}",286,609.63,609.66,609.11,609.39
2025-02-13 23:45:00,2025-02-13T23:45:00,2025-02-13T23:45:00,"{'bid': 609.39, 'ask': 609.59}","{'bid': 609.41, 'ask': 609.6}","{'bid': 609.48, 'ask': 609.95}","{'bid': 609.11, 'ask': 609.54}",220,609.39,609.48,609.11,609.41
2025-02-14 00:00:00,2025-02-14T00:00:00,2025-02-14T00:00:00,"{'bid': 609.41, 'ask': 609.61}","{'bid': 609.36, 'ask': 609.53}","{'bid': 609.69, 'ask': 609.95}","{'bid': 609.11, 'ask': 609.41}",440,609.41,609.69,609.11,609.36
2025-02-14 00:15:00,2025-02-14T00:15:00,2025-02-14T00:15:00,"{'bid': 609.35, 'ask': 609.53}","{'bid': 609.65, 'ask': 609.84}","{'bid': 609.71, 'ask': 609.95}","{'bid': 609.35, 'ask': 609.53}",280,609.35,609.71,609.35,609.65
2025-02-14 00:30:00,2025-02-14T00:30:00,2025-02-14T00:30:00,"{'bid': 609.65, 'ask': 609.83}","{'bid': 609.64, 'ask': 609.83}","{'bid': 609.66, 'ask': 609.95}","{'bid': 609.43, 'ask': 609.73}",261,609.65,609.66,609.43,609.64
2025-02-14 00:45:00,2025-02-14T00:45:00,2025-02-14T00:45:00,"{'bid': 609.62, 'ask': 609.83}","{'bid': 609.56, 'ask': 609.74}","{'bid': 609.66, 'ask': 609.95}","{'bid': 609.43, 'ask': 609.7}",266,609.62,609.66,609.43,609.56
2025-02-14 09:00:00,2025-02-14T09:00:00,2025-02-14T09:00:00,"{'bid': 609.88, 'ask': 610.65}","{'bid': 610.19, 'ask': 610.38}","{'bid': 610.28, 'ask': 611.05}","{'bid': 609.35, 'ask': 609.97}",635,609.88,610.28,609.35,610.19
2025-02-14 09:15:00,2025-02-14T09:15:00,2025-02-14T09:15:00,"{'bid': 610.2, 'ask': 610.38}","{'bid': 610.21, 'ask': 610.41}","{'bid': 610.24, 'ask': 611.05}","{'bid': 609.55, 'ask': 610.24}",506,610.2,610.24,609.55,610.21
2025-02-14 09:30:00,2025-02-14T09:30:00,2025-02-14T09:30:00,"{'bid': 610.21, 'ask': 610.4}","{'bid': 610.17, 'ask': 610.36}","{'bid': 610.45, 'ask': 611.04}","{'bid': 609.75, 'ask': 610.26}",423,610.21,610.45,609.75,610.17
2025-02-14 09:45:00,2025-02-14T09:45:00,2025-02-14T09:45:00,"{'bid': 610.15, 'ask': 610.34}","{'bid': 609.87, 'ask': 610.05}","{'bid': 610.18, 'ask': 610.65}","{'bid': 609.16, 'ask': 609.91}",447,610.15,610.18,609.16,609.87
2025-02-14 10:00:00,2025-02-14T10:00:00,2025-02-14T10:00:00,"{'bid': 609.86, 'ask': 610.07}","{'bid': 609.58, 'ask': 609.76}","{'bid': 609.86, 'ask': 610.65}","{'bid': 608.95, 'ask': 609.66}",414,609.86,609.86,608.95,609.58
2025-02-14 10:15:00,2025-02-14T10:15:00,2025-02-14T10:15:00,"{'bid': 609.58, 'ask': 609.75}","{'bid': 609.6, 'ask': 609.79}","{'bid': 609.68, 'ask': 610.25}","{'bid': 608.95, 'ask': 609.54}",450,609.58,609.68,608.95,609.6
2025-02-14 10:30:00,2025-02-14T10:30:00,2025-02-14T10:30:00,"{'bid': 609.6, 'ask': 609.78}","{'bid': 609.34, 'ask': 609.52}","{'bid': 609.68, 'ask': 610.45}","{'bid': 608.75, 'ask': 609.44}",489,609.6,609.68,608.75,609.34
2025-02-14 10:45:00,2025-02-14T10:45:00,2025-02-14T10:45:00,"{'bid': 609.33, 'ask': 609.51}","{'bid': 609.29, 'ask': 609.46}","{'bid': 609.4, 'ask': 609.7}","{'bid': 608.75, 'ask': 609.33}",477,609.33,609.4,608.75,609.29
2025-02-14 11:00:00,2025-02-14T11:00:00,2025-02-14T11:00:00,"{'bid': 609.29, 'ask': 609.5}","{'bid': 608.89, 'ask': 609.07}","{'bid': 609.29, 'ask': 609.69}","{'bid': 608.35, 'ask': 609.01}",567,609.29,609.29,608.35,608.89
2025-02-14 11:15:00,2025-02-14T11:15:00,2025-02-14T11:15:00,"{'bid': 608.88, 'ask': 609.06}","{'bid': 608.63, 'ask': 608.81}","{'bid': 608.99, 'ask': 609.21}","{'bid': 608.15, 'ask': 608.75}",511,608.88,608.99,608.15,608.63
2025-02-14 11:30:00,2025-02-14T11:30:00,2025-02-14T11:30:00,"{'bid': 608.62, 'ask': 608.79}","{'bid': 608.77, 'ask': 608.95}","{'bid': 608.93, 'ask': 609.55}","{'bid': 608.35, 'ask': 608.79}",485,608.62,608.93,608.35,608.77
2025-02-14 11:45:00,2025-02-14T11:45:00,2025-02-14T11:45:00,"{'bid': 608.77, 'ask': 608.94}","{'bid': 608.87, 'ask': 609.07}","{'bid': 608.92, 'ask': 609.45}","{'bid': 608.15, 'ask': 608.72}",586,608.77,608.92,608.15,608.87
2025-02-14 12:00:00,2025-02-14T12:00:00,2025-02-14T12:00:00,"{'bid': 608.88, 'ask': 609.07}","{'bid': 609.08, 'ask': 609.25}","{'bid': 609.13, 'ask': 609.55}","{'bid': 608.56, 'ask': 609.02}",656,608.88,609.13,608.56,609.08
2025-02-14 12:15:00,2025-02-14T12:15:00,2025-02-14T12:15:00,"{'bid': 609.07, 'ask': 609.25}","{'bid': 609.01, 'ask': 609.2}","{'bid': 609.18, 'ask': 609.55}","{'bid': 608.83, 'ask': 609.13}",468,609.07,609.18,608.83,609.01
2025-02-14 12:30:00,2025-02-14T12:30:00,2025-02-14T12:30:00,"{'bid': 609.02, 'ask': 609.2}","{'bid': 608.98, 'ask': 609.15}","{'bid': 609.13, 'ask': 609.3}","{'bid': 608.84, 'ask': 609.11}",403,609.02,609.13,608.84,608.98
2025-02-14 12:45:00,2025-02-14T12:45:00,2025-02-14T12:45:00,"{'bid': 608.96, 'ask': 609.14}","{'bid': 609.23, 'ask': 609.4}","{'bid': 609.28, 'ask': 609.41}","{'bid': 608.83, 'ask': 609.05}",367,608.96,609.28,608.83,609.23
2025-02-14 13:00:00,2025-02-14T13:00:00,2025-02-14T13:00:00,"{'bid': 609.15, 'ask': 609.35}","{'bid': 609.33, 'ask': 609.48}","{'bid': 609.41, 'ask': 609.55}","{'bid': 609.09, 'ask': 609.28}",391,609.15,609.41,609.09,609.33
2025-02-14 13:15:00,2025-02-14T13:15:00,2025-02-14T13:15:00,"{'bid': 609.32, 'ask': 609.48}","{'bid': 609.08, 'ask': 609.57}","{'bid': 609.43, 'ask': 609.57}","{'bid': 609.08, 'ask': 609.31}",498,609.32,609.43,609.08,609.08
2025-02-14 13:30:00,2025-02-14T13:30:00,2025-02-14T13:30:00,"{'bid': 609.24, 'ask': 609.57}","{'bid': 609.55, 'ask': 609.69}","{'bid': 609.72, 'ask': 610.54}","{'bid': 608.83, 'ask': 609.12}",1351,609.24,609.72,608.83,609.55
2025-02-14 13:45:00,2025-02-14T13:45:00,2025-02-14T13:45:00,"{'bid': 609.54, 'ask': 609.69}","{'bid': 609.7, 'ask': 609.84}","{'bid': 609.79, 'ask': 610.45}","{'bid': 609.42, 'ask': 609.59}",768,609.54,609.79,609.42,609.7
2025-02-14 14:00:00,2025-02-14T14:00:00,2025-02-14T14:00:00,"{'bid': 609.7, 'ask': 609.83}","{'bid': 609.78, 'ask': 609.91}","{'bid': 609.93, 'ask': 610.14}","{'bid': 609.21, 'ask': 609.68}",805,609.7,609.93,609.21,609.78
2025-02-14 14:15:00,2025-02-14T14:15:00,2025-02-14T14:15:00,"{'bid': 609.78, 'ask': 609.92}","{'bid': 609.84, 'ask': 609.99}","{'bid': 610.17, 'ask': 610.54}","{'bid': 609.55, 'ask': 609.89}",948,609.78,610.17,609.55,609.84
2025-02-14 14:30:00,2025-02-14T14:30:00,2025-02-14T14:30:00,"{'bid': 609.85, 'ask': 609.99}","{'bid': 610.3, 'ask': 610.43}","{'bid': 610.42, 'ask': 610.55}","{'bid': 609.44, 'ask': 609.83}",3147,609.85,610.42,609.44,610.3
2025-02-14 14:45:00,2025-02-14T14:45:00,2025-02-14T14:45:00,"{'bid': 610.31, 'ask': 610.43}","{'bid': 610.4, 'ask': 610.53}","{'bid': 610.57, 'ask': 610.7}","{'bid': 610.23, 'ask': 610.35}",1802,610.31,610.57,610.23,610.4
2025-02-14 15:00:00,2025-02-14T15:00:00,2025-02-14T15:00:00,"{'bid': 610.41, 'ask': 610.53}","{'bid': 610.62, 'ask': 610.74}","{'bid': 610.92, 'ask': 611.05}","{'bid': 609.96, 'ask': 610.09}",2260,610.41,610.92,609.96,610.62
2025-02-14 15:15:00,2025-02-14T15:15:00,2025-02-14T15:15:00,"{'bid': 610.62, 'ask': 610.75}","{'bid': 610.17, 'ask': 610.3}","{'bid': 610.72, 'ask': 610.84}","{'bid': 610.08, 'ask': 610.21}",2503,610.62,610.72,610.08,610.17
2025-02-14 15:30:00,2025-02-14T15:30:00,2025-02-14T15:30:00,"{'bid': 610.18, 'ask': 610.3}","{'bid': 609.99, 'ask': 610.11}","{'bid': 610.35, 'ask': 610.47}","{'bid': 609.66, 'ask': 609.79}",2558,610.18,610.35,609.66,609.99
2025-02-14 15:45:00,2025-02-14T15:45:00,2025-02-14T15:45:00,"{'bid': 610.0, 'ask': 610.13}","{'bid': 610.46, 'ask': 610.58}","{'bid': 610.61, 'ask': 610.73}","{'bid': 610.0, 'ask': 610.12}",1485,610.0,610.61,610.0,610.46
2025-02-14 16:00:00,2025-02-14T16:00:00,2025-02-14T16:00:00,"{'bid': 610.46, 'ask': 610.59}","{'bid': 610.38, 'ask': 610.51}","{'bid': 610.79, 'ask': 610.91}","{'bid': 610.21, 'ask': 610.33}",1657,610.46,610.79,610.21,610.38
2025-02-14 16:15:00,2025-02-14T16:15:00,2025-02-14T16:15:00,"{'bid': 610.39, 'ask': 610.52}","{'bid': 609.94, 'ask': 610.06}","{'bid': 610.42, 'ask': 610.55}","{'bid': 609.34, 'ask': 609.46}",2515,610.39,610.42,609.34,609.94
2025-02-14 16:30:00,2025-02-14T16:30:00,2025-02-14T16:30:00,"{'bid': 609.95, 'ask': 610.08}","{'bid': 609.99, 'ask': 610.11}","{'bid': 610.07, 'ask': 610.19}","{'bid': 609.56, 'ask': 609.69}",1813,609.95,610.07,609.56,609.99
2025-02-14 16:45:00,2025-02-14T16:45:00,2025-02-14T16:45:00,"{'bid': 609.99, 'ask': 610.12}","{'bid': 610.16, 'ask': 610.29}","{'bid': 610.23, 'ask': 610.36}","{'bid': 609.45, 'ask': 609.58}",1431,609.99,610.23,609.45,610.16
2025-02-14 17:00:00,2025-02-14T17:00:00,2025-02-14T17:00:00,"{'bid': 610.17, 'ask': 610.29}","{'bid': 609.54, 'ask': 609.66}","{'bid': 610.18, 'ask': 610.31}","{'bid': 609.25, 'ask': 609.38}",1700,610.17,610.18,609.25,609.54
2025-02-14 17:15:00,2025-02-14T17:15:00,2025-02-14T17:15:00,"{'bid': 609.55, 'ask': 609.67}","{'bid': 609.27, 'ask': 609.39}","{'bid': 609.69, 'ask': 609.82}","{'bid': 609.21, 'ask': 609.33}",1500,609.55,609.69,609.21,609.27
2025-02-14 17:30:00,2025-02-14T17:30:00,2025-02-14T17:30:00,"{'bid': 609.28, 'ask': 609.41}","{'bid': 609.21, 'ask': 609.33}","{'bid': 609.53, 'ask': 609.66}","{'bid': 609.01, 'ask': 609.13}",1470,609.28,609.53,609.01,609.21
2025-02-14 17:45:00,2025-02-14T17:45:00,2025-02-14T17:45:00,"{'bid': 609.19, 'ask': 609.32}","{'bid': 609.85, 'ask': 609.98}","{'bid': 609.98, 'ask': 610.1}","{'bid': 609.16, 'ask': 609.29}",1469,609.19,609.98,609.16,609.85
2025-02-14 18:00:00,2025-02-14T18:00:00,2025-02-14T18:00:00,"{'bid': 609.86, 'ask': 609.99}","{'bid': 609.87, 'ask': 609.99}","{'bid': 610.02, 'ask': 610.15}","{'bid': 609.7, 'ask': 609.82}",1237,609.86,610.02,609.7,609.87
2025-02-14 18:15:00,2025-02-14T18:15:00,2025-02-14T18:15:00,"{'bid': 609.86, 'ask': 609.99}","{'bid': 609.86, 'ask': 609.98}","{'bid': 610.0, 'ask': 610.13}","{'bid': 609.64, 'ask': 609.76}",1157,609.86,610.0,609.64,609.86
2025-02-14 18:30:00,2025-02-14T18:30:00,2025-02-14T18:30:00,"{'bid': 609.85, 'ask': 609.98}","{'bid': 610.39, 'ask': 610.52}","{'bid': 610.48, 'ask': 610.61}","{'bid': 609.83, 'ask': 609.95}",1011,609.85,610.48,609.83,610.39
2025-02-14 18:45:00,2025-02-14T18:45:00,2025-02-14T18:45:00,"{'bid': 610.4, 'ask': 610.53}","{'bid': 610.42, 'ask': 610.54}","{'bid': 610.69, 'ask': 610.82}","{'bid': 610.4, 'ask': 610.53}",771,610.4,610.69,610.4,610.42
2025-02-14 19:00:00,2025-02-14T19:00:00,2025-02-14T19:00:00,"{'bid': 610.42, 'ask': 610.55}","{'bid': 610.65, 'ask': 610.77}","{'bid': 610.65, 'ask': 610.78}","{'bid': 610.32, 'ask': 610.44}",941,610.42,610.65,610.32,610.65
2025-02-14 19:15:00,2025-02-14T19:15:00,2025-02-14T19:15:00,"{'bid': 610.64, 'ask': 610.77}","{'bid': 610.07, 'ask': 610.19}","{'bid': 610.65, 'ask': 610.77}","{'bid': 610.0, 'ask': 610.13}",1236,610.64,610.65,610.0,610.07
2025-02-14 19:30:00,2025-02-14T19:30:00,2025-02-14T19:30:00,"{'bid': 610.07, 'ask': 610.2}","{'bid': 610.14, 'ask': 610.26}","{'bid': 610.23, 'ask': 610.36}","{'bid': 609.84, 'ask': 609.97}",1433,610.07,610.23,609.84,610.14
2025-02-14 19:45:00,2025-02-14T19:45:00,2025-02-14T19:45:00,"{'bid': 610.13, 'ask': 610.26}","{'bid': 610.17, 'ask': 610.29}","{'bid': 610.24, 'ask': 610.37}","{'bid': 609.77, 'ask': 609.9}",1325,610.13,610.24,609.77,610.17
2025-02-14 20:00:00,2025-02-14T20:00:00,2025-02-14T20:00:00,"{'bid': 610.15, 'ask': 610.28}","{'bid': 609.99, 'ask': 610.12}","{'bid': 610.15, 'ask': 610.28}","{'bid': 609.73, 'ask': 609.86}",1280,610.15,610.15,609.73,609.99
2025-02-14 20:15:00,2025-02-14T20:15:00,2025-02-14T20:15:00,"{'bid': 610.01, 'ask': 610.13}","{'bid': 609.6, 'ask': 609.73}","{'bid': 610.18, 'ask': 610.31}","{'bid': 609.53, 'ask': 609.66}",1143,610.01,610.18,609.53,609.6
2025-02-14 20:30:00,2025-02-14T20:30:00,2025-02-14T20:30:00,"{'bid': 609.6, 'ask': 609.72}","{'bid': 609.66, 'ask': 609.79}","{'bid': 610.08, 'ask': 610.21}","{'bid': 609.49, 'ask': 609.62}",1434,609.6,610.08,609.49,609.66
2025-02-14 20:45:00,2025-02-14T20:45:00,2025-02-14T20:45:00,"{'bid': 609.67, 'ask': 609.8}","{'bid': 609.63, 'ask': 609.76}","{'bid': 610.22, 'ask': 610.35}","{'bid': 609.48, 'ask': 609.61}",2444,609.67,610.22,609.48,609.63
2025-02-14 21:00:00,2025-02-14T21:00:00,2025-02-14T21:00:00,"{'bid': 609.64, 'ask': 609.77}","{'bid': 609.78, 'ask': 609.92}","{'bid': 609.85, 'ask': 609.98}","{'bid': 609.34, 'ask': 609.48}",1161,609.64,609.85,609.34,609.78
2025-02-14 21:15:00,2025-02-14T21:15:00,2025-02-14T21:15:00,"{'bid': 609.77, 'ask': 609.91}","{'bid': 609.71, 'ask': 609.83}","{'bid': 609.78, 'ask': 610.05}","{'bid': 609.61, 'ask': 609.74}",264,609.77,609.78,609.61,609.71
2025-02-14 21:30:00,2025-02-14T21:30:00,2025-02-14T21:30:00,"{'bid': 609.68, 'ask': 609.81}","{'bid': 609.51, 'ask': 609.66}","{'bid': 609.72, 'ask': 609.86}","{'bid': 609.41, 'ask': 609.56}",133,609.68,609.72,609.41,609.51
2025-02-14 21:45:00,2025-02-14T21:45:00,2025-02-14T21:45:00,"{'bid': 609.51, 'ask': 609.64}","{'bid': 609.8, 'ask': 609.98}","{'bid': 609.85, 'ask': 610.11}","{'bid': 609.45, 'ask': 609.57}",180,609.51,609.85,609.45,609.8
2025-02-18 09:00:00,2025-02-18T09:00:00,2025-02-18T09:00:00,"{'bid': 611.59, 'ask': 611.87}","{'bid': 611.75, 'ask': 611.9}","{'bid': 611.83, 'ask': 612.0}","{'bid': 611.35, 'ask': 611.61}",346,611.59,611.83,611.35,611.75
2025-02-18 09:15:00,2025-02-18T09:15:00,2025-02-18T09:15:00,"{'bid': 611.74, 'ask': 611.89}","{'bid': 611.74, 'ask': 611.89}","{'bid': 611.79, 'ask': 612.15}","{'bid': 611.35, 'ask': 611.76}",131,611.74,611.79,611.35,611.74
2025-02-18 09:30:00,2025-02-18T09:30:00,2025-02-18T09:30:00,"{'bid': 611.3, 'ask': 611.47}","{'bid': 611.36, 'ask': 611.5}","{'bid': 611.39, 'ask': 611.56}","{'bid': 611.3, 'ask': 611.47}",73,611.3,611.39,611.3,611.36
2025-02-18 09:45:00,2025-02-18T09:45:00,2025-02-18T09:45:00,"{'bid': 611.3, 'ask': 611.46}","{'bid': 611.2, 'ask': 611.37}","{'bid': 611.33, 'ask': 611.52}","{'bid': 611.09, 'ask': 611.3}",82,611.3,611.33,611.09,611.2
2025-02-18 10:00:00,2025-02-18T10:00:00,2025-02-18T10:00:00,"{'bid': 610.97, 'ask': 611.16}","{'bid': 611.06, 'ask': 611.26}","{'bid': 611.17, 'ask': 611.38}","{'bid': 610.97, 'ask': 611.15}",54,610.97,611.17,610.97,611.06
2025-02-18 10:15:00,2025-02-18T10:15:00,2025-02-18T10:15:00,"{'bid': 611.13, 'ask': 611.31}","{'bid': 611.31, 'ask': 611.5}","{'bid': 611.31, 'ask': 611.52}","{'bid': 611.13, 'ask': 611.3}",23,611.13,611.31,611.13,611.31
2025-02-18 10:45:00,2025-02-18T10:45:00,2025-02-18T10:45:00,"{'bid': 611.62, 'ask': 611.78}","{'bid': 611.67, 'ask': 611.86}","{'bid': 611.71, 'ask': 612.25}","{'bid': 611.16, 'ask': 611.73}",160,611.62,611.71,611.16,611.67
2025-02-18 11:00:00,2025-02-18T11:00:00,2025-02-18T11:00:00,"{'bid': 611.68, 'ask': 611.86}","{'bid': 611.65, 'ask': 611.8}","{'bid': 611.78, 'ask': 612.25}","{'bid': 611.35, 'ask': 611.75}",316,611.68,611.78,611.35,611.65
2025-02-18 11:15:00,2025-02-18T11:15:00,2025-02-18T11:15:00,"{'bid': 611.65, 'ask': 611.83}","{'bid': 611.79, 'ask': 611.93}","{'bid': 611.84, 'ask': 612.25}","{'bid': 611.64, 'ask': 611.83}",177,611.65,611.84,611.64,611.79
2025-02-18 11:30:00,2025-02-18T11:30:00,2025-02-18T11:30:00,"{'bid': 611.79, 'ask': 611.94}","{'bid': 611.6, 'ask': 611.74}","{'bid': 611.82, 'ask': 611.96}","{'bid': 611.56, 'ask': 611.73}",200,611.79,611.82,611.56,611.6
2025-02-18 11:45:00,2025-02-18T11:45:00,2025-02-18T11:45:00,"{'bid': 611.58, 'ask': 611.73}","{'bid': 611.67, 'ask': 611.84}","{'bid': 611.7, 'ask': 611.96}","{'bid': 611.35, 'ask': 611.71}",173,611.58,611.7,611.35,611.67
2025-02-18 12:00:00,2025-02-18T12:00:00,2025-02-18T12:00:00,"{'bid': 611.66, 'ask': 611.84}","{'bid': 611.76, 'ask': 611.92}","{'bid': 611.87, 'ask': 612.25}","{'bid': 611.53, 'ask': 611.72}",354,611.66,611.87,611.53,611.76
2025-02-18 12:15:00,2025-02-18T12:15:00,2025-02-18T12:15:00,"{'bid': 611.71, 'ask': 611.91}","{'bid': 611.8, 'ask': 611.97}","{'bid': 611.94, 'ask': 612.13}","{'bid': 611.6, 'ask': 611.76}",331,611.71,611.94,611.6,611.8
2025-02-18 12:30:00,2025-02-18T12:30:00,2025-02-18T12:30:00,"{'bid': 611.8, 'ask': 611.96}","{'bid': 611.95, 'ask': 612.08}","{'bid': 612.07, 'ask': 612.45}","{'bid': 611.79, 'ask': 611.96}",306,611.8,612.07,611.79,611.95
2025-02-18 12:45:00,2025-02-18T12:45:00,2025-02-18T12:45:00,"{'bid': 611.95, 'ask': 612.09}","{'bid': 611.91, 'ask': 612.06}","{'bid': 611.99, 'ask': 612.35}","{'bid': 611.83, 'ask': 612.0}",362,611.95,611.99,611.83,611.91
2025-02-18 13:00:00,2025-02-18T13:00:00,2025-02-18T13:00:00,"{'bid': 611.91, 'ask': 612.05}","{'bid': 611.68, 'ask': 611.82}","{'bid': 611.91, 'ask': 612.05}","{'bid': 611.52, 'ask': 611.72}",696,611.91,611.91,611.52,611.68
2025-02-18 13:15:00,2025-02-18T13:15:00,2025-02-18T13:15:00,"{'bid': 611.67, 'ask': 611.82}","{'bid': 611.96, 'ask': 612.21}","{'bid': 612.25, 'ask': 612.37}","{'bid': 611.56, 'ask': 611.75}",671,611.67,612.25,611.56,611.96
2025-02-18 13:30:00,2025-02-18T13:30:00,2025-02-18T13:30:00,"{'bid': 611.96, 'ask': 612.27}","{'bid': 612.16, 'ask': 612.3}","{'bid': 612.17, 'ask': 612.32}","{'bid': 611.95, 'ask': 612.09}",619,611.96,612.17,611.95,612.16
2025-02-18 13:45:00,2025-02-18T13:45:00,2025-02-18T13:45:00,"{'bid': 612.16, 'ask': 612.31}","{'bid': 612.12, 'ask': 612.28}","{'bid': 612.19, 'ask': 612.35}","{'bid': 612.01, 'ask': 612.16}",592,612.16,612.19,612.01,612.12
2025-02-18 14:00:00,2025-02-18T14:00:00,2025-02-18T14:00:00,"{'bid': 612.14, 'ask': 612.29}","{'bid': 612.08, 'ask': 612.21}","{'bid': 612.2, 'ask': 612.35}","{'bid': 611.97, 'ask': 612.14}",579,612.14,612.2,611.97,612.08
2025-02-18 14:15:00,2025-02-18T14:15:00,2025-02-18T14:15:00,"{'bid': 612.06, 'ask': 612.2}","{'bid': 610.79, 'ask': 610.95}","{'bid': 612.08, 'ask': 612.25}","{'bid': 610.75, 'ask': 610.89}",1133,612.06,612.08,610.75,610.79
2025-02-18 14:30:00,2025-02-18T14:30:00,2025-02-18T14:30:00,"{'bid': 610.83, 'ask': 610.97}","{'bid': 610.12, 'ask': 610.25}","{'bid': 610.92, 'ask': 611.06}","{'bid': 610.05, 'ask': 610.18}",4025,610.83,610.92,610.05,610.12
2025-02-18 14:45:00,2025-02-18T14:45:00,2025-02-18T14:45:00,"{'bid': 610.13, 'ask': 610.25}","{'bid': 610.08, 'ask': 610.2}","{'bid': 610.58, 'ask': 610.7}","{'bid': 609.89, 'ask': 610.01}",3308,610.13,610.58,609.89,610.08
2025-02-18 15:00:00,2025-02-18T15:00:00,2025-02-18T15:00:00,"{'bid': 610.07, 'ask': 610.2}","{'bid': 610.09, 'ask': 610.21}","{'bid': 610.25, 'ask': 610.37}","{'bid': 609.27, 'ask': 609.4}",3663,610.07,610.25,609.27,610.09
2025-02-18 15:15:00,2025-02-18T15:15:00,2025-02-18T15:15:00,"{'bid': 610.09, 'ask': 610.22}","{'bid': 609.56, 'ask': 609.69}","{'bid': 610.16, 'ask': 610.29}","{'bid': 609.36, 'ask': 609.48}",3283,610.09,610.16,609.36,609.56
2025-02-18 15:30:00,2025-02-18T15:30:00,2025-02-18T15:30:00,"{'bid': 609.58, 'ask': 609.71}","{'bid': 610.11, 'ask': 610.24}","{'bid': 610.18, 'ask': 610.3}","{'bid': 609.3, 'ask': 609.43}",2658,609.58,610.18,609.3,610.11
2025-02-18 15:45:00,2025-02-18T15:45:00,2025-02-18T15:45:00,"{'bid': 610.09, 'ask': 610.22}","{'bid': 610.54, 'ask': 610.67}","{'bid': 610.57, 'ask': 610.69}","{'bid': 609.62, 'ask': 609.74}",2382,610.09,610.57,609.62,610.54
2025-02-18 16:00:00,2025-02-18T16:00:00,2025-02-18T16:00:00,"{'bid': 610.53, 'ask': 610.65}","{'bid': 610.34, 'ask': 610.47}","{'bid': 610.68, 'ask': 610.8}","{'bid': 610.25, 'ask': 610.38}",1499,610.53,610.68,610.25,610.34
2025-02-18 16:15:00,2025-02-18T16:15:00,2025-02-18T16:15:00,"{'bid': 610.34, 'ask': 610.46}","{'bid': 610.36, 'ask': 610.48}","{'bid': 610.46, 'ask': 610.59}","{'bid': 609.69, 'ask': 609.82}",1736,610.34,610.46,609.69,610.36
2025-02-18 16:30:00,2025-02-18T16:30:00,2025-02-18T16:30:00,"{'bid': 610.34, 'ask': 610.47}","{'bid': 610.18, 'ask': 610.31}","{'bid': 610.36, 'ask': 610.49}","{'bid': 609.99, 'ask': 610.12}",1583,610.34,610.36,609.99,610.18
2025-02-18 16:45:00,2025-02-18T16:45:00,2025-02-18T16:45:00,"{'bid': 610.18, 'ask': 610.3}","{'bid': 610.2, 'ask': 610.32}","{'bid': 610.79, 'ask': 610.92}","{'bid': 610.12, 'ask': 610.25}",1765,610.18,610.79,610.12,610.2
2025-02-18 17:00:00,2025-02-18T17:00:00,2025-02-18T17:00:00,"{'bid': 610.19, 'ask': 610.31}","{'bid': 610.14, 'ask': 610.27}","{'bid': 610.26, 'ask': 610.38}","{'bid': 609.73, 'ask': 609.85}",1742,610.19,610.26,609.73,610.14
2025-02-18 17:15:00,2025-02-18T17:15:00,2025-02-18T17:15:00,"{'bid': 610.14, 'ask': 610.26}","{'bid': 609.98, 'ask': 610.1}","{'bid': 610.14, 'ask': 610.26}","{'bid': 609.72, 'ask': 609.85}",1219,610.14,610.14,609.72,609.98
2025-02-18 17:30:00,2025-02-18T17:30:00,2025-02-18T17:30:00,"{'bid': 609.97, 'ask': 610.1}","{'bid': 610.14, 'ask': 610.26}","{'bid': 610.33, 'ask': 610.46}","{'bid': 609.97, 'ask': 610.1}",1176,609.97,610.33,609.97,610.14
2025-02-18 17:45:00,2025-02-18T17:45:00,2025-02-18T17:45:00,"{'bid': 610.13, 'ask': 610.26}","{'bid': 610.29, 'ask': 610.41}","{'bid': 610.48, 'ask': 610.6}","{'bid': 610.05, 'ask': 610.18}",1282,610.13,610.48,610.05,610.29
2025-02-18 18:00:00,2025-02-18T18:00:00,2025-02-18T18:00:00,"{'bid': 610.28, 'ask': 610.4}","{'bid': 610.06, 'ask': 610.18}","{'bid': 610.59, 'ask': 610.72}","{'bid': 609.9, 'ask': 610.02}",1310,610.28,610.59,609.9,610.06
2025-02-18 18:15:00,2025-02-18T18:15:00,2025-02-18T18:15:00,"{'bid': 610.06, 'ask': 610.19}","{'bid': 609.83, 'ask': 609.96}","{'bid': 610.1, 'ask': 610.23}","{'bid': 609.46, 'ask': 609.59}",1590,610.06,610.1,609.46,609.83
2025-02-18 18:30:00,2025-02-18T18:30:00,2025-02-18T18:30:00,"{'bid': 609.82, 'ask': 609.94}","{'bid': 609.46, 'ask': 609.59}","{'bid': 609.82, 'ask': 609.94}","{'bid': 609.38, 'ask': 609.5}",1682,609.82,609.82,609.38,609.46
2025-02-18 18:45:00,2025-02-18T18:45:00,2025-02-18T18:45:00,"{'bid': 609.46, 'ask': 609.58}","{'bid': 609.59, 'ask': 609.72}","{'bid': 609.86, 'ask': 609.98}","{'bid': 609.39, 'ask': 609.52}",1436,609.46,609.86,609.39,609.59
2025-02-18 19:00:00,2025-02-18T19:00:00,2025-02-18T19:00:00,"{'bid': 609.61, 'ask': 609.73}","{'bid': 608.78, 'ask': 608.9}","{'bid': 609.76, 'ask': 609.89}","{'bid': 608.34, 'ask': 608.47}",2541,609.61,609.76,608.34,608.78
2025-02-18 19:15:00,2025-02-18T19:15:00,2025-02-18T19:15:00,"{'bid': 608.76, 'ask': 608.89}","{'bid': 609.15, 'ask': 609.28}","{'bid': 609.52, 'ask': 609.66}","{'bid': 608.31, 'ask': 608.44}",2259,608.76,609.52,608.31,609.15
2025-02-18 19:30:00,2025-02-18T19:30:00,2025-02-18T19:30:00,"{'bid': 609.14, 'ask': 609.27}","{'bid': 609.33, 'ask': 609.45}","{'bid': 609.51, 'ask': 609.64}","{'bid': 609.04, 'ask': 609.17}",1431,609.14,609.51,609.04,609.33
2025-02-18 19:45:00,2025-02-18T19:45:00,2025-02-18T19:45:00,"{'bid': 609.32, 'ask': 609.45}","{'bid': 609.8, 'ask': 609.92}","{'bid': 609.98, 'ask': 610.1}","{'bid': 609.29, 'ask': 609.41}",1691,609.32,609.98,609.29,609.8
2025-02-18 20:00:00,2025-02-18T20:00:00,2025-02-18T20:00:00,"{'bid': 609.82, 'ask': 609.94}","{'bid': 609.81, 'ask': 609.94}","{'bid': 609.86, 'ask': 609.99}","{'bid': 609.58, 'ask': 609.7}",1356,609.82,609.86,609.58,609.81
2025-02-18 20:15:00,2025-02-18T20:15:00,2025-02-18T20:15:00,"{'bid': 609.82, 'ask': 609.94}","{'bid': 609.72, 'ask': 609.85}","{'bid': 609.89, 'ask': 610.02}","{'bid': 609.57, 'ask': 609.69}",1085,609.82,609.89,609.57,609.72
2025-02-18 20:30:00,2025-02-18T20:30:00,2025-02-18T20:30:00,"{'bid': 609.72, 'ask': 609.84}","{'bid': 609.7, 'ask': 609.82}","{'bid': 610.01, 'ask': 610.13}","{'bid': 609.57, 'ask': 609.7}",1220,609.72,610.01,609.57,609.7
2025-02-18 20:45:00,2025-02-18T20:45:00,2025-02-18T20:45:00,"{'bid': 609.68, 'ask': 609.81}","{'bid': 611.29, 'ask': 611.41}","{'bid': 611.31, 'ask': 611.43}","{'bid': 609.57, 'ask': 609.69}",2552,609.68,611.31,609.57,611.29
2025-02-18 21:00:00,2025-02-18T21:00:00,2025-02-18T21:00:00,"{'bid': 611.29, 'ask': 611.43}","{'bid': 611.2, 'ask': 611.34}","{'bid': 611.44, 'ask': 611.56}","{'bid': 611.15, 'ask': 611.28}",1214,611.29,611.44,611.15,611.2
2025-02-18 21:15:00,2025-02-18T21:15:00,2025-02-18T21:15:00,"{'bid': 611.22, 'ask': 611.34}","{'bid': 611.16, 'ask': 611.31}","{'bid': 611.27, 'ask': 611.53}","{'bid': 611.04, 'ask': 611.17}",436,611.22,611.27,611.04,611.16
2025-02-18 21:30:00,2025-02-18T21:30:00,2025-02-18T21:30:00,"{'bid': 611.15, 'ask': 611.3}","{'bid': 610.92, 'ask': 611.06}","{'bid': 611.15, 'ask': 611.45}","{'bid': 610.91, 'ask': 611.04}",232,611.15,611.15,610.91,610.92
2025-02-18 21:45:00,2025-02-18T21:45:00,2025-02-18T21:45:00,"{'bid': 610.92, 'ask': 611.05}","{'bid': 610.9, 'ask': 611.45}","{'bid': 610.96, 'ask': 611.45}","{'bid': 610.83, 'ask': 610.99}",200,610.92,610.96,610.83,610.9
2025-02-18 22:00:00,2025-02-18T22:00:00,2025-02-18T22:00:00,"{'bid': 610.95, 'ask': 611.45}","{'bid': 610.95, 'ask': 611.09}","{'bid': 610.95, 'ask': 611.45}","{'bid': 610.9, 'ask': 611.04}",13,610.95,610.95,610.9,610.95
2025-02-18 22:15:00,2025-02-18T22:15:00,2025-02-18T22:15:00,"{'bid': 610.95, 'ask': 611.08}","{'bid': 610.95, 'ask': 611.15}","{'bid': 610.95, 'ask': 611.15}","{'bid': 610.95, 'ask': 611.07}",5,610.95,610.95,610.95,610.95
2025-02-18 22:30:00,2025-02-18T22:30:00,2025-02-18T22:30:00,"{'bid': 610.98, 'ask': 611.15}","{'bid': 610.85, 'ask': 611.12}","{'bid': 610.98, 'ask': 611.15}","{'bid': 610.85, 'ask': 611.06}",15,610.98,610.98,610.85,610.85
2025-02-18 22:45:00,2025-02-18T22:45:00,2025-02-18T22:45:00,"{'bid': 610.95, 'ask': 611.12}","{'bid': 610.78, 'ask': 611.03}","{'bid': 610.98, 'ask': 611.13}","{'bid': 610.78, 'ask': 611.03}",18,610.95,610.98,610.78,610.78
2025-02-18 23:00:00,2025-02-18T23:00:00,2025-02-18T23:00:00,"{'bid': 610.79, 'ask': 611.03}","{'bid': 611.31, 'ask': 611.47}","{'bid': 611.57, 'ask': 612.05}","{'bid': 610.79, 'ask': 611.03}",349,610.79,611.57,610.79,611.31
2025-02-18 23:15:00,2025-02-18T23:15:00,2025-02-18T23:15:00,"{'bid': 611.31, 'ask': 611.48}","{'bid': 611.17, 'ask': 611.35}","{'bid': 611.41, 'ask': 611.58}","{'bid': 611.14, 'ask': 611.27}",137,611.31,611.41,611.14,611.17
2025-02-18 23:30:00,2025-02-18T23:30:00,2025-02-18T23:30:00,"{'bid': 611.17, 'ask': 611.34}","{'bid': 611.31, 'ask': 611.51}","{'bid': 611.38, 'ask': 611.56}","{'bid': 611.14, 'ask': 611.31}",177,611.17,611.38,611.14,611.31
2025-02-18 23:45:00,2025-02-18T23:45:00,2025-02-18T23:45:00,"{'bid': 611.32, 'ask': 611.51}","{'bid': 611.41, 'ask': 611.59}","{'bid': 611.46, 'ask': 611.68}","{'bid': 611.19, 'ask': 611.4}",130,611.32,611.46,611.19,611.41
2025-02-19 00:00:00,2025-02-19T00:00:00,2025-02-19T00:00:00,"{'bid': 611.4, 'ask': 611.6}","{'bid': 611.47, 'ask': 611.64}","{'bid': 611.52, 'ask': 611.72}","{'bid': 611.31, 'ask': 611.49}",162,611.4,611.52,611.31,611.47
2025-02-19 00:15:00,2025-02-19T00:15:00,2025-02-19T00:15:00,"{'bid': 611.46, 'ask': 611.63}","{'bid': 611.6, 'ask': 611.76}","{'bid': 611.63, 'ask': 611.81}","{'bid': 611.41, 'ask': 611.57}",125,611.46,611.63,611.41,611.6
2025-02-19 00:30:00,2025-02-19T00:30:00,2025-02-19T00:30:00,"{'bid': 611.6, 'ask': 611.75}","{'bid': 611.64, 'ask': 611.83}","{'bid': 611.76, 'ask': 611.95}","{'bid': 611.53, 'ask': 611.69}",158,611.6,611.76,611.53,611.64
2025-02-19 00:45:00,2025-02-19T00:45:00,2025-02-19T00:45:00,"{'bid': 611.64, 'ask': 611.82}","{'bid': 611.84, 'ask': 612.0}","{'bid': 611.88, 'ask': 612.25}","{'bid': 611.63, 'ask': 611.8}",219,611.64,611.88,611.63,611.84
2025-02-19 09:00:00,2025-02-19T09:00:00,2025-02-19T09:00:00,"{'bid': 611.68, 'ask': 611.88}","{'bid': 611.67, 'ask': 611.81}","{'bid': 611.85, 'ask': 612.25}","{'bid': 611.51, 'ask': 611.67}",292,611.68,611.85,611.51,611.67
2025-02-19 09:15:00,2025-02-19T09:15:00,2025-02-19T09:15:00,"{'bid': 611.68, 'ask': 611.82}","{'bid': 611.83, 'ask': 611.98}","{'bid': 611.9, 'ask': 612.25}","{'bid': 611.64, 'ask': 611.82}",309,611.68,611.9,611.64,611.83
2025-02-19 09:30:00,2025-02-19T09:30:00,2025-02-19T09:30:00,"{'bid': 611.83, 'ask': 611.97}","{'bid': 611.72, 'ask': 611.86}","{'bid': 611.9, 'ask': 612.03}","{'bid': 611.62, 'ask': 611.82}",200,611.83,611.9,611.62,611.72
2025-02-19 09:45:00,2025-02-19T09:45:00,2025-02-19T09:45:00,"{'bid': 611.7, 'ask': 611.84}","{'bid': 611.51, 'ask': 611.65}","{'bid': 611.7, 'ask': 611.85}","{'bid': 611.38, 'ask': 611.55}",165,611.7,611.7,611.38,611.51
2025-02-19 10:00:00,2025-02-19T10:00:00,2025-02-19T10:00:00,"{'bid': 611.52, 'ask': 611.67}","{'bid': 611.37, 'ask': 611.53}","{'bid': 611.56, 'ask': 611.72}","{'bid': 611.31, 'ask': 611.44}",202,611.52,611.56,611.31,611.37
2025-02-19 10:15:00,2025-02-19T10:15:00,2025-02-19T10:15:00,"{'bid': 611.36, 'ask': 611.53}","{'bid': 610.77, 'ask': 610.94}","{'bid': 611.36, 'ask': 611.53}","{'bid': 610.55, 'ask': 610.93}",270,611.36,611.36,610.55,610.77
2025-02-19 10:30:00,2025-02-19T10:30:00,2025-02-19T10:30:00,"{'bid': 610.77, 'ask': 610.93}","{'bid': 610.51, 'ask': 610.67}","{'bid': 610.87, 'ask': 611.03}","{'bid': 610.37, 'ask': 610.66}",484,610.77,610.87,610.37,610.51
2025-02-19 10:45:00,2025-02-19T10:45:00,2025-02-19T10:45:00,"{'bid': 610.47, 'ask': 610.65}","{'bid': 610.66, 'ask': 610.83}","{'bid': 610.73, 'ask': 610.92}","{'bid': 610.47, 'ask': 610.62}",336,610.47,610.73,610.47,610.66
2025-02-19 11:00:00,2025-02-19T11:00:00,2025-02-19T11:00:00,"{'bid': 610.67, 'ask': 610.83}","{'bid': 610.61, 'ask': 610.77}","{'bid': 610.7, 'ask': 610.9}","{'bid': 610.15, 'ask': 610.64}",369,610.67,610.7,610.15,610.61
2025-02-19 11:15:00,2025-02-19T11:15:00,2025-02-19T11:15:00,"{'bid': 610.61, 'ask': 610.76}","{'bid': 610.41, 'ask': 610.56}","{'bid': 610.69, 'ask': 610.89}","{'bid': 609.96, 'ask': 610.48}",333,610.61,610.69,609.96,610.41
2025-02-19 11:30:00,2025-02-19T11:30:00,2025-02-19T11:30:00,"{'bid': 610.42, 'ask': 610.56}","{'bid': 610.21, 'ask': 610.39}","{'bid': 610.52, 'ask': 610.69}","{'bid': 609.95, 'ask': 610.38}",404,610.42,610.52,609.95,610.21
2025-02-19 11:45:00,2025-02-19T11:45:00,2025-02-19T11:45:00,"{'bid': 610.21, 'ask': 610.4}","{'bid': 610.45, 'ask': 610.59}","{'bid': 610.47, 'ask': 610.65}","{'bid': 609.75, 'ask': 610.25}",464,610.21,610.47,609.75,610.45
2025-02-19 12:00:00,2025-02-19T12:00:00,2025-02-19T12:00:00,"{'bid': 610.33, 'ask': 610.59}","{'bid': 610.9, 'ask': 611.05}","{'bid': 611.06, 'ask': 611.31}","{'bid': 610.15, 'ask': 610.55}",849,610.33,611.06,610.15,610.9
2025-02-19 12:15:00,2025-02-19T12:15:00,2025-02-19T12:15:00,"{'bid': 610.9, 'ask': 611.04}","{'bid': 610.96, 'ask': 611.09}","{'bid': 610.97, 'ask': 611.13}","{'bid': 610.62, 'ask': 610.92}",311,610.9,610.97,610.62,610.96
2025-02-19 12:30:00,2025-02-19T12:30:00,2025-02-19T12:30:00,"{'bid': 610.92, 'ask': 611.07}","{'bid': 610.86, 'ask': 611.01}","{'bid': 610.94, 'ask': 611.11}","{'bid': 610.72, 'ask': 610.88}",397,610.92,610.94,610.72,610.86
2025-02-19 12:45:00,2025-02-19T12:45:00,2025-02-19T12:45:00,"{'bid': 610.88, 'ask': 611.04}","{'bid': 610.65, 'ask': 610.79}","{'bid': 611.14, 'ask': 611.28}","{'bid': 610.62, 'ask': 610.78}",581,610.88,611.14,610.62,610.65
2025-02-19 13:00:00,2025-02-19T13:00:00,2025-02-19T13:00:00,"{'bid': 610.65, 'ask': 610.8}","{'bid': 610.67, 'ask': 610.8}","{'bid': 610.96, 'ask': 611.1}","{'bid': 610.35, 'ask': 610.62}",876,610.65,610.96,610.35,610.67
2025-02-19 13:15:00,2025-02-19T13:15:00,2025-02-19T13:15:00,"{'bid': 610.67, 'ask': 610.81}","{'bid': 610.09, 'ask': 610.31}","{'bid': 610.68, 'ask': 610.83}","{'bid': 609.79, 'ask': 609.93}",921,610.67,610.68,609.79,610.09
2025-02-19 13:30:00,2025-02-19T13:30:00,2025-02-19T13:30:00,"{'bid': 610.13, 'ask': 610.32}","{'bid': 609.97, 'ask': 610.11}","{'bid': 610.17, 'ask': 610.48}","{'bid': 609.74, 'ask': 609.9}",996,610.13,610.17,609.74,609.97
2025-02-19 13:45:00,2025-02-19T13:45:00,2025-02-19T13:45:00,"{'bid': 609.96, 'ask': 610.11}","{'bid': 610.09, 'ask': 610.22}","{'bid': 610.19, 'ask': 610.48}","{'bid': 609.91, 'ask': 610.1}",646,609.96,610.19,609.91,610.09
2025-02-19 14:00:00,2025-02-19T14:00:00,2025-02-19T14:00:00,"{'bid': 610.09, 'ask': 610.21}","{'bid': 610.09, 'ask': 610.25}","{'bid': 610.41, 'ask': 610.59}","{'bid': 609.85, 'ask': 610.0}",825,610.09,610.41,609.85,610.09
2025-02-19 14:15:00,2025-02-19T14:15:00,2025-02-19T14:15:00,"{'bid': 610.06, 'ask': 610.23}","{'bid': 609.98, 'ask': 610.13}","{'bid': 610.1, 'ask': 610.45}","{'bid': 609.46, 'ask': 609.77}",1043,610.06,610.1,609.46,609.98
2025-02-19 14:30:00,2025-02-19T14:30:00,2025-02-19T14:30:00,"{'bid': 609.99, 'ask': 610.13}","{'bid': 609.97, 'ask': 610.09}","{'bid': 610.21, 'ask': 610.33}","{'bid': 609.69, 'ask': 609.81}",3482,609.99,610.21,609.69,609.97
2025-02-19 14:45:00,2025-02-19T14:45:00,2025-02-19T14:45:00,"{'bid': 609.97, 'ask': 610.1}","{'bid': 609.84, 'ask': 609.97}","{'bid': 610.17, 'ask': 610.29}","{'bid': 609.62, 'ask': 609.75}",2556,609.97,610.17,609.62,609.84
2025-02-19 15:00:00,2025-02-19T15:00:00,2025-02-19T15:00:00,"{'bid': 609.87, 'ask': 610.0}","{'bid': 609.63, 'ask': 609.75}","{'bid': 610.18, 'ask': 610.31}","{'bid': 609.5, 'ask': 609.62}",3124,609.87,610.18,609.5,609.63
2025-02-19 15:15:00,2025-02-19T15:15:00,2025-02-19T15:15:00,"{'bid': 609.64, 'ask': 609.76}","{'bid': 610.0, 'ask': 610.12}","{'bid': 610.12, 'ask': 610.24}","{'bid': 609.54, 'ask': 609.66}",2350,609.64,610.12,609.54,610.0
2025-02-19 15:30:00,2025-02-19T15:30:00,2025-02-19T15:30:00,"{'bid': 609.99, 'ask': 610.12}","{'bid': 610.46, 'ask': 610.59}","{'bid': 610.8, 'ask': 610.93}","{'bid': 609.96, 'ask': 610.08}",2421,609.99,610.8,609.96,610.46
2025-02-19 15:45:00,2025-02-19T15:45:00,2025-02-19T15:45:00,"{'bid': 610.47, 'ask': 610.6}","{'bid': 610.07, 'ask': 610.2}","{'bid': 610.58, 'ask': 610.71}","{'bid': 609.75, 'ask': 609.88}",1953,610.47,610.58,609.75,610.07
2025-02-19 16:00:00,2025-02-19T16:00:00,2025-02-19T16:00:00,"{'bid': 610.08, 'ask': 610.2}","{'bid': 611.15, 'ask': 611.28}","{'bid': 611.2, 'ask': 611.32}","{'bid': 610.07, 'ask': 610.2}",2062,610.08,611.2,610.07,611.15
2025-02-19 16:15:00,2025-02-19T16:15:00,2025-02-19T16:15:00,"{'bid': 611.16, 'ask': 611.28}","{'bid': 611.11, 'ask': 611.24}","{'bid': 611.2, 'ask': 611.32}","{'bid': 610.89, 'ask': 611.02}",1615,611.16,611.2,610.89,611.11
2025-02-19 16:30:00,2025-02-19T16:30:00,2025-02-19T16:30:00,"{'bid': 611.11, 'ask': 611.23}","{'bid': 611.61, 'ask': 611.73}","{'bid': 611.62, 'ask': 611.74}","{'bid': 610.92, 'ask': 611.05}",1337,611.11,611.62,610.92,611.61
2025-02-19 16:45:00,2025-02-19T16:45:00,2025-02-19T16:45:00,"{'bid': 611.61, 'ask': 611.74}","{'bid': 611.63, 'ask': 611.75}","{'bid': 611.71, 'ask': 611.83}","{'bid': 611.39, 'ask': 611.52}",1209,611.61,611.71,611.39,611.63
2025-02-19 17:00:00,2025-02-19T17:00:00,2025-02-19T17:00:00,"{'bid': 611.62, 'ask': 611.75}","{'bid': 611.53, 'ask': 611.66}","{'bid': 611.9, 'ask': 612.03}","{'bid': 611.36, 'ask': 611.49}",1137,611.62,611.9,611.36,611.53
2025-02-19 17:15:00,2025-02-19T17:15:00,2025-02-19T17:15:00,"{'bid': 611.52, 'ask': 611.65}","{'bid': 610.99, 'ask': 611.11}","{'bid': 611.55, 'ask': 611.68}","{'bid': 610.95, 'ask': 611.07}",1362,611.52,611.55,610.95,610.99
2025-02-19 17:30:00,2025-02-19T17:30:00,2025-02-19T17:30:00,"{'bid': 611.0, 'ask': 611.13}","{'bid': 611.21, 'ask': 611.34}","{'bid': 611.29, 'ask': 611.41}","{'bid': 610.8, 'ask': 610.93}",1412,611.0,611.29,610.8,611.21
2025-02-19 17:45:00,2025-02-19T17:45:00,2025-02-19T17:45:00,"{'bid': 611.23, 'ask': 611.35}","{'bid': 611.5, 'ask': 611.62}","{'bid': 611.76, 'ask': 611.88}","{'bid': 611.13, 'ask': 611.25}",1016,611.23,611.76,611.13,611.5
2025-02-19 18:00:00,2025-02-19T18:00:00,2025-02-19T18:00:00,"{'bid': 611.5, 'ask': 611.63}","{'bid': 610.88, 'ask': 611.01}","{'bid': 611.53, 'ask': 611.66}","{'bid': 610.59, 'ask': 610.71}",1313,611.5,611.53,610.59,610.88
2025-02-19 18:15:00,2025-02-19T18:15:00,2025-02-19T18:15:00,"{'bid': 610.87, 'ask': 610.99}","{'bid': 611.6, 'ask': 611.73}","{'bid': 611.64, 'ask': 611.76}","{'bid': 610.86, 'ask': 610.98}",1104,610.87,611.64,610.86,611.6
2025-02-19 18:30:00,2025-02-19T18:30:00,2025-02-19T18:30:00,"{'bid': 611.6, 'ask': 611.72}","{'bid': 611.79, 'ask': 611.92}","{'bid': 611.98, 'ask': 612.1}","{'bid': 611.6, 'ask': 611.72}",1283,611.6,611.98,611.6,611.79
2025-02-19 18:45:00,2025-02-19T18:45:00,2025-02-19T18:45:00,"{'bid': 611.8, 'ask': 611.92}","{'bid': 611.44, 'ask': 611.57}","{'bid': 611.87, 'ask': 611.99}","{'bid': 611.42, 'ask': 611.54}",1048,611.8,611.87,611.42,611.44
2025-02-19 19:00:00,2025-02-19T19:00:00,2025-02-19T19:00:00,"{'bid': 611.46, 'ask': 611.59}","{'bid': 612.51, 'ask': 612.64}","{'bid': 612.52, 'ask': 612.64}","{'bid': 611.33, 'ask': 611.46}",1552,611.46,612.52,611.33,612.51
2025-02-19 19:15:00,2025-02-19T19:15:00,2025-02-19T19:15:00,"{'bid': 612.5, 'ask': 612.62}","{'bid': 612.76, 'ask': 612.89}","{'bid': 613.02, 'ask': 613.14}","{'bid': 612.49, 'ask': 612.62}",2181,612.5,613.02,612.49,612.76
2025-02-19 19:30:00,2025-02-19T19:30:00,2025-02-19T19:30:00,"{'bid': 612.74, 'ask': 612.87}","{'bid': 612.77, 'ask': 612.9}","{'bid': 612.94, 'ask': 613.06}","{'bid': 612.56, 'ask': 612.69}",1281,612.74,612.94,612.56,612.77
2025-02-19 19:45:00,2025-02-19T19:45:00,2025-02-19T19:45:00,"{'bid': 612.77, 'ask': 612.89}","{'bid': 613.03, 'ask': 613.15}","{'bid': 613.15, 'ask': 613.28}","{'bid': 612.6, 'ask': 612.73}",1175,612.77,613.15,612.6,613.03
2025-02-19 20:00:00,2025-02-19T20:00:00,2025-02-19T20:00:00,"{'bid': 613.02, 'ask': 613.15}","{'bid': 612.58, 'ask': 612.7}","{'bid': 613.04, 'ask': 613.16}","{'bid': 612.38, 'ask': 612.5}",1510,613.02,613.04,612.38,612.58
2025-02-19 20:15:00,2025-02-19T20:15:00,2025-02-19T20:15:00,"{'bid': 612.56, 'ask': 612.69}","{'bid': 612.03, 'ask': 612.15}","{'bid': 612.9, 'ask': 613.03}","{'bid': 611.75, 'ask': 611.87}",2093,612.56,612.9,611.75,612.03
2025-02-19 20:30:00,2025-02-19T20:30:00,2025-02-19T20:30:00,"{'bid': 612.04, 'ask': 612.16}","{'bid': 612.26, 'ask': 612.39}","{'bid': 612.72, 'ask': 612.85}","{'bid': 612.0, 'ask': 612.12}",2749,612.04,612.72,612.0,612.26
2025-02-19 20:45:00,2025-02-19T20:45:00,2025-02-19T20:45:00,"{'bid': 612.28, 'ask': 612.4}","{'bid': 612.87, 'ask': 613.0}","{'bid': 612.99, 'ask': 613.11}","{'bid': 612.12, 'ask': 612.25}",2819,612.28,612.99,612.12,612.87
2025-02-19 21:00:00,2025-02-19T21:00:00,2025-02-19T21:00:00,"{'bid': 612.86, 'ask': 612.98}","{'bid': 611.94, 'ask': 612.07}","{'bid': 612.86, 'ask': 612.98}","{'bid': 611.8, 'ask': 611.94}",1237,612.86,612.86,611.8,611.94
2025-02-19 21:15:00,2025-02-19T21:15:00,2025-02-19T21:15:00,"{'bid': 611.95, 'ask': 612.08}","{'bid': 611.97, 'ask': 612.12}","{'bid': 612.09, 'ask': 612.24}","{'bid': 611.93, 'ask': 612.07}",222,611.95,612.09,611.93,611.97
2025-02-19 21:30:00,2025-02-19T21:30:00,2025-02-19T21:30:00,"{'bid': 611.97, 'ask': 612.11}","{'bid': 612.0, 'ask': 612.14}","{'bid': 612.05, 'ask': 612.19}","{'bid': 611.91, 'ask': 612.04}",218,611.97,612.05,611.91,612.0
2025-02-19 21:45:00,2025-02-19T21:45:00,2025-02-19T21:45:00,"{'bid': 612.0, 'ask': 612.15}","{'bid': 612.02, 'ask': 612.16}","{'bid': 612.08, 'ask': 612.24}","{'bid': 611.92, 'ask': 612.06}",216,612.0,612.08,611.92,612.02
2025-02-19 22:00:00,2025-02-19T22:00:00,2025-02-19T22:00:00,"{'bid': 612.02, 'ask': 612.18}","{'bid': 612.08, 'ask': 612.22}","{'bid': 612.08, 'ask': 612.25}","{'bid': 611.95, 'ask': 612.09}",19,612.02,612.08,611.95,612.08
2025-02-19 22:15:00,2025-02-19T22:15:00,2025-02-19T22:15:00,"{'bid': 612.07, 'ask': 612.2}","{'bid': 612.08, 'ask': 612.2}","{'bid': 612.08, 'ask': 612.25}","{'bid': 612.05, 'ask': 612.2}",9,612.07,612.08,612.05,612.08
2025-02-19 22:30:00,2025-02-19T22:30:00,2025-02-19T22:30:00,"{'bid': 612.08, 'ask': 612.23}","{'bid': 612.08, 'ask': 612.22}","{'bid': 612.1, 'ask': 612.24}","{'bid': 612.05, 'ask': 612.21}",12,612.08,612.1,612.05,612.08
2025-02-19 22:45:00,2025-02-19T22:45:00,2025-02-19T22:45:00,"{'bid': 612.05, 'ask': 612.22}","{'bid': 612.05, 'ask': 612.24}","{'bid': 612.06, 'ask': 612.24}","{'bid': 612.0, 'ask': 612.17}",20,612.05,612.06,612.0,612.05
2025-02-19 23:00:00,2025-02-19T23:00:00,2025-02-19T23:00:00,"{'bid': 612.0, 'ask': 612.19}","{'bid': 612.21, 'ask': 612.38}","{'bid': 612.29, 'ask': 612.47}","{'bid': 611.55, 'ask': 612.12}",275,612.0,612.29,611.55,612.21
2025-02-19 23:15:00,2025-02-19T23:15:00,2025-02-19T23:15:00,"{'bid': 612.18, 'ask': 612.38}","{'bid': 612.0, 'ask': 612.18}","{'bid': 612.29, 'ask': 612.42}","{'bid': 611.95, 'ask': 612.15}",198,612.18,612.29,611.95,612.0
2025-02-19 23:30:00,2025-02-19T23:30:00,2025-02-19T23:30:00,"{'bid': 612.01, 'ask': 612.18}","{'bid': 611.96, 'ask': 612.14}","{'bid': 612.15, 'ask': 612.34}","{'bid': 611.95, 'ask': 612.12}",142,612.01,612.15,611.95,611.96
2025-02-19 23:45:00,2025-02-19T23:45:00,2025-02-19T23:45:00,"{'bid': 611.97, 'ask': 612.14}","{'bid': 612.04, 'ask': 612.21}","{'bid': 612.07, 'ask': 612.22}","{'bid': 611.79, 'ask': 611.96}",143,611.97,612.07,611.79,612.04
2025-02-20 00:00:00,2025-02-20T00:00:00,2025-02-20T00:00:00,"{'bid': 611.99, 'ask': 612.17}","{'bid': 611.98, 'ask': 612.15}","{'bid': 612.07, 'ask': 612.45}","{'bid': 611.77, 'ask': 611.97}",202,611.99,612.07,611.77,611.98
2025-02-20 00:15:00,2025-02-20T00:15:00,2025-02-20T00:15:00,"{'bid': 611.98, 'ask': 612.14}","{'bid': 611.8, 'ask': 611.97}","{'bid': 611.98, 'ask': 612.14}","{'bid': 611.68, 'ask': 611.89}",158,611.98,611.98,611.68,611.8
2025-02-20 00:30:00,2025-02-20T00:30:00,2025-02-20T00:30:00,"{'bid': 611.83, 'ask': 612.0}","{'bid': 611.92, 'ask': 612.1}","{'bid': 611.99, 'ask': 612.17}","{'bid': 611.69, 'ask': 611.87}",142,611.83,611.99,611.69,611.92
2025-02-20 00:45:00,2025-02-20T00:45:00,2025-02-20T00:45:00,"{'bid': 611.95, 'ask': 612.1}","{'bid': 612.25, 'ask': 612.41}","{'bid': 612.25, 'ask': 612.42}","{'bid': 611.89, 'ask': 612.07}",115,611.95,612.25,611.89,612.25
2025-02-20 09:00:00,2025-02-20T09:00:00,2025-02-20T09:00:00,"{'bid': 611.45, 'ask': 611.59}","{'bid': 611.53, 'ask': 611.68}","{'bid': 611.58, 'ask': 612.05}","{'bid': 611.15, 'ask': 611.52}",303,611.45,611.58,611.15,611.53
2025-02-20 09:15:00,2025-02-20T09:15:00,2025-02-20T09:15:00,"{'bid': 611.55, 'ask': 611.68}","{'bid': 611.63, 'ask': 611.84}","{'bid': 611.68, 'ask': 612.05}","{'bid': 611.15, 'ask': 611.67}",212,611.55,611.68,611.15,611.63
2025-02-20 09:30:00,2025-02-20T09:30:00,2025-02-20T09:30:00,"{'bid': 611.63, 'ask': 611.83}","{'bid': 611.56, 'ask': 611.71}","{'bid': 611.64, 'ask': 612.05}","{'bid': 611.15, 'ask': 611.66}",226,611.63,611.64,611.15,611.56
2025-02-20 09:45:00,2025-02-20T09:45:00,2025-02-20T09:45:00,"{'bid': 611.57, 'ask': 611.71}","{'bid': 611.84, 'ask': 612.01}","{'bid': 611.92, 'ask': 612.06}","{'bid': 611.55, 'ask': 611.69}",252,611.57,611.92,611.55,611.84
2025-02-20 10:00:00,2025-02-20T10:00:00,2025-02-20T10:00:00,"{'bid': 611.86, 'ask': 612.05}","{'bid': 611.89, 'ask': 612.05}","{'bid': 612.09, 'ask': 612.45}","{'bid': 611.75, 'ask': 611.98}",236,611.86,612.09,611.75,611.89
2025-02-20 10:15:00,2025-02-20T10:15:00,2025-02-20T10:15:00,"{'bid': 611.89, 'ask': 612.08}","{'bid': 611.98, 'ask': 612.13}","{'bid': 612.02, 'ask': 612.21}","{'bid': 611.84, 'ask': 612.0}",169,611.89,612.02,611.84,611.98
2025-02-20 10:30:00,2025-02-20T10:30:00,2025-02-20T10:30:00,"{'bid': 611.97, 'ask': 612.11}","{'bid': 611.99, 'ask': 612.15}","{'bid': 612.0, 'ask': 612.17}","{'bid': 611.92, 'ask': 612.09}",145,611.97,612.0,611.92,611.99
2025-02-20 10:45:00,2025-02-20T10:45:00,2025-02-20T10:45:00,"{'bid': 612.0, 'ask': 612.18}","{'bid': 611.75, 'ask': 611.95}","{'bid': 612.03, 'ask': 612.2}","{'bid': 611.75, 'ask': 611.95}",140,612.0,612.03,611.75,611.75
2025-02-20 11:00:00,2025-02-20T11:00:00,2025-02-20T11:00:00,"{'bid': 611.65, 'ask': 611.97}","{'bid': 611.69, 'ask': 611.85}","{'bid': 611.84, 'ask': 612.25}","{'bid': 611.36, 'ask': 611.8}",279,611.65,611.84,611.36,611.69
2025-02-20 11:15:00,2025-02-20T11:15:00,2025-02-20T11:15:00,"{'bid': 611.7, 'ask': 611.85}","{'bid': 611.49, 'ask': 611.63}","{'bid': 611.71, 'ask': 611.89}","{'bid': 611.15, 'ask': 611.6}",229,611.7,611.71,611.15,611.49
2025-02-20 11:30:00,2025-02-20T11:30:00,2025-02-20T11:30:00,"{'bid': 611.48, 'ask': 611.62}","{'bid': 611.32, 'ask': 611.48}","{'bid': 611.52, 'ask': 611.68}","{'bid': 610.75, 'ask': 611.24}",327,611.48,611.52,610.75,611.32
2025-02-20 11:45:00,2025-02-20T11:45:00,2025-02-20T11:45:00,"{'bid': 611.32, 'ask': 611.47}","{'bid': 611.03, 'ask': 611.2}","{'bid': 611.67, 'ask': 611.84}","{'bid': 610.83, 'ask': 611.1}",466,611.32,611.67,610.83,611.03
2025-02-20 12:00:00,2025-02-20T12:00:00,2025-02-20T12:00:00,"{'bid': 611.03, 'ask': 611.24}","{'bid': 610.99, 'ask': 611.2}","{'bid': 611.41, 'ask': 611.85}","{'bid': 610.72, 'ask': 610.9}",661,611.03,611.41,610.72,610.99
2025-02-20 12:15:00,2025-02-20T12:15:00,2025-02-20T12:15:00,"{'bid': 611.0, 'ask': 611.18}","{'bid': 611.03, 'ask': 611.15}","{'bid': 611.11, 'ask': 611.54}","{'bid': 610.75, 'ask': 611.08}",544,611.0,611.11,610.75,611.03
2025-02-20 12:30:00,2025-02-20T12:30:00,2025-02-20T12:30:00,"{'bid': 611.03, 'ask': 611.17}","{'bid': 611.41, 'ask': 611.55}","{'bid': 611.49, 'ask': 611.85}","{'bid': 610.95, 'ask': 611.15}",455,611.03,611.49,610.95,611.41
2025-02-20 12:45:00,2025-02-20T12:45:00,2025-02-20T12:45:00,"{'bid': 611.4, 'ask': 611.55}","{'bid': 611.41, 'ask': 611.56}","{'bid': 611.47, 'ask': 611.64}","{'bid': 610.95, 'ask': 611.33}",488,611.4,611.47,610.95,611.41
2025-02-20 13:00:00,2025-02-20T13:00:00,2025-02-20T13:00:00,"{'bid': 611.43, 'ask': 611.58}","{'bid': 611.17, 'ask': 611.31}","{'bid': 611.49, 'ask': 611.67}","{'bid': 611.06, 'ask': 611.2}",598,611.43,611.49,611.06,611.17
2025-02-20 13:15:00,2025-02-20T13:15:00,2025-02-20T13:15:00,"{'bid': 611.17, 'ask': 611.3}","{'bid': 611.06, 'ask': 611.45}","{'bid': 611.22, 'ask': 611.45}","{'bid': 611.06, 'ask': 611.2}",619,611.17,611.22,611.06,611.06
2025-02-20 13:30:00,2025-02-20T13:30:00,2025-02-20T13:30:00,"{'bid': 611.06, 'ask': 611.37}","{'bid': 611.35, 'ask': 611.5}","{'bid': 611.36, 'ask': 611.51}","{'bid': 610.98, 'ask': 611.14}",802,611.06,611.36,610.98,611.35
2025-02-20 13:45:00,2025-02-20T13:45:00,2025-02-20T13:45:00,"{'bid': 611.3, 'ask': 611.47}","{'bid': 611.27, 'ask': 611.41}","{'bid': 611.45, 'ask': 611.85}","{'bid': 611.03, 'ask': 611.16}",600,611.3,611.45,611.03,611.27
2025-02-20 14:00:00,2025-02-20T14:00:00,2025-02-20T14:00:00,"{'bid': 611.25, 'ask': 611.39}","{'bid': 611.55, 'ask': 611.69}","{'bid': 611.67, 'ask': 612.05}","{'bid': 611.25, 'ask': 611.39}",820,611.25,611.67,611.25,611.55
2025-02-20 14:15:00,2025-02-20T14:15:00,2025-02-20T14:15:00,"{'bid': 611.53, 'ask': 611.68}","{'bid': 611.5, 'ask': 611.63}","{'bid': 611.66, 'ask': 612.05}","{'bid': 611.23, 'ask': 611.41}",834,611.53,611.66,611.23,611.5
2025-02-20 14:30:00,2025-02-20T14:30:00,2025-02-20T14:30:00,"{'bid': 611.46, 'ask': 611.61}","{'bid': 610.51, 'ask': 610.64}","{'bid': 611.62, 'ask': 611.74}","{'bid': 610.51, 'ask': 610.64}",3055,611.46,611.62,610.51,610.51
2025-02-20 14:45:00,2025-02-20T14:45:00,2025-02-20T14:45:00,"{'bid': 610.48, 'ask': 610.62}","{'bid': 608.33, 'ask': 608.45}","{'bid': 610.58, 'ask': 610.7}","{'bid': 608.27, 'ask': 608.39}",4325,610.48,610.58,608.27,608.33
2025-02-20 15:00:00,2025-02-20T15:00:00,2025-02-20T15:00:00,"{'bid': 608.33, 'ask': 608.46}","{'bid': 608.36, 'ask': 608.48}","{'bid': 608.76, 'ask': 608.89}","{'bid': 606.96, 'ask': 607.09}",5573,608.33,608.76,606.96,608.36
2025-02-20 15:15:00,2025-02-20T15:15:00,2025-02-20T15:15:00,"{'bid': 608.37, 'ask': 608.49}","{'bid': 609.06, 'ask': 609.19}","{'bid': 609.31, 'ask': 609.43}","{'bid': 608.37, 'ask': 608.49}",4197,608.37,609.31,608.37,609.06
2025-02-20 15:30:00,2025-02-20T15:30:00,2025-02-20T15:30:00,"{'bid': 609.05, 'ask': 609.17}","{'bid': 608.45, 'ask': 608.58}","{'bid': 609.45, 'ask': 609.57}","{'bid': 608.27, 'ask': 608.4}",3613,609.05,609.45,608.27,608.45
2025-02-20 15:45:00,2025-02-20T15:45:00,2025-02-20T15:45:00,"{'bid': 608.44, 'ask': 608.56}","{'bid': 607.29, 'ask': 607.41}","{'bid': 608.54, 'ask': 608.67}","{'bid': 607.02, 'ask': 607.15}",3804,608.44,608.54,607.02,607.29
2025-02-20 16:00:00,2025-02-20T16:00:00,2025-02-20T16:00:00,"{'bid': 607.27, 'ask': 607.4}","{'bid': 608.11, 'ask': 608.23}","{'bid': 608.39, 'ask': 608.51}","{'bid': 607.17, 'ask': 607.3}",3519,607.27,608.39,607.17,608.11
2025-02-20 16:15:00,2025-02-20T16:15:00,2025-02-20T16:15:00,"{'bid': 608.13, 'ask': 608.25}","{'bid': 608.19, 'ask': 608.31}","{'bid': 608.26, 'ask': 608.38}","{'bid': 607.46, 'ask': 607.58}",3020,608.13,608.26,607.46,608.19
2025-02-20 16:30:00,2025-02-20T16:30:00,2025-02-20T16:30:00,"{'bid': 608.19, 'ask': 608.32}","{'bid': 607.92, 'ask': 608.05}","{'bid': 608.35, 'ask': 608.48}","{'bid': 607.04, 'ask': 607.17}",2773,608.19,608.35,607.04,607.92
2025-02-20 16:45:00,2025-02-20T16:45:00,2025-02-20T16:45:00,"{'bid': 607.93, 'ask': 608.05}","{'bid': 607.4, 'ask': 607.52}","{'bid': 607.99, 'ask': 608.11}","{'bid': 607.37, 'ask': 607.5}",2405,607.93,607.99,607.37,607.4
2025-02-20 17:00:00,2025-02-20T17:00:00,2025-02-20T17:00:00,"{'bid': 607.39, 'ask': 607.52}","{'bid': 608.55, 'ask': 608.68}","{'bid': 608.59, 'ask': 608.72}","{'bid': 607.22, 'ask': 607.34}",2372,607.39,608.59,607.22,608.55
2025-02-20 17:15:00,2025-02-20T17:15:00,2025-02-20T17:15:00,"{'bid': 608.54, 'ask': 608.66}","{'bid': 608.72, 'ask': 608.85}","{'bid': 608.87, 'ask': 608.99}","{'bid': 608.41, 'ask': 608.54}",1757,608.54,608.87,608.41,608.72
2025-02-20 17:30:00,2025-02-20T17:30:00,2025-02-20T17:30:00,"{'bid': 608.73, 'ask': 608.86}","{'bid': 608.95, 'ask': 609.08}","{'bid': 609.03, 'ask': 609.15}","{'bid': 608.56, 'ask': 608.68}",1549,608.73,609.03,608.56,608.95
2025-02-20 17:45:00,2025-02-20T17:45:00,2025-02-20T17:45:00,"{'bid': 608.94, 'ask': 609.08}","{'bid': 607.97, 'ask': 608.09}","{'bid': 608.96, 'ask': 609.09}","{'bid': 607.96, 'ask': 608.09}",1804,608.94,608.96,607.96,607.97
2025-02-20 18:00:00,2025-02-20T18:00:00,2025-02-20T18:00:00,"{'bid': 607.95, 'ask': 608.08}","{'bid': 608.39, 'ask': 608.52}","{'bid': 608.42, 'ask': 608.54}","{'bid': 607.7, 'ask': 607.82}",2094,607.95,608.42,607.7,608.39
2025-02-20 18:15:00,2025-02-20T18:15:00,2025-02-20T18:15:00,"{'bid': 608.4, 'ask': 608.52}","{'bid': 607.89, 'ask': 608.01}","{'bid': 608.43, 'ask': 608.56}","{'bid': 607.59, 'ask': 607.72}",2052,608.4,608.43,607.59,607.89
2025-02-20 18:30:00,2025-02-20T18:30:00,2025-02-20T18:30:00,"{'bid': 607.88, 'ask': 608.01}","{'bid': 608.53, 'ask': 608.66}","{'bid': 608.54, 'ask': 608.67}","{'bid': 607.75, 'ask': 607.88}",1528,607.88,608.54,607.75,608.53
2025-02-20 18:45:00,2025-02-20T18:45:00,2025-02-20T18:45:00,"{'bid': 608.52, 'ask': 608.65}","{'bid': 608.55, 'ask': 608.68}","{'bid': 608.71, 'ask': 608.83}","{'bid': 608.09, 'ask': 608.22}",1608,608.52,608.71,608.09,608.55
2025-02-20 19:00:00,2025-02-20T19:00:00,2025-02-20T19:00:00,"{'bid': 608.53, 'ask': 608.66}","{'bid': 609.19, 'ask': 609.31}","{'bid': 609.36, 'ask': 609.49}","{'bid': 608.44, 'ask': 608.57}",1764,608.53,609.36,608.44,609.19
2025-02-20 19:15:00,2025-02-20T19:15:00,2025-02-20T19:15:00,"{'bid': 609.19, 'ask': 609.32}","{'bid': 609.11, 'ask': 609.24}","{'bid': 609.42, 'ask': 609.55}","{'bid': 609.0, 'ask': 609.13}",1538,609.19,609.42,609.0,609.11
2025-02-20 19:30:00,2025-02-20T19:30:00,2025-02-20T19:30:00,"{'bid': 609.1, 'ask': 609.22}","{'bid': 609.08, 'ask': 609.2}","{'bid': 609.18, 'ask': 609.3}","{'bid': 608.65, 'ask': 608.78}",1838,609.1,609.18,608.65,609.08
2025-02-20 19:45:00,2025-02-20T19:45:00,2025-02-20T19:45:00,"{'bid': 609.08, 'ask': 609.21}","{'bid': 609.79, 'ask': 609.91}","{'bid': 610.04, 'ask': 610.16}","{'bid': 609.02, 'ask': 609.14}",2126,609.08,610.04,609.02,609.79
2025-02-20 20:00:00,2025-02-20T20:00:00,2025-02-20T20:00:00,"{'bid': 609.79, 'ask': 609.92}","{'bid': 609.55, 'ask': 609.68}","{'bid': 609.89, 'ask': 610.02}","{'bid': 609.38, 'ask': 609.51}",1830,609.79,609.89,609.38,609.55
2025-02-20 20:15:00,2025-02-20T20:15:00,2025-02-20T20:15:00,"{'bid': 609.57, 'ask': 609.69}","{'bid': 609.78, 'ask': 609.9}","{'bid': 610.03, 'ask': 610.16}","{'bid': 609.21, 'ask': 609.33}",1837,609.57,610.03,609.21,609.78
2025-02-20 20:30:00,2025-02-20T20:30:00,2025-02-20T20:30:00,"{'bid': 609.77, 'ask': 609.89}","{'bid': 609.85, 'ask': 609.97}","{'bid': 609.92, 'ask': 610.05}","{'bid': 609.4, 'ask': 609.52}",1573,609.77,609.92,609.4,609.85
2025-02-20 20:45:00,2025-02-20T20:45:00,2025-02-20T20:45:00,"{'bid': 609.85, 'ask': 609.98}","{'bid': 610.33, 'ask': 610.46}","{'bid': 610.64, 'ask': 610.79}","{'bid': 609.66, 'ask': 609.78}",3108,609.85,610.64,609.66,610.33
2025-02-20 21:00:00,2025-02-20T21:00:00,2025-02-20T21:00:00,"{'bid': 610.33, 'ask': 610.45}","{'bid': 609.7, 'ask': 609.84}","{'bid': 610.38, 'ask': 610.6}","{'bid': 609.7, 'ask': 609.84}",1422,610.33,610.38,609.7,609.7
2025-02-20 21:15:00,2025-02-20T21:15:00,2025-02-20T21:15:00,"{'bid': 609.67, 'ask': 609.81}","{'bid': 609.94, 'ask': 610.09}","{'bid': 609.97, 'ask': 610.15}","{'bid': 609.62, 'ask': 609.75}",374,609.67,609.97,609.62,609.94
2025-02-20 21:30:00,2025-02-20T21:30:00,2025-02-20T21:30:00,"{'bid': 609.93, 'ask': 610.09}","{'bid': 609.91, 'ask': 610.06}","{'bid': 610.02, 'ask': 610.15}","{'bid': 609.55, 'ask': 609.98}",192,609.93,610.02,609.55,609.91
2025-02-20 21:45:00,2025-02-20T21:45:00,2025-02-20T21:45:00,"{'bid': 609.92, 'ask': 610.06}","{'bid': 609.94, 'ask': 610.15}","{'bid': 609.97, 'ask': 610.15}","{'bid': 609.56, 'ask': 609.9}",245,609.92,609.97,609.56,609.94
2025-02-20 22:00:00,2025-02-20T22:00:00,2025-02-20T22:00:00,"{'bid': 609.94, 'ask': 610.12}","{'bid': 609.92, 'ask': 610.05}","{'bid': 609.95, 'ask': 610.12}","{'bid': 609.92, 'ask': 610.05}",10,609.94,609.95,609.92,609.92
2025-02-20 22:15:00,2025-02-20T22:15:00,2025-02-20T22:15:00,"{'bid': 609.92, 'ask': 610.04}","{'bid': 609.92, 'ask': 610.05}","{'bid': 609.93, 'ask': 610.06}","{'bid': 609.92, 'ask': 610.04}",4,609.92,609.93,609.92,609.92
2025-02-20 22:30:00,2025-02-20T22:30:00,2025-02-20T22:30:00,"{'bid': 609.92, 'ask': 610.04}","{'bid': 609.92, 'ask': 610.09}","{'bid': 609.93, 'ask': 610.09}","{'bid': 609.92, 'ask': 610.04}",5,609.92,609.93,609.92,609.92
2025-02-20 22:45:00,2025-02-20T22:45:00,2025-02-20T22:45:00,"{'bid': 609.92, 'ask': 610.07}","{'bid': 609.52, 'ask': 610.04}","{'bid': 609.92, 'ask': 610.09}","{'bid': 609.52, 'ask': 610.02}",17,609.92,609.92,609.52,609.52
2025-02-20 23:00:00,2025-02-20T23:00:00,2025-02-20T23:00:00,"{'bid': 609.52, 'ask': 610.0}","{'bid': 610.25, 'ask': 610.4}","{'bid': 610.31, 'ask': 610.49}","{'bid': 609.52, 'ask': 609.98}",257,609.52,610.31,609.52,610.25
2025-02-20 23:15:00,2025-02-20T23:15:00,2025-02-20T23:15:00,"{'bid': 610.26, 'ask': 610.4}","{'bid': 610.15, 'ask': 610.32}","{'bid': 610.3, 'ask': 610.49}","{'bid': 610.06, 'ask': 610.26}",135,610.26,610.3,610.06,610.15
2025-02-20 23:30:00,2025-02-20T23:30:00,2025-02-20T23:30:00,"{'bid': 610.17, 'ask': 610.32}","{'bid': 610.46, 'ask': 610.65}","{'bid': 610.53, 'ask': 610.75}","{'bid': 610.17, 'ask': 610.32}",186,610.17,610.53,610.17,610.46
2025-02-20 23:45:00,2025-02-20T23:45:00,2025-02-20T23:45:00,"{'bid': 610.46, 'ask': 610.64}","{'bid': 610.35, 'ask': 610.5}","{'bid': 610.5, 'ask': 610.65}","{'bid': 610.33, 'ask': 610.47}",138,610.46,610.5,610.33,610.35
2025-02-21 00:00:00,2025-02-21T00:00:00,2025-02-21T00:00:00,"{'bid': 610.35, 'ask': 610.51}","{'bid': 610.45, 'ask': 610.63}","{'bid': 610.48, 'ask': 610.65}","{'bid': 610.2, 'ask': 610.35}",160,610.35,610.48,610.2,610.45
2025-02-21 00:15:00,2025-02-21T00:15:00,2025-02-21T00:15:00,"{'bid': 610.46, 'ask': 610.63}","{'bid': 610.25, 'ask': 610.42}","{'bid': 610.5, 'ask': 610.65}","{'bid': 610.18, 'ask': 610.38}",150,610.46,610.5,610.18,610.25
2025-02-21 00:30:00,2025-02-21T00:30:00,2025-02-21T00:30:00,"{'bid': 610.25, 'ask': 610.43}","{'bid': 610.13, 'ask': 610.31}","{'bid': 610.29, 'ask': 610.5}","{'bid': 610.11, 'ask': 610.31}",99,610.25,610.29,610.11,610.13
2025-02-21 00:45:00,2025-02-21T00:45:00,2025-02-21T00:45:00,"{'bid': 610.13, 'ask': 610.34}","{'bid': 610.28, 'ask': 610.48}","{'bid': 610.28, 'ask': 610.65}","{'bid': 610.11, 'ask': 610.33}",85,610.13,610.28,610.11,610.28
2025-02-21 09:00:00,2025-02-21T09:00:00,2025-02-21T09:00:00,"{'bid': 610.33, 'ask': 610.55}","{'bid': 610.35, 'ask': 610.58}","{'bid': 610.52, 'ask': 611.05}","{'bid': 609.95, 'ask': 610.37}",546,610.33,610.52,609.95,610.35
2025-02-21 09:15:00,2025-02-21T09:15:00,2025-02-21T09:15:00,"{'bid': 610.33, 'ask': 610.55}","{'bid': 610.4, 'ask': 610.61}","{'bid': 610.51, 'ask': 611.05}","{'bid': 610.15, 'ask': 610.5}",340,610.33,610.51,610.15,610.4
2025-02-21 09:30:00,2025-02-21T09:30:00,2025-02-21T09:30:00,"{'bid': 610.4, 'ask': 610.6}","{'bid': 610.56, 'ask': 610.76}","{'bid': 610.58, 'ask': 611.05}","{'bid': 610.33, 'ask': 610.54}",250,610.4,610.58,610.33,610.56
2025-02-21 09:45:00,2025-02-21T09:45:00,2025-02-21T09:45:00,"{'bid': 610.55, 'ask': 610.75}","{'bid': 610.61, 'ask': 610.78}","{'bid': 610.64, 'ask': 611.05}","{'bid': 610.15, 'ask': 610.7}",169,610.55,610.64,610.15,610.61
2025-02-21 10:00:00,2025-02-21T10:00:00,2025-02-21T10:00:00,"{'bid': 610.6, 'ask': 610.78}","{'bid': 610.6, 'ask': 610.77}","{'bid': 610.63, 'ask': 611.05}","{'bid': 610.42, 'ask': 610.61}",172,610.6,610.63,610.42,610.6
2025-02-21 10:15:00,2025-02-21T10:15:00,2025-02-21T10:15:00,"{'bid': 610.6, 'ask': 610.79}","{'bid': 610.66, 'ask': 610.83}","{'bid': 610.73, 'ask': 611.24}","{'bid': 610.59, 'ask': 610.76}",253,610.6,610.73,610.59,610.66
2025-02-21 10:30:00,2025-02-21T10:30:00,2025-02-21T10:30:00,"{'bid': 610.66, 'ask': 610.84}","{'bid': 610.51, 'ask': 610.69}","{'bid': 610.68, 'ask': 611.05}","{'bid': 610.46, 'ask': 610.66}",227,610.66,610.68,610.46,610.51
2025-02-21 10:45:00,2025-02-21T10:45:00,2025-02-21T10:45:00,"{'bid': 610.51, 'ask': 610.7}","{'bid': 610.68, 'ask': 610.85}","{'bid': 610.69, 'ask': 611.05}","{'bid': 610.41, 'ask': 610.59}",320,610.51,610.69,610.41,610.68
2025-02-21 11:00:00,2025-02-21T11:00:00,2025-02-21T11:00:00,"{'bid': 610.69, 'ask': 610.85}","{'bid': 610.68, 'ask': 610.84}","{'bid': 610.76, 'ask': 611.25}","{'bid': 610.55, 'ask': 610.73}",266,610.69,610.76,610.55,610.68
2025-02-21 11:15:00,2025-02-21T11:15:00,2025-02-21T11:15:00,"{'bid': 610.69, 'ask': 610.84}","{'bid': 610.62, 'ask': 610.8}","{'bid': 610.7, 'ask': 611.25}","{'bid': 610.35, 'ask': 610.77}",177,610.69,610.7,610.35,610.62
2025-02-21 11:30:00,2025-02-21T11:30:00,2025-02-21T11:30:00,"{'bid': 610.61, 'ask': 610.78}","{'bid': 610.47, 'ask': 610.62}","{'bid': 610.71, 'ask': 611.05}","{'bid': 610.15, 'ask': 610.53}",186,610.61,610.71,610.15,610.47
2025-02-21 11:45:00,2025-02-21T11:45:00,2025-02-21T11:45:00,"{'bid': 610.46, 'ask': 610.61}","{'bid': 610.54, 'ask': 610.69}","{'bid': 610.62, 'ask': 611.05}","{'bid': 610.39, 'ask': 610.57}",239,610.46,610.62,610.39,610.54
2025-02-21 12:00:00,2025-02-21T12:00:00,2025-02-21T12:00:00,"{'bid': 610.5, 'ask': 610.69}","{'bid': 610.46, 'ask': 610.63}","{'bid': 610.56, 'ask': 611.05}","{'bid': 609.95, 'ask': 610.26}",681,610.5,610.56,609.95,610.46
2025-02-21 12:15:00,2025-02-21T12:15:00,2025-02-21T12:15:00,"{'bid': 610.46, 'ask': 610.64}","{'bid': 610.89, 'ask': 611.04}","{'bid': 611.03, 'ask': 611.45}","{'bid': 610.46, 'ask': 610.59}",504,610.46,611.03,610.46,610.89
2025-02-21 12:30:00,2025-02-21T12:30:00,2025-02-21T12:30:00,"{'bid': 610.88, 'ask': 611.02}","{'bid': 610.91, 'ask': 611.07}","{'bid': 610.92, 'ask': 611.14}","{'bid': 610.71, 'ask': 610.9}",314,610.88,610.92,610.71,610.91
2025-02-21 12:45:00,2025-02-21T12:45:00,2025-02-21T12:45:00,"{'bid': 610.93, 'ask': 611.11}","{'bid': 610.88, 'ask': 611.02}","{'bid': 610.99, 'ask': 611.17}","{'bid': 610.55, 'ask': 610.98}",447,610.93,610.99,610.55,610.88
2025-02-21 13:00:00,2025-02-21T13:00:00,2025-02-21T13:00:00,"{'bid': 610.85, 'ask': 611.02}","{'bid': 610.8, 'ask': 610.97}","{'bid': 610.97, 'ask': 611.16}","{'bid': 610.35, 'ask': 610.79}",721,610.85,610.97,610.35,610.8
2025-02-21 13:15:00,2025-02-21T13:15:00,2025-02-21T13:15:00,"{'bid': 610.84, 'ask': 610.98}","{'bid': 610.81, 'ask': 610.93}","{'bid': 610.93, 'ask': 611.05}","{'bid': 610.72, 'ask': 610.85}",545,610.84,610.93,610.72,610.81
2025-02-21 13:30:00,2025-02-21T13:30:00,2025-02-21T13:30:00,"{'bid': 610.81, 'ask': 610.94}","{'bid': 610.96, 'ask': 611.11}","{'bid': 610.98, 'ask': 611.13}","{'bid': 610.65, 'ask': 610.79}",548,610.81,610.98,610.65,610.96
2025-02-21 13:45:00,2025-02-21T13:45:00,2025-02-21T13:45:00,"{'bid': 610.97, 'ask': 611.11}","{'bid': 610.85, 'ask': 610.97}","{'bid': 611.03, 'ask': 611.25}","{'bid': 610.55, 'ask': 610.95}",587,610.97,611.03,610.55,610.85
2025-02-21 14:00:00,2025-02-21T14:00:00,2025-02-21T14:00:00,"{'bid': 610.84, 'ask': 610.97}","{'bid': 610.96, 'ask': 611.11}","{'bid': 611.1, 'ask': 611.65}","{'bid': 610.55, 'ask': 610.84}",1063,610.84,611.1,610.55,610.96
2025-02-21 14:15:00,2025-02-21T14:15:00,2025-02-21T14:15:00,"{'bid': 610.96, 'ask': 611.1}","{'bid': 610.08, 'ask': 610.24}","{'bid': 611.08, 'ask': 611.31}","{'bid': 610.04, 'ask': 610.22}",1272,610.96,611.08,610.04,610.08
2025-02-21 14:30:00,2025-02-21T14:30:00,2025-02-21T14:30:00,"{'bid': 610.11, 'ask': 610.28}","{'bid': 609.14, 'ask': 609.29}","{'bid': 610.14, 'ask': 610.61}","{'bid': 608.82, 'ask': 608.95}",4429,610.11,610.14,608.82,609.14
2025-02-21 14:45:00,2025-02-21T14:45:00,2025-02-21T14:45:00,"{'bid': 609.16, 'ask': 609.31}","{'bid': 608.4, 'ask': 608.6}","{'bid': 609.54, 'ask': 609.67}","{'bid': 608.17, 'ask': 608.33}",4275,609.16,609.54,608.17,608.4
2025-02-21 15:00:00,2025-02-21T15:00:00,2025-02-21T15:00:00,"{'bid': 608.39, 'ask': 608.61}","{'bid': 607.92, 'ask': 608.04}","{'bid': 608.59, 'ask': 608.72}","{'bid': 607.31, 'ask': 607.57}",5262,608.39,608.59,607.31,607.92
2025-02-21 15:15:00,2025-02-21T15:15:00,2025-02-21T15:15:00,"{'bid': 607.9, 'ask': 608.02}","{'bid': 606.7, 'ask': 606.83}","{'bid': 608.23, 'ask': 608.35}","{'bid': 606.47, 'ask': 606.59}",4949,607.9,608.23,606.47,606.7
2025-02-21 15:30:00,2025-02-21T15:30:00,2025-02-21T15:30:00,"{'bid': 606.7, 'ask': 606.82}","{'bid': 605.71, 'ask': 605.83}","{'bid': 607.0, 'ask': 607.13}","{'bid': 605.69, 'ask': 605.82}",4334,606.7,607.0,605.69,605.71
2025-02-21 15:45:00,2025-02-21T15:45:00,2025-02-21T15:45:00,"{'bid': 605.72, 'ask': 605.84}","{'bid': 606.77, 'ask': 606.89}","{'bid': 606.77, 'ask': 606.89}","{'bid': 605.7, 'ask': 605.82}",3738,605.72,606.77,605.7,606.77
2025-02-21 16:00:00,2025-02-21T16:00:00,2025-02-21T16:00:00,"{'bid': 606.77, 'ask': 606.9}","{'bid': 607.08, 'ask': 607.2}","{'bid': 607.13, 'ask': 607.26}","{'bid': 606.12, 'ask': 606.24}",3513,606.77,607.13,606.12,607.08
2025-02-21 16:15:00,2025-02-21T16:15:00,2025-02-21T16:15:00,"{'bid': 607.09, 'ask': 607.22}","{'bid': 606.89, 'ask': 607.01}","{'bid': 607.41, 'ask': 607.54}","{'bid': 606.64, 'ask': 606.77}",3035,607.09,607.41,606.64,606.89
2025-02-21 16:30:00,2025-02-21T16:30:00,2025-02-21T16:30:00,"{'bid': 606.88, 'ask': 607.01}","{'bid': 606.81, 'ask': 606.94}","{'bid': 607.44, 'ask': 607.56}","{'bid': 606.65, 'ask': 606.77}",2793,606.88,607.44,606.65,606.81
2025-02-21 16:45:00,2025-02-21T16:45:00,2025-02-21T16:45:00,"{'bid': 606.82, 'ask': 606.94}","{'bid': 606.75, 'ask': 606.87}","{'bid': 607.05, 'ask': 607.18}","{'bid': 606.26, 'ask': 606.38}",2816,606.82,607.05,606.26,606.75
2025-02-21 17:00:00,2025-02-21T17:00:00,2025-02-21T17:00:00,"{'bid': 606.74, 'ask': 606.87}","{'bid': 606.34, 'ask': 606.47}","{'bid': 607.08, 'ask': 607.2}","{'bid': 606.19, 'ask': 606.32}",2586,606.74,607.08,606.19,606.34
2025-02-21 17:15:00,2025-02-21T17:15:00,2025-02-21T17:15:00,"{'bid': 606.32, 'ask': 606.45}","{'bid': 605.64, 'ask': 605.76}","{'bid': 606.37, 'ask': 606.5}","{'bid': 605.09, 'ask': 605.21}",3191,606.32,606.37,605.09,605.64
2025-02-21 17:30:00,2025-02-21T17:30:00,2025-02-21T17:30:00,"{'bid': 605.64, 'ask': 605.77}","{'bid': 605.01, 'ask': 605.13}","{'bid': 605.73, 'ask': 605.86}","{'bid': 604.48, 'ask': 604.6}",2900,605.64,605.73,604.48,605.01
2025-02-21 17:45:00,2025-02-21T17:45:00,2025-02-21T17:45:00,"{'bid': 605.01, 'ask': 605.14}","{'bid': 603.76, 'ask': 603.89}","{'bid': 605.01, 'ask': 605.14}","{'bid': 603.55, 'ask': 603.67}",3137,605.01,605.01,603.55,603.76
2025-02-21 18:00:00,2025-02-21T18:00:00,2025-02-21T18:00:00,"{'bid': 603.77, 'ask': 603.89}","{'bid': 602.88, 'ask': 603.0}","{'bid': 603.79, 'ask': 603.92}","{'bid': 602.15, 'ask': 602.28}",4188,603.77,603.79,602.15,602.88
2025-02-21 18:15:00,2025-02-21T18:15:00,2025-02-21T18:15:00,"{'bid': 602.87, 'ask': 603.0}","{'bid': 602.1, 'ask': 602.22}","{'bid': 603.48, 'ask': 603.6}","{'bid': 602.05, 'ask': 602.17}",3933,602.87,603.48,602.05,602.1
2025-02-21 18:30:00,2025-02-21T18:30:00,2025-02-21T18:30:00,"{'bid': 602.08, 'ask': 602.21}","{'bid': 601.76, 'ask': 601.89}","{'bid': 603.16, 'ask': 603.29}","{'bid': 601.52, 'ask': 601.64}",4407,602.08,603.16,601.52,601.76
2025-02-21 18:45:00,2025-02-21T18:45:00,2025-02-21T18:45:00,"{'bid': 601.77, 'ask': 601.89}","{'bid': 601.68, 'ask': 601.8}","{'bid': 602.16, 'ask': 602.28}","{'bid': 601.51, 'ask': 601.63}",3397,601.77,602.16,601.51,601.68
2025-02-21 19:00:00,2025-02-21T19:00:00,2025-02-21T19:00:00,"{'bid': 601.69, 'ask': 601.82}","{'bid': 602.08, 'ask': 602.2}","{'bid': 602.27, 'ask': 602.39}","{'bid': 601.16, 'ask': 601.29}",3557,601.69,602.27,601.16,602.08
2025-02-21 19:15:00,2025-02-21T19:15:00,2025-02-21T19:15:00,"{'bid': 602.07, 'ask': 602.2}","{'bid': 599.85, 'ask': 599.98}","{'bid': 602.08, 'ask': 602.2}","{'bid': 599.59, 'ask': 599.71}",3588,602.07,602.08,599.59,599.85
2025-02-21 19:30:00,2025-02-21T19:30:00,2025-02-21T19:30:00,"{'bid': 599.84, 'ask': 599.97}","{'bid': 600.03, 'ask': 600.15}","{'bid': 600.59, 'ask': 600.71}","{'bid': 599.42, 'ask': 599.54}",3953,599.84,600.59,599.42,600.03
2025-02-21 19:45:00,2025-02-21T19:45:00,2025-02-21T19:45:00,"{'bid': 600.01, 'ask': 600.14}","{'bid': 599.97, 'ask': 600.1}","{'bid': 600.59, 'ask': 600.72}","{'bid': 599.64, 'ask': 599.76}",3546,600.01,600.59,599.64,599.97
2025-02-21 20:00:00,2025-02-21T20:00:00,2025-02-21T20:00:00,"{'bid': 599.96, 'ask': 600.08}","{'bid': 600.09, 'ask': 600.21}","{'bid': 600.41, 'ask': 600.53}","{'bid': 599.6, 'ask': 599.73}",3420,599.96,600.41,599.6,600.09
2025-02-21 20:15:00,2025-02-21T20:15:00,2025-02-21T20:15:00,"{'bid': 600.08, 'ask': 600.21}","{'bid': 600.5, 'ask': 600.62}","{'bid': 600.59, 'ask': 600.71}","{'bid': 599.8, 'ask': 599.92}",2727,600.08,600.59,599.8,600.5
2025-02-21 20:30:00,2025-02-21T20:30:00,2025-02-21T20:30:00,"{'bid': 600.51, 'ask': 600.64}","{'bid': 599.99, 'ask': 600.11}","{'bid': 600.85, 'ask': 600.98}","{'bid': 599.98, 'ask': 600.1}",2902,600.51,600.85,599.98,599.99
2025-02-21 20:45:00,2025-02-21T20:45:00,2025-02-21T20:45:00,"{'bid': 600.0, 'ask': 600.13}","{'bid': 599.93, 'ask': 600.06}","{'bid': 600.49, 'ask': 600.61}","{'bid': 599.45, 'ask': 599.57}",3896,600.0,600.49,599.45,599.93
2025-02-21 21:00:00,2025-02-21T21:00:00,2025-02-21T21:00:00,"{'bid': 599.94, 'ask': 600.07}","{'bid': 600.2, 'ask': 600.33}","{'bid': 600.36, 'ask': 600.65}","{'bid': 599.67, 'ask': 599.79}",1565,599.94,600.36,599.67,600.2
2025-02-21 21:15:00,2025-02-21T21:15:00,2025-02-21T21:15:00,"{'bid': 600.2, 'ask': 600.35}","{'bid': 600.12, 'ask': 600.26}","{'bid': 600.35, 'ask': 600.52}","{'bid': 600.12, 'ask': 600.25}",480,600.2,600.35,600.12,600.12
2025-02-21 21:30:00,2025-02-21T21:30:00,2025-02-21T21:30:00,"{'bid': 600.13, 'ask': 600.27}","{'bid': 600.02, 'ask': 600.16}","{'bid': 600.23, 'ask': 600.38}","{'bid': 599.96, 'ask': 600.11}",365,600.13,600.23,599.96,600.02
2025-02-21 21:45:00,2025-02-21T21:45:00,2025-02-21T21:45:00,"{'bid': 600.05, 'ask': 600.18}","{'bid': 599.86, 'ask': 600.03}","{'bid': 600.11, 'ask': 600.35}","{'bid': 599.75, 'ask': 599.9}",392,600.05,600.11,599.75,599.86
2025-02-24 09:00:00,2025-02-24T09:00:00,2025-02-24T09:00:00,"{'bid': 602.63, 'ask': 602.85}","{'bid': 603.42, 'ask': 603.59}","{'bid': 603.63, 'ask': 603.95}","{'bid': 602.25, 'ask': 602.74}",1110,602.63,603.63,602.25,603.42
2025-02-24 09:15:00,2025-02-24T09:15:00,2025-02-24T09:15:00,"{'bid': 603.41, 'ask': 603.59}","{'bid': 603.6, 'ask': 603.76}","{'bid': 603.71, 'ask': 604.05}","{'bid': 603.05, 'ask': 603.42}",763,603.41,603.71,603.05,603.6
2025-02-24 09:30:00,2025-02-24T09:30:00,2025-02-24T09:30:00,"{'bid': 603.61, 'ask': 603.76}","{'bid': 603.27, 'ask': 603.45}","{'bid': 603.68, 'ask': 604.05}","{'bid': 602.96, 'ask': 603.31}",541,603.61,603.68,602.96,603.27
2025-02-24 09:45:00,2025-02-24T09:45:00,2025-02-24T09:45:00,"{'bid': 603.26, 'ask': 603.45}","{'bid': 603.13, 'ask': 603.31}","{'bid': 603.37, 'ask': 603.57}","{'bid': 602.85, 'ask': 603.2}",441,603.26,603.37,602.85,603.13
2025-02-24 10:00:00,2025-02-24T10:00:00,2025-02-24T10:00:00,"{'bid': 603.14, 'ask': 603.31}","{'bid': 603.21, 'ask': 603.36}","{'bid': 603.22, 'ask': 603.65}","{'bid': 602.55, 'ask': 603.01}",377,603.14,603.22,602.55,603.21
2025-02-24 10:15:00,2025-02-24T10:15:00,2025-02-24T10:15:00,"{'bid': 603.21, 'ask': 603.38}","{'bid': 602.98, 'ask': 603.13}","{'bid': 603.21, 'ask': 603.65}","{'bid': 602.55, 'ask': 603.07}",340,603.21,603.21,602.55,602.98
2025-02-24 10:30:00,2025-02-24T10:30:00,2025-02-24T10:30:00,"{'bid': 602.98, 'ask': 603.14}","{'bid': 602.9, 'ask': 603.07}","{'bid': 603.1, 'ask': 603.45}","{'bid': 602.56, 'ask': 602.98}",410,602.98,603.1,602.56,602.9
2025-02-24 10:45:00,2025-02-24T10:45:00,2025-02-24T10:45:00,"{'bid': 602.9, 'ask': 603.08}","{'bid': 602.86, 'ask': 603.01}","{'bid': 603.01, 'ask': 603.45}","{'bid': 602.55, 'ask': 602.95}",354,602.9,603.01,602.55,602.86
2025-02-24 11:00:00,2025-02-24T11:00:00,2025-02-24T11:00:00,"{'bid': 602.83, 'ask': 603.03}","{'bid': 602.89, 'ask': 603.07}","{'bid': 603.11, 'ask': 603.44}","{'bid': 602.35, 'ask': 602.74}",603,602.83,603.11,602.35,602.89
2025-02-24 11:15:00,2025-02-24T11:15:00,2025-02-24T11:15:00,"{'bid': 602.9, 'ask': 603.07}","{'bid': 603.13, 'ask': 603.3}","{'bid': 603.16, 'ask': 603.65}","{'bid': 602.89, 'ask': 603.07}",219,602.9,603.16,602.89,603.13
2025-02-24 11:30:00,2025-02-24T11:30:00,2025-02-24T11:30:00,"{'bid': 603.14, 'ask': 603.3}","{'bid': 603.15, 'ask': 603.31}","{'bid': 603.26, 'ask': 603.65}","{'bid': 603.04, 'ask': 603.22}",274,603.14,603.26,603.04,603.15
2025-02-24 11:45:00,2025-02-24T11:45:00,2025-02-24T11:45:00,"{'bid': 603.03, 'ask': 603.27}","{'bid': 603.13, 'ask': 603.31}","{'bid': 603.15, 'ask': 603.53}","{'bid': 602.55, 'ask': 603.01}",425,603.03,603.15,602.55,603.13
2025-02-24 12:00:00,2025-02-24T12:00:00,2025-02-24T12:00:00,"{'bid': 603.12, 'ask': 603.3}","{'bid': 602.35, 'ask': 602.53}","{'bid': 603.12, 'ask': 603.44}","{'bid': 602.32, 'ask': 602.51}",562,603.12,603.12,602.32,602.35
2025-02-24 12:15:00,2025-02-24T12:15:00,2025-02-24T12:15:00,"{'bid': 602.36, 'ask': 602.53}","{'bid': 602.58, 'ask': 602.74}","{'bid': 602.8, 'ask': 603.1}","{'bid': 602.15, 'ask': 602.53}",511,602.36,602.8,602.15,602.58
2025-02-24 12:30:00,2025-02-24T12:30:00,2025-02-24T12:30:00,"{'bid': 602.58, 'ask': 602.75}","{'bid': 602.58, 'ask': 602.77}","{'bid': 602.99, 'ask': 603.45}","{'bid': 602.37, 'ask': 602.73}",388,602.58,602.99,602.37,602.58
2025-02-24 12:45:00,2025-02-24T12:45:00,2025-02-24T12:45:00,"{'bid': 602.58, 'ask': 602.76}","{'bid': 602.85, 'ask': 602.99}","{'bid': 602.85, 'ask': 603.25}","{'bid': 602.25, 'ask': 602.49}",579,602.58,602.85,602.25,602.85
2025-02-24 13:00:00,2025-02-24T13:00:00,2025-02-24T13:00:00,"{'bid': 602.85, 'ask': 603.0}","{'bid': 602.96, 'ask': 603.12}","{'bid': 603.13, 'ask': 603.65}","{'bid': 602.39, 'ask': 602.9}",984,602.85,603.13,602.39,602.96
2025-02-24 13:15:00,2025-02-24T13:15:00,2025-02-24T13:15:00,"{'bid': 602.97, 'ask': 603.12}","{'bid': 602.99, 'ask': 603.14}","{'bid': 603.13, 'ask': 603.65}","{'bid': 602.55, 'ask': 603.03}",757,602.97,603.13,602.55,602.99
2025-02-24 13:30:00,2025-02-24T13:30:00,2025-02-24T13:30:00,"{'bid': 602.98, 'ask': 603.13}","{'bid': 603.07, 'ask': 603.24}","{'bid': 603.11, 'ask': 603.82}","{'bid': 602.55, 'ask': 602.9}",749,602.98,603.11,602.55,603.07
2025-02-24 13:45:00,2025-02-24T13:45:00,2025-02-24T13:45:00,"{'bid': 603.08, 'ask': 603.24}","{'bid': 603.13, 'ask': 603.26}","{'bid': 603.17, 'ask': 603.3}","{'bid': 602.75, 'ask': 603.07}",567,603.08,603.17,602.75,603.13
2025-02-24 14:00:00,2025-02-24T14:00:00,2025-02-24T14:00:00,"{'bid': 603.13, 'ask': 603.25}","{'bid': 602.61, 'ask': 602.75}","{'bid': 603.2, 'ask': 603.33}","{'bid': 602.37, 'ask': 602.58}",1084,603.13,603.2,602.37,602.61
2025-02-24 14:15:00,2025-02-24T14:15:00,2025-02-24T14:15:00,"{'bid': 602.61, 'ask': 602.76}","{'bid': 601.93, 'ask': 602.09}","{'bid': 602.72, 'ask': 602.96}","{'bid': 601.55, 'ask': 601.96}",1463,602.61,602.72,601.55,601.93
2025-02-24 14:30:00,2025-02-24T14:30:00,2025-02-24T14:30:00,"{'bid': 601.94, 'ask': 602.09}","{'bid': 600.99, 'ask': 601.12}","{'bid': 602.96, 'ask': 603.09}","{'bid': 600.59, 'ask': 600.71}",5417,601.94,602.96,600.59,600.99
2025-02-24 14:45:00,2025-02-24T14:45:00,2025-02-24T14:45:00,"{'bid': 600.99, 'ask': 601.11}","{'bid': 598.68, 'ask': 598.81}","{'bid': 601.27, 'ask': 601.4}","{'bid': 598.57, 'ask': 598.69}",4943,600.99,601.27,598.57,598.68
2025-02-24 15:00:00,2025-02-24T15:00:00,2025-02-24T15:00:00,"{'bid': 598.7, 'ask': 598.83}","{'bid': 598.9, 'ask': 599.02}","{'bid': 599.1, 'ask': 599.22}","{'bid': 596.42, 'ask': 596.54}",7249,598.7,599.1,596.42,598.9
2025-02-24 15:15:00,2025-02-24T15:15:00,2025-02-24T15:15:00,"{'bid': 598.88, 'ask': 599.01}","{'bid': 597.88, 'ask': 598.0}","{'bid': 599.38, 'ask': 599.5}","{'bid': 597.76, 'ask': 597.88}",6117,598.88,599.38,597.76,597.88
2025-02-24 15:30:00,2025-02-24T15:30:00,2025-02-24T15:30:00,"{'bid': 597.86, 'ask': 597.99}","{'bid': 597.56, 'ask': 597.69}","{'bid': 598.4, 'ask': 598.52}","{'bid': 597.39, 'ask': 597.52}",5574,597.86,598.4,597.39,597.56
2025-02-24 15:45:00,2025-02-24T15:45:00,2025-02-24T15:45:00,"{'bid': 597.57, 'ask': 597.7}","{'bid': 597.64, 'ask': 597.77}","{'bid': 598.17, 'ask': 598.3}","{'bid': 596.68, 'ask': 596.81}",5192,597.57,598.17,596.68,597.64
2025-02-24 16:00:00,2025-02-24T16:00:00,2025-02-24T16:00:00,"{'bid': 597.65, 'ask': 597.78}","{'bid': 598.4, 'ask': 598.53}","{'bid': 598.58, 'ask': 598.7}","{'bid': 597.41, 'ask': 597.53}",4812,597.65,598.58,597.41,598.4
2025-02-24 16:15:00,2025-02-24T16:15:00,2025-02-24T16:15:00,"{'bid': 598.41, 'ask': 598.53}","{'bid': 600.03, 'ask': 600.15}","{'bid': 600.32, 'ask': 600.44}","{'bid': 598.31, 'ask': 598.44}",3446,598.41,600.32,598.31,600.03
2025-02-24 16:30:00,2025-02-24T16:30:00,2025-02-24T16:30:00,"{'bid': 600.05, 'ask': 600.17}","{'bid': 600.24, 'ask': 600.38}","{'bid': 600.74, 'ask': 600.86}","{'bid': 599.33, 'ask': 599.46}",3613,600.05,600.74,599.33,600.24
2025-02-24 16:45:00,2025-02-24T16:45:00,2025-02-24T16:45:00,"{'bid': 600.26, 'ask': 600.39}","{'bid': 599.9, 'ask': 600.03}","{'bid': 600.72, 'ask': 600.84}","{'bid': 599.77, 'ask': 599.9}",3393,600.26,600.72,599.77,599.9
2025-02-24 17:00:00,2025-02-24T17:00:00,2025-02-24T17:00:00,"{'bid': 599.91, 'ask': 600.03}","{'bid': 600.35, 'ask': 600.48}","{'bid': 600.8, 'ask': 600.93}","{'bid': 599.76, 'ask': 599.89}",3240,599.91,600.8,599.76,600.35
2025-02-24 17:15:00,2025-02-24T17:15:00,2025-02-24T17:15:00,"{'bid': 600.32, 'ask': 600.46}","{'bid': 600.99, 'ask': 601.12}","{'bid': 601.51, 'ask': 601.64}","{'bid': 600.31, 'ask': 600.44}",2765,600.32,601.51,600.31,600.99
2025-02-24 17:30:00,2025-02-24T17:30:00,2025-02-24T17:30:00,"{'bid': 600.99, 'ask': 601.11}","{'bid': 601.46, 'ask': 601.59}","{'bid': 601.53, 'ask': 601.66}","{'bid': 600.57, 'ask': 600.7}",2496,600.99,601.53,600.57,601.46
2025-02-24 17:45:00,2025-02-24T17:45:00,2025-02-24T17:45:00,"{'bid': 601.47, 'ask': 601.59}","{'bid': 600.57, 'ask': 600.7}","{'bid': 601.74, 'ask': 601.87}","{'bid': 600.49, 'ask': 600.62}",2574,601.47,601.74,600.49,600.57
2025-02-24 18:00:00,2025-02-24T18:00:00,2025-02-24T18:00:00,"{'bid': 600.56, 'ask': 600.68}","{'bid': 600.89, 'ask': 601.02}","{'bid': 601.12, 'ask': 601.25}","{'bid': 600.47, 'ask': 600.59}",2390,600.56,601.12,600.47,600.89
2025-02-24 18:15:00,2025-02-24T18:15:00,2025-02-24T18:15:00,"{'bid': 600.9, 'ask': 601.02}","{'bid': 601.33, 'ask': 601.46}","{'bid': 601.64, 'ask': 601.77}","{'bid': 600.84, 'ask': 600.97}",2276,600.9,601.64,600.84,601.33
2025-02-24 18:30:00,2025-02-24T18:30:00,2025-02-24T18:30:00,"{'bid': 601.35, 'ask': 601.48}","{'bid': 601.36, 'ask': 601.49}","{'bid': 601.56, 'ask': 601.68}","{'bid': 601.01, 'ask': 601.13}",2002,601.35,601.56,601.01,601.36
2025-02-24 18:45:00,2025-02-24T18:45:00,2025-02-24T18:45:00,"{'bid': 601.37, 'ask': 601.49}","{'bid': 600.58, 'ask': 600.71}","{'bid': 601.53, 'ask': 601.66}","{'bid': 600.28, 'ask': 600.41}",2250,601.37,601.53,600.28,600.58
2025-02-24 19:00:00,2025-02-24T19:00:00,2025-02-24T19:00:00,"{'bid': 600.58, 'ask': 600.7}","{'bid': 600.6, 'ask': 600.73}","{'bid': 601.37, 'ask': 601.5}","{'bid': 600.31, 'ask': 600.44}",2233,600.58,601.37,600.31,600.6
2025-02-24 19:15:00,2025-02-24T19:15:00,2025-02-24T19:15:00,"{'bid': 600.58, 'ask': 600.71}","{'bid': 599.99, 'ask': 600.11}","{'bid': 600.71, 'ask': 600.84}","{'bid': 599.78, 'ask': 599.91}",2455,600.58,600.71,599.78,599.99
2025-02-24 19:30:00,2025-02-24T19:30:00,2025-02-24T19:30:00,"{'bid': 599.99, 'ask': 600.12}","{'bid': 599.9, 'ask': 600.02}","{'bid': 600.6, 'ask': 600.72}","{'bid': 599.76, 'ask': 599.88}",2171,599.99,600.6,599.76,599.9
2025-02-24 19:45:00,2025-02-24T19:45:00,2025-02-24T19:45:00,"{'bid': 599.91, 'ask': 600.04}","{'bid': 599.7, 'ask': 599.83}","{'bid': 600.13, 'ask': 600.26}","{'bid': 599.33, 'ask': 599.46}",2260,599.91,600.13,599.33,599.7
2025-02-24 20:00:00,2025-02-24T20:00:00,2025-02-24T20:00:00,"{'bid': 599.72, 'ask': 599.84}","{'bid': 599.59, 'ask': 599.72}","{'bid': 599.8, 'ask': 599.93}","{'bid': 599.0, 'ask': 599.12}",2276,599.72,599.8,599.0,599.59
2025-02-24 20:15:00,2025-02-24T20:15:00,2025-02-24T20:15:00,"{'bid': 599.61, 'ask': 599.74}","{'bid': 599.05, 'ask': 599.17}","{'bid': 599.97, 'ask': 600.09}","{'bid': 599.0, 'ask': 599.13}",2924,599.61,599.97,599.0,599.05
2025-02-24 20:30:00,2025-02-24T20:30:00,2025-02-24T20:30:00,"{'bid': 599.06, 'ask': 599.19}","{'bid': 598.77, 'ask': 598.9}","{'bid': 599.66, 'ask': 599.79}","{'bid': 598.56, 'ask': 598.69}",2687,599.06,599.66,598.56,598.77
2025-02-24 20:45:00,2025-02-24T20:45:00,2025-02-24T20:45:00,"{'bid': 598.76, 'ask': 598.89}","{'bid': 597.15, 'ask': 597.27}","{'bid': 599.27, 'ask': 599.4}","{'bid': 596.59, 'ask': 596.71}",4463,598.76,599.27,596.59,597.15
2025-02-24 21:00:00,2025-02-24T21:00:00,2025-02-24T21:00:00,"{'bid': 597.15, 'ask': 597.28}","{'bid': 597.71, 'ask': 597.84}","{'bid': 597.91, 'ask': 598.14}","{'bid': 596.88, 'ask': 597.0}",2281,597.15,597.91,596.88,597.71
2025-02-24 21:15:00,2025-02-24T21:15:00,2025-02-24T21:15:00,"{'bid': 597.73, 'ask': 597.9}","{'bid': 597.55, 'ask': 597.71}","{'bid': 597.77, 'ask': 597.91}","{'bid': 597.42, 'ask': 597.55}",441,597.73,597.77,597.42,597.55
2025-02-24 21:30:00,2025-02-24T21:30:00,2025-02-24T21:30:00,"{'bid': 597.52, 'ask': 597.68}","{'bid': 597.37, 'ask': 597.51}","{'bid': 597.65, 'ask': 597.82}","{'bid': 597.24, 'ask': 597.38}",266,597.52,597.65,597.24,597.37
2025-02-24 21:45:00,2025-02-24T21:45:00,2025-02-24T21:45:00,"{'bid': 597.38, 'ask': 597.52}","{'bid': 597.48, 'ask': 597.7}","{'bid': 597.58, 'ask': 597.87}","{'bid': 597.21, 'ask': 597.49}",334,597.38,597.58,597.21,597.48
2025-02-24 22:00:00,2025-02-24T22:00:00,2025-02-24T22:00:00,"{'bid': 597.45, 'ask': 597.87}","{'bid': 597.37, 'ask': 597.56}","{'bid': 597.52, 'ask': 597.87}","{'bid': 597.21, 'ask': 597.46}",36,597.45,597.52,597.21,597.37
2025-02-24 22:15:00,2025-02-24T22:15:00,2025-02-24T22:15:00,"{'bid': 597.4, 'ask': 597.54}","{'bid': 597.39, 'ask': 597.55}","{'bid': 597.4, 'ask': 597.62}","{'bid': 597.39, 'ask': 597.51}",10,597.4,597.4,597.39,597.39
2025-02-24 22:30:00,2025-02-24T22:30:00,2025-02-24T22:30:00,"{'bid': 597.39, 'ask': 597.54}","{'bid': 597.45, 'ask': 597.58}","{'bid': 597.46, 'ask': 597.6}","{'bid': 597.39, 'ask': 597.54}",19,597.39,597.46,597.39,597.45
2025-02-24 22:45:00,2025-02-24T22:45:00,2025-02-24T22:45:00,"{'bid': 597.39, 'ask': 597.58}","{'bid': 597.45, 'ask': 597.62}","{'bid': 597.48, 'ask': 597.68}","{'bid': 597.39, 'ask': 597.58}",17,597.39,597.48,597.39,597.45
2025-02-24 23:00:00,2025-02-24T23:00:00,2025-02-24T23:00:00,"{'bid': 597.49, 'ask': 597.68}","{'bid': 597.54, 'ask': 597.69}","{'bid': 597.83, 'ask': 598.15}","{'bid': 597.39, 'ask': 597.53}",496,597.49,597.83,597.39,597.54
2025-02-24 23:15:00,2025-02-24T23:15:00,2025-02-24T23:15:00,"{'bid': 597.53, 'ask': 597.69}","{'bid': 597.72, 'ask': 597.9}","{'bid': 597.76, 'ask': 597.93}","{'bid': 597.39, 'ask': 597.59}",189,597.53,597.76,597.39,597.72
2025-02-24 23:30:00,2025-02-24T23:30:00,2025-02-24T23:30:00,"{'bid': 597.73, 'ask': 597.9}","{'bid': 597.24, 'ask': 597.43}","{'bid': 597.76, 'ask': 597.93}","{'bid': 597.11, 'ask': 597.28}",426,597.73,597.76,597.11,597.24
2025-02-24 23:45:00,2025-02-24T23:45:00,2025-02-24T23:45:00,"{'bid': 597.24, 'ask': 597.44}","{'bid': 596.85, 'ask': 597.07}","{'bid': 597.33, 'ask': 597.52}","{'bid': 596.49, 'ask': 596.67}",445,597.24,597.33,596.49,596.85
2025-02-25 00:00:00,2025-02-25T00:00:00,2025-02-25T00:00:00,"{'bid': 596.86, 'ask': 597.07}","{'bid': 597.46, 'ask': 597.66}","{'bid': 597.62, 'ask': 598.05}","{'bid': 596.86, 'ask': 597.07}",424,596.86,597.62,596.86,597.46
2025-02-25 00:15:00,2025-02-25T00:15:00,2025-02-25T00:15:00,"{'bid': 597.47, 'ask': 597.66}","{'bid': 597.86, 'ask': 598.02}","{'bid': 598.06, 'ask': 598.25}","{'bid': 597.41, 'ask': 597.6}",393,597.47,598.06,597.41,597.86
2025-02-25 00:30:00,2025-02-25T00:30:00,2025-02-25T00:30:00,"{'bid': 597.86, 'ask': 598.03}","{'bid': 597.95, 'ask': 598.14}","{'bid': 598.1, 'ask': 598.27}","{'bid': 597.73, 'ask': 597.91}",287,597.86,598.1,597.73,597.95
2025-02-25 00:45:00,2025-02-25T00:45:00,2025-02-25T00:45:00,"{'bid': 597.93, 'ask': 598.13}","{'bid': 597.94, 'ask': 598.09}","{'bid': 598.05, 'ask': 598.45}","{'bid': 597.81, 'ask': 597.98}",372,597.93,598.05,597.81,597.94
2025-02-25 09:00:00,2025-02-25T09:00:00,2025-02-25T09:00:00,"{'bid': 595.85, 'ask': 596.07}","{'bid': 596.88, 'ask': 597.11}","{'bid': 596.98, 'ask': 597.45}","{'bid': 595.2, 'ask': 595.67}",1535,595.85,596.98,595.2,596.88
2025-02-25 09:15:00,2025-02-25T09:15:00,2025-02-25T09:15:00,"{'bid': 596.9, 'ask': 597.11}","{'bid': 596.53, 'ask': 596.73}","{'bid': 596.99, 'ask': 597.45}","{'bid': 596.15, 'ask': 596.64}",1132,596.9,596.99,596.15,596.53
2025-02-25 09:30:00,2025-02-25T09:30:00,2025-02-25T09:30:00,"{'bid': 596.54, 'ask': 596.73}","{'bid': 595.83, 'ask': 596.02}","{'bid': 596.73, 'ask': 597.25}","{'bid': 595.55, 'ask': 596.0}",1057,596.54,596.73,595.55,595.83
2025-02-25 09:45:00,2025-02-25T09:45:00,2025-02-25T09:45:00,"{'bid': 595.84, 'ask': 596.02}","{'bid': 595.1, 'ask': 595.25}","{'bid': 595.97, 'ask': 596.45}","{'bid': 594.84, 'ask': 595.2}",1015,595.84,595.97,594.84,595.1
2025-02-25 10:00:00,2025-02-25T10:00:00,2025-02-25T10:00:00,"{'bid': 595.04, 'ask': 595.24}","{'bid': 595.65, 'ask': 595.84}","{'bid': 595.9, 'ask': 596.25}","{'bid': 594.84, 'ask': 595.23}",903,595.04,595.9,594.84,595.65
2025-02-25 10:15:00,2025-02-25T10:15:00,2025-02-25T10:15:00,"{'bid': 595.66, 'ask': 595.85}","{'bid': 595.92, 'ask': 596.07}","{'bid': 596.03, 'ask': 596.45}","{'bid': 595.55, 'ask': 595.85}",590,595.66,596.03,595.55,595.92
2025-02-25 10:30:00,2025-02-25T10:30:00,2025-02-25T10:30:00,"{'bid': 595.92, 'ask': 596.09}","{'bid': 595.79, 'ask': 595.91}","{'bid': 595.94, 'ask': 596.45}","{'bid': 595.55, 'ask': 595.81}",473,595.92,595.94,595.55,595.79
2025-02-25 10:45:00,2025-02-25T10:45:00,2025-02-25T10:45:00,"{'bid': 595.76, 'ask': 595.91}","{'bid': 595.08, 'ask': 595.3}","{'bid': 595.9, 'ask': 596.25}","{'bid': 594.95, 'ask': 595.11}",665,595.76,595.9,594.95,595.08
2025-02-25 11:00:00,2025-02-25T11:00:00,2025-02-25T11:00:00,"{'bid': 595.09, 'ask': 595.31}","{'bid': 595.49, 'ask': 595.69}","{'bid': 595.52, 'ask': 596.05}","{'bid': 594.84, 'ask': 595.05}",1074,595.09,595.52,594.84,595.49
2025-02-25 11:15:00,2025-02-25T11:15:00,2025-02-25T11:15:00,"{'bid': 595.49, 'ask': 595.68}","{'bid': 595.53, 'ask': 595.74}","{'bid': 595.74, 'ask': 596.23}","{'bid': 595.15, 'ask': 595.45}",444,595.49,595.74,595.15,595.53
2025-02-25 11:30:00,2025-02-25T11:30:00,2025-02-25T11:30:00,"{'bid': 595.55, 'ask': 595.75}","{'bid': 596.88, 'ask': 597.04}","{'bid': 597.03, 'ask': 597.45}","{'bid': 595.54, 'ask': 595.74}",761,595.55,597.03,595.54,596.88
2025-02-25 11:45:00,2025-02-25T11:45:00,2025-02-25T11:45:00,"{'bid': 596.86, 'ask': 597.02}","{'bid': 596.74, 'ask': 596.93}","{'bid': 596.86, 'ask': 597.1}","{'bid': 596.15, 'ask': 596.61}",969,596.86,596.86,596.15,596.74
2025-02-25 12:00:00,2025-02-25T12:00:00,2025-02-25T12:00:00,"{'bid': 596.73, 'ask': 596.93}","{'bid': 596.86, 'ask': 597.06}","{'bid': 597.17, 'ask': 597.45}","{'bid': 596.44, 'ask': 596.72}",912,596.73,597.17,596.44,596.86
2025-02-25 12:15:00,2025-02-25T12:15:00,2025-02-25T12:15:00,"{'bid': 596.85, 'ask': 597.06}","{'bid': 597.21, 'ask': 597.38}","{'bid': 597.38, 'ask': 597.85}","{'bid': 596.55, 'ask': 596.85}",781,596.85,597.38,596.55,597.21
2025-02-25 12:30:00,2025-02-25T12:30:00,2025-02-25T12:30:00,"{'bid': 597.2, 'ask': 597.38}","{'bid': 596.8, 'ask': 596.95}","{'bid': 597.24, 'ask': 597.44}","{'bid': 596.7, 'ask': 596.92}",773,597.2,597.24,596.7,596.8
2025-02-25 12:45:00,2025-02-25T12:45:00,2025-02-25T12:45:00,"{'bid': 596.8, 'ask': 596.96}","{'bid': 597.76, 'ask': 597.92}","{'bid': 597.79, 'ask': 598.0}","{'bid': 596.5, 'ask': 596.65}",1044,596.8,597.79,596.5,597.76
2025-02-25 13:00:00,2025-02-25T13:00:00,2025-02-25T13:00:00,"{'bid': 597.69, 'ask': 597.88}","{'bid': 597.59, 'ask': 597.73}","{'bid': 597.81, 'ask': 598.0}","{'bid': 597.36, 'ask': 597.62}",1313,597.69,597.81,597.36,597.59
2025-02-25 13:15:00,2025-02-25T13:15:00,2025-02-25T13:15:00,"{'bid': 597.58, 'ask': 597.73}","{'bid': 598.03, 'ask': 598.15}","{'bid': 598.03, 'ask': 598.15}","{'bid': 596.95, 'ask': 597.47}",1360,597.58,598.03,596.95,598.03
2025-02-25 13:30:00,2025-02-25T13:30:00,2025-02-25T13:30:00,"{'bid': 598.01, 'ask': 598.14}","{'bid': 597.39, 'ask': 597.55}","{'bid': 598.13, 'ask': 598.28}","{'bid': 597.15, 'ask': 597.51}",1461,598.01,598.13,597.15,597.39
2025-02-25 13:45:00,2025-02-25T13:45:00,2025-02-25T13:45:00,"{'bid': 597.39, 'ask': 597.53}","{'bid': 597.3, 'ask': 597.48}","{'bid': 597.63, 'ask': 597.83}","{'bid': 597.14, 'ask': 597.26}",1277,597.39,597.63,597.14,597.3
2025-02-25 14:00:00,2025-02-25T14:00:00,2025-02-25T14:00:00,"{'bid': 597.33, 'ask': 597.48}","{'bid': 597.24, 'ask': 597.4}","{'bid': 597.44, 'ask': 597.85}","{'bid': 597.01, 'ask': 597.16}",1384,597.33,597.44,597.01,597.24
2025-02-25 14:15:00,2025-02-25T14:15:00,2025-02-25T14:15:00,"{'bid': 597.25, 'ask': 597.41}","{'bid': 597.08, 'ask': 597.24}","{'bid': 597.31, 'ask': 597.65}","{'bid': 596.23, 'ask': 596.38}",2017,597.25,597.31,596.23,597.08
2025-02-25 14:30:00,2025-02-25T14:30:00,2025-02-25T14:30:00,"{'bid': 597.1, 'ask': 597.25}","{'bid': 596.36, 'ask': 596.49}","{'bid': 597.82, 'ask': 597.94}","{'bid': 596.32, 'ask': 596.44}",6179,597.1,597.82,596.32,596.36
2025-02-25 14:45:00,2025-02-25T14:45:00,2025-02-25T14:45:00,"{'bid': 596.36, 'ask': 596.48}","{'bid': 595.2, 'ask': 595.34}","{'bid': 596.82, 'ask': 596.94}","{'bid': 594.19, 'ask': 594.32}",5768,596.36,596.82,594.19,595.2
2025-02-25 15:00:00,2025-02-25T15:00:00,2025-02-25T15:00:00,"{'bid': 595.17, 'ask': 595.34}","{'bid': 592.53, 'ask': 592.67}","{'bid': 595.17, 'ask': 595.34}","{'bid': 592.42, 'ask': 592.55}",6607,595.17,595.17,592.42,592.53
2025-02-25 15:15:00,2025-02-25T15:15:00,2025-02-25T15:15:00,"{'bid': 592.55, 'ask': 592.68}","{'bid': 590.78, 'ask': 590.91}","{'bid': 593.12, 'ask': 593.24}","{'bid': 590.61, 'ask': 590.73}",6665,592.55,593.12,590.61,590.78
2025-02-25 15:30:00,2025-02-25T15:30:00,2025-02-25T15:30:00,"{'bid': 590.8, 'ask': 590.92}","{'bid': 592.18, 'ask': 592.3}","{'bid': 592.71, 'ask': 592.84}","{'bid': 590.44, 'ask': 590.57}",7196,590.8,592.71,590.44,592.18
2025-02-25 15:45:00,2025-02-25T15:45:00,2025-02-25T15:45:00,"{'bid': 592.16, 'ask': 592.28}","{'bid': 592.26, 'ask': 592.39}","{'bid': 593.37, 'ask': 593.49}","{'bid': 591.46, 'ask': 591.59}",6034,592.16,593.37,591.46,592.26
2025-02-25 16:00:00,2025-02-25T16:00:00,2025-02-25T16:00:00,"{'bid': 592.27, 'ask': 592.39}","{'bid': 591.88, 'ask': 592.01}","{'bid': 592.33, 'ask': 592.46}","{'bid': 590.92, 'ask': 591.04}",5969,592.27,592.33,590.92,591.88
2025-02-25 16:15:00,2025-02-25T16:15:00,2025-02-25T16:15:00,"{'bid': 591.9, 'ask': 592.02}","{'bid': 590.81, 'ask': 590.93}","{'bid': 592.15, 'ask': 592.27}","{'bid': 590.67, 'ask': 590.79}",5088,591.9,592.15,590.67,590.81
2025-02-25 16:30:00,2025-02-25T16:30:00,2025-02-25T16:30:00,"{'bid': 590.81, 'ask': 590.94}","{'bid': 591.02, 'ask': 591.14}","{'bid': 591.27, 'ask': 591.4}","{'bid': 589.5, 'ask': 589.62}",4894,590.81,591.27,589.5,591.02
2025-02-25 16:45:00,2025-02-25T16:45:00,2025-02-25T16:45:00,"{'bid': 591.01, 'ask': 591.14}","{'bid': 593.12, 'ask': 593.25}","{'bid': 593.74, 'ask': 593.86}","{'bid': 590.85, 'ask': 590.98}",4750,591.01,593.74,590.85,593.12
2025-02-25 17:00:00,2025-02-25T17:00:00,2025-02-25T17:00:00,"{'bid': 593.11, 'ask': 593.23}","{'bid': 592.67, 'ask': 592.81}","{'bid': 593.31, 'ask': 593.43}","{'bid': 592.47, 'ask': 592.61}",3740,593.11,593.31,592.47,592.67
2025-02-25 17:15:00,2025-02-25T17:15:00,2025-02-25T17:15:00,"{'bid': 592.67, 'ask': 592.8}","{'bid': 593.61, 'ask': 593.74}","{'bid': 593.62, 'ask': 593.75}","{'bid': 592.05, 'ask': 592.17}",3166,592.67,593.62,592.05,593.61
2025-02-25 17:30:00,2025-02-25T17:30:00,2025-02-25T17:30:00,"{'bid': 593.58, 'ask': 593.71}","{'bid': 594.07, 'ask': 594.2}","{'bid': 594.45, 'ask': 594.58}","{'bid': 593.4, 'ask': 593.53}",3058,593.58,594.45,593.4,594.07
2025-02-25 17:45:00,2025-02-25T17:45:00,2025-02-25T17:45:00,"{'bid': 594.07, 'ask': 594.19}","{'bid': 594.73, 'ask': 594.85}","{'bid': 594.73, 'ask': 594.86}","{'bid': 593.8, 'ask': 593.92}",2540,594.07,594.73,593.8,594.73
2025-02-25 18:00:00,2025-02-25T18:00:00,2025-02-25T18:00:00,"{'bid': 594.72, 'ask': 594.85}","{'bid': 594.88, 'ask': 595.01}","{'bid': 596.1, 'ask': 596.23}","{'bid': 594.71, 'ask': 594.84}",3029,594.72,596.1,594.71,594.88
2025-02-25 18:15:00,2025-02-25T18:15:00,2025-02-25T18:15:00,"{'bid': 594.87, 'ask': 595.0}","{'bid': 593.63, 'ask': 593.76}","{'bid': 595.14, 'ask': 595.27}","{'bid': 593.58, 'ask': 593.71}",3277,594.87,595.14,593.58,593.63
2025-02-25 18:30:00,2025-02-25T18:30:00,2025-02-25T18:30:00,"{'bid': 593.65, 'ask': 593.77}","{'bid': 595.53, 'ask': 595.67}","{'bid': 595.8, 'ask': 595.93}","{'bid': 593.54, 'ask': 593.66}",3797,593.65,595.8,593.54,595.53
2025-02-25 18:45:00,2025-02-25T18:45:00,2025-02-25T18:45:00,"{'bid': 595.55, 'ask': 595.68}","{'bid': 594.65, 'ask': 594.77}","{'bid': 595.77, 'ask': 595.9}","{'bid': 594.56, 'ask': 594.68}",3151,595.55,595.77,594.56,594.65
2025-02-25 19:00:00,2025-02-25T19:00:00,2025-02-25T19:00:00,"{'bid': 594.64, 'ask': 594.77}","{'bid': 593.49, 'ask': 593.61}","{'bid': 594.81, 'ask': 594.95}","{'bid': 593.48, 'ask': 593.6}",3229,594.64,594.81,593.48,593.49
2025-02-25 19:15:00,2025-02-25T19:15:00,2025-02-25T19:15:00,"{'bid': 593.49, 'ask': 593.62}","{'bid': 593.0, 'ask': 593.14}","{'bid': 593.81, 'ask': 593.94}","{'bid': 592.96, 'ask': 593.09}",3523,593.49,593.81,592.96,593.0
2025-02-25 19:30:00,2025-02-25T19:30:00,2025-02-25T19:30:00,"{'bid': 593.0, 'ask': 593.13}","{'bid': 595.26, 'ask': 595.39}","{'bid': 595.52, 'ask': 595.64}","{'bid': 592.96, 'ask': 593.08}",3816,593.0,595.52,592.96,595.26
2025-02-25 19:45:00,2025-02-25T19:45:00,2025-02-25T19:45:00,"{'bid': 595.27, 'ask': 595.39}","{'bid': 595.17, 'ask': 595.3}","{'bid': 595.4, 'ask': 595.53}","{'bid': 594.29, 'ask': 594.43}",3542,595.27,595.4,594.29,595.17
2025-02-25 20:00:00,2025-02-25T20:00:00,2025-02-25T20:00:00,"{'bid': 595.18, 'ask': 595.3}","{'bid': 595.11, 'ask': 595.23}","{'bid': 595.78, 'ask': 595.91}","{'bid': 594.66, 'ask': 594.79}",3731,595.18,595.78,594.66,595.11
2025-02-25 20:15:00,2025-02-25T20:15:00,2025-02-25T20:15:00,"{'bid': 595.13, 'ask': 595.25}","{'bid': 595.83, 'ask': 595.96}","{'bid': 596.6, 'ask': 596.72}","{'bid': 594.9, 'ask': 595.02}",4275,595.13,596.6,594.9,595.83
2025-02-25 20:30:00,2025-02-25T20:30:00,2025-02-25T20:30:00,"{'bid': 595.85, 'ask': 595.97}","{'bid': 594.08, 'ask': 594.21}","{'bid': 595.95, 'ask': 596.08}","{'bid': 593.82, 'ask': 593.94}",4883,595.85,595.95,593.82,594.08
2025-02-25 20:45:00,2025-02-25T20:45:00,2025-02-25T20:45:00,"{'bid': 594.08, 'ask': 594.2}","{'bid': 594.14, 'ask': 594.27}","{'bid': 594.78, 'ask': 594.95}","{'bid': 593.5, 'ask': 593.63}",5688,594.08,594.78,593.5,594.14
2025-02-25 21:00:00,2025-02-25T21:00:00,2025-02-25T21:00:00,"{'bid': 594.12, 'ask': 594.26}","{'bid': 594.8, 'ask': 594.94}","{'bid': 595.21, 'ask': 595.45}","{'bid': 593.93, 'ask': 594.14}",3051,594.12,595.21,593.93,594.8
2025-02-25 21:15:00,2025-02-25T21:15:00,2025-02-25T21:15:00,"{'bid': 594.78, 'ask': 594.93}","{'bid': 595.16, 'ask': 595.3}","{'bid': 595.32, 'ask': 595.5}","{'bid': 594.78, 'ask': 594.92}",742,594.78,595.32,594.78,595.16
2025-02-25 21:30:00,2025-02-25T21:30:00,2025-02-25T21:30:00,"{'bid': 595.16, 'ask': 595.31}","{'bid': 595.04, 'ask': 595.19}","{'bid': 595.16, 'ask': 595.45}","{'bid': 594.78, 'ask': 595.0}",523,595.16,595.16,594.78,595.04
2025-02-25 21:45:00,2025-02-25T21:45:00,2025-02-25T21:45:00,"{'bid': 595.05, 'ask': 595.2}","{'bid': 594.55, 'ask': 595.14}","{'bid': 595.26, 'ask': 595.5}","{'bid': 594.55, 'ask': 594.82}",680,595.05,595.26,594.55,594.55
2025-02-25 22:00:00,2025-02-25T22:00:00,2025-02-25T22:00:00,"{'bid': 594.81, 'ask': 595.14}","{'bid': 594.89, 'ask': 595.1}","{'bid': 594.95, 'ask': 595.14}","{'bid': 594.76, 'ask': 594.95}",149,594.81,594.95,594.76,594.89
2025-02-25 22:15:00,2025-02-25T22:15:00,2025-02-25T22:15:00,"{'bid': 594.85, 'ask': 595.1}","{'bid': 595.0, 'ask': 595.2}","{'bid': 595.06, 'ask': 595.2}","{'bid': 594.82, 'ask': 595.01}",116,594.85,595.06,594.82,595.0
2025-02-25 22:30:00,2025-02-25T22:30:00,2025-02-25T22:30:00,"{'bid': 595.02, 'ask': 595.2}","{'bid': 594.99, 'ask': 595.13}","{'bid': 595.04, 'ask': 595.2}","{'bid': 594.91, 'ask': 595.05}",27,595.02,595.04,594.91,594.99
2025-02-25 22:45:00,2025-02-25T22:45:00,2025-02-25T22:45:00,"{'bid': 595.0, 'ask': 595.13}","{'bid': 595.12, 'ask': 595.5}","{'bid': 595.26, 'ask': 595.5}","{'bid': 594.97, 'ask': 595.13}",56,595.0,595.26,594.97,595.12
2025-02-25 23:00:00,2025-02-25T23:00:00,2025-02-25T23:00:00,"{'bid': 595.27, 'ask': 595.5}","{'bid': 595.4, 'ask': 595.59}","{'bid': 595.86, 'ask': 596.45}","{'bid': 595.1, 'ask': 595.5}",389,595.27,595.86,595.1,595.4
2025-02-25 23:15:00,2025-02-25T23:15:00,2025-02-25T23:15:00,"{'bid': 595.4, 'ask': 595.6}","{'bid': 595.35, 'ask': 595.53}","{'bid': 595.57, 'ask': 596.01}","{'bid': 595.15, 'ask': 595.53}",314,595.4,595.57,595.15,595.35
2025-02-25 23:30:00,2025-02-25T23:30:00,2025-02-25T23:30:00,"{'bid': 595.28, 'ask': 595.53}","{'bid': 595.4, 'ask': 595.59}","{'bid': 595.6, 'ask': 596.01}","{'bid': 595.1, 'ask': 595.47}",313,595.28,595.6,595.1,595.4
2025-02-25 23:45:00,2025-02-25T23:45:00,2025-02-25T23:45:00,"{'bid': 595.15, 'ask': 595.59}","{'bid': 595.59, 'ask': 595.74}","{'bid': 595.61, 'ask': 596.05}","{'bid': 595.1, 'ask': 595.35}",377,595.15,595.61,595.1,595.59
2025-02-26 00:00:00,2025-02-26T00:00:00,2025-02-26T00:00:00,"{'bid': 595.58, 'ask': 595.74}","{'bid': 595.37, 'ask': 595.53}","{'bid': 595.81, 'ask': 596.25}","{'bid': 594.97, 'ask': 595.49}",508,595.58,595.81,594.97,595.37
2025-02-26 00:15:00,2025-02-26T00:15:00,2025-02-26T00:15:00,"{'bid': 595.38, 'ask': 595.54}","{'bid': 595.73, 'ask': 595.85}","{'bid': 595.78, 'ask': 596.05}","{'bid': 595.15, 'ask': 595.48}",381,595.38,595.78,595.15,595.73
2025-02-26 00:30:00,2025-02-26T00:30:00,2025-02-26T00:30:00,"{'bid': 595.64, 'ask': 595.85}","{'bid': 595.55, 'ask': 595.71}","{'bid': 595.88, 'ask': 596.25}","{'bid': 595.15, 'ask': 595.66}",286,595.64,595.88,595.15,595.55
2025-02-26 00:45:00,2025-02-26T00:45:00,2025-02-26T00:45:00,"{'bid': 595.55, 'ask': 595.7}","{'bid': 595.92, 'ask': 596.07}","{'bid': 595.92, 'ask': 596.25}","{'bid': 595.45, 'ask': 595.67}",317,595.55,595.92,595.45,595.92
2025-02-26 09:00:00,2025-02-26T09:00:00,2025-02-26T09:00:00,"{'bid': 596.7, 'ask': 597.25}","{'bid': 596.93, 'ask': 597.08}","{'bid': 596.95, 'ask': 597.34}","{'bid': 596.35, 'ask': 596.78}",578,596.7,596.95,596.35,596.93
2025-02-26 09:15:00,2025-02-26T09:15:00,2025-02-26T09:15:00,"{'bid': 596.95, 'ask': 597.11}","{'bid': 597.14, 'ask': 597.3}","{'bid': 597.37, 'ask': 597.52}","{'bid': 596.56, 'ask': 597.08}",512,596.95,597.37,596.56,597.14
2025-02-26 09:30:00,2025-02-26T09:30:00,2025-02-26T09:30:00,"{'bid': 597.15, 'ask': 597.31}","{'bid': 596.98, 'ask': 597.12}","{'bid': 597.17, 'ask': 597.45}","{'bid': 596.55, 'ask': 596.97}",497,597.15,597.17,596.55,596.98
2025-02-26 09:45:00,2025-02-26T09:45:00,2025-02-26T09:45:00,"{'bid': 596.97, 'ask': 597.11}","{'bid': 596.93, 'ask': 597.07}","{'bid': 597.1, 'ask': 597.45}","{'bid': 596.85, 'ask': 597.02}",369,596.97,597.1,596.85,596.93
2025-02-26 10:00:00,2025-02-26T10:00:00,2025-02-26T10:00:00,"{'bid': 596.93, 'ask': 597.08}","{'bid': 596.91, 'ask': 597.06}","{'bid': 597.31, 'ask': 597.52}","{'bid': 596.55, 'ask': 597.04}",387,596.93,597.31,596.55,596.91
2025-02-26 10:15:00,2025-02-26T10:15:00,2025-02-26T10:15:00,"{'bid': 596.9, 'ask': 597.06}","{'bid': 596.93, 'ask': 597.13}","{'bid': 597.04, 'ask': 597.45}","{'bid': 596.55, 'ask': 596.92}",326,596.9,597.04,596.55,596.93
2025-02-26 10:30:00,2025-02-26T10:30:00,2025-02-26T10:30:00,"{'bid': 596.95, 'ask': 597.13}","{'bid': 597.06, 'ask': 597.25}","{'bid': 597.08, 'ask': 597.45}","{'bid': 596.78, 'ask': 596.98}",345,596.95,597.08,596.78,597.06
2025-02-26 10:45:00,2025-02-26T10:45:00,2025-02-26T10:45:00,"{'bid': 597.09, 'ask': 597.34}","{'bid': 597.18, 'ask': 597.34}","{'bid': 597.28, 'ask': 597.52}","{'bid': 596.75, 'ask': 597.25}",255,597.09,597.28,596.75,597.18
2025-02-26 11:00:00,2025-02-26T11:00:00,2025-02-26T11:00:00,"{'bid': 597.19, 'ask': 597.34}","{'bid': 597.31, 'ask': 597.45}","{'bid': 597.35, 'ask': 597.51}","{'bid': 596.76, 'ask': 597.13}",319,597.19,597.35,596.76,597.31
2025-02-26 11:15:00,2025-02-26T11:15:00,2025-02-26T11:15:00,"{'bid': 597.31, 'ask': 597.46}","{'bid': 597.12, 'ask': 597.26}","{'bid': 597.44, 'ask': 597.85}","{'bid': 596.75, 'ask': 597.22}",320,597.31,597.44,596.75,597.12
2025-02-26 11:30:00,2025-02-26T11:30:00,2025-02-26T11:30:00,"{'bid': 597.1, 'ask': 597.27}","{'bid': 597.41, 'ask': 597.59}","{'bid': 597.44, 'ask': 597.85}","{'bid': 597.1, 'ask': 597.27}",327,597.1,597.44,597.1,597.41
2025-02-26 11:45:00,2025-02-26T11:45:00,2025-02-26T11:45:00,"{'bid': 597.41, 'ask': 597.58}","{'bid': 596.74, 'ask': 596.89}","{'bid': 597.41, 'ask': 597.58}","{'bid': 596.15, 'ask': 596.61}",709,597.41,597.41,596.15,596.74
2025-02-26 12:00:00,2025-02-26T12:00:00,2025-02-26T12:00:00,"{'bid': 596.7, 'ask': 596.88}","{'bid': 597.02, 'ask': 597.15}","{'bid': 597.03, 'ask': 597.25}","{'bid': 596.35, 'ask': 596.68}",694,596.7,597.03,596.35,597.02
2025-02-26 12:15:00,2025-02-26T12:15:00,2025-02-26T12:15:00,"{'bid': 597.01, 'ask': 597.15}","{'bid': 596.82, 'ask': 597.05}","{'bid': 597.09, 'ask': 597.24}","{'bid': 596.8, 'ask': 596.95}",388,597.01,597.09,596.8,596.82
2025-02-26 12:30:00,2025-02-26T12:30:00,2025-02-26T12:30:00,"{'bid': 596.81, 'ask': 597.01}","{'bid': 596.97, 'ask': 597.16}","{'bid': 597.06, 'ask': 597.25}","{'bid': 596.55, 'ask': 596.98}",396,596.81,597.06,596.55,596.97
2025-02-26 12:45:00,2025-02-26T12:45:00,2025-02-26T12:45:00,"{'bid': 596.99, 'ask': 597.18}","{'bid': 596.75, 'ask': 596.9}","{'bid': 597.02, 'ask': 597.25}","{'bid': 595.96, 'ask': 596.36}",1066,596.99,597.02,595.96,596.75
2025-02-26 13:00:00,2025-02-26T13:00:00,2025-02-26T13:00:00,"{'bid': 596.75, 'ask': 596.89}","{'bid': 597.0, 'ask': 597.14}","{'bid': 597.0, 'ask': 597.15}","{'bid': 596.36, 'ask': 596.58}",870,596.75,597.0,596.36,597.0
2025-02-26 13:15:00,2025-02-26T13:15:00,2025-02-26T13:15:00,"{'bid': 596.56, 'ask': 597.13}","{'bid': 597.42, 'ask': 597.55}","{'bid': 597.42, 'ask': 597.57}","{'bid': 596.55, 'ask': 597.01}",732,596.56,597.42,596.55,597.42
2025-02-26 13:30:00,2025-02-26T13:30:00,2025-02-26T13:30:00,"{'bid': 597.41, 'ask': 597.56}","{'bid': 596.93, 'ask': 597.08}","{'bid': 597.52, 'ask': 597.68}","{'bid': 596.75, 'ask': 597.02}",944,597.41,597.52,596.75,596.93
2025-02-26 13:45:00,2025-02-26T13:45:00,2025-02-26T13:45:00,"{'bid': 596.93, 'ask': 597.06}","{'bid': 596.42, 'ask': 596.57}","{'bid': 597.04, 'ask': 597.25}","{'bid': 596.01, 'ask': 596.19}",1484,596.93,597.04,596.01,596.42
2025-02-26 14:00:00,2025-02-26T14:00:00,2025-02-26T14:00:00,"{'bid': 596.37, 'ask': 596.54}","{'bid': 596.25, 'ask': 596.39}","{'bid': 596.8, 'ask': 596.95}","{'bid': 596.15, 'ask': 596.32}",1707,596.37,596.8,596.15,596.25
2025-02-26 14:15:00,2025-02-26T14:15:00,2025-02-26T14:15:00,"{'bid': 596.25, 'ask': 596.38}","{'bid': 595.83, 'ask': 595.99}","{'bid': 596.46, 'ask': 596.8}","{'bid': 595.55, 'ask': 595.77}",2429,596.25,596.46,595.55,595.83
2025-02-26 14:30:00,2025-02-26T14:30:00,2025-02-26T14:30:00,"{'bid': 595.81, 'ask': 595.97}","{'bid': 595.85, 'ask': 595.98}","{'bid': 596.43, 'ask': 596.56}","{'bid': 595.04, 'ask': 595.16}",5809,595.81,596.43,595.04,595.85
2025-02-26 14:45:00,2025-02-26T14:45:00,2025-02-26T14:45:00,"{'bid': 595.86, 'ask': 595.98}","{'bid': 597.63, 'ask': 597.76}","{'bid': 597.73, 'ask': 597.87}","{'bid': 595.6, 'ask': 595.72}",4739,595.86,597.73,595.6,597.63
2025-02-26 15:00:00,2025-02-26T15:00:00,2025-02-26T15:00:00,"{'bid': 597.64, 'ask': 597.77}","{'bid': 598.56, 'ask': 598.69}","{'bid': 598.65, 'ask': 598.78}","{'bid': 597.18, 'ask': 597.31}",4854,597.64,598.65,597.18,598.56
2025-02-26 15:15:00,2025-02-26T15:15:00,2025-02-26T15:15:00,"{'bid': 598.56, 'ask': 598.68}","{'bid': 597.88, 'ask': 598.01}","{'bid': 599.21, 'ask': 599.33}","{'bid': 597.6, 'ask': 597.73}",4594,598.56,599.21,597.6,597.88
2025-02-26 15:30:00,2025-02-26T15:30:00,2025-02-26T15:30:00,"{'bid': 597.87, 'ask': 598.0}","{'bid': 598.69, 'ask': 598.82}","{'bid': 598.99, 'ask': 599.11}","{'bid': 597.86, 'ask': 598.0}",4908,597.87,598.99,597.86,598.69
2025-02-26 15:45:00,2025-02-26T15:45:00,2025-02-26T15:45:00,"{'bid': 598.7, 'ask': 598.82}","{'bid': 598.8, 'ask': 598.92}","{'bid': 599.16, 'ask': 599.28}","{'bid': 598.24, 'ask': 598.37}",4202,598.7,599.16,598.24,598.8
2025-02-26 16:00:00,2025-02-26T16:00:00,2025-02-26T16:00:00,"{'bid': 598.81, 'ask': 598.93}","{'bid': 599.39, 'ask': 599.51}","{'bid': 599.52, 'ask': 599.65}","{'bid': 598.81, 'ask': 598.93}",3372,598.81,599.52,598.81,599.39
2025-02-26 16:15:00,2025-02-26T16:15:00,2025-02-26T16:15:00,"{'bid': 599.38, 'ask': 599.51}","{'bid': 598.6, 'ask': 598.73}","{'bid': 599.47, 'ask': 599.59}","{'bid': 598.58, 'ask': 598.72}",3565,599.38,599.47,598.58,598.6
2025-02-26 16:30:00,2025-02-26T16:30:00,2025-02-26T16:30:00,"{'bid': 598.61, 'ask': 598.74}","{'bid': 598.81, 'ask': 598.94}","{'bid': 599.38, 'ask': 599.51}","{'bid': 598.03, 'ask': 598.15}",4015,598.61,599.38,598.03,598.81
2025-02-26 16:45:00,2025-02-26T16:45:00,2025-02-26T16:45:00,"{'bid': 598.8, 'ask': 598.92}","{'bid': 597.96, 'ask': 598.09}","{'bid': 599.23, 'ask': 599.36}","{'bid': 597.76, 'ask': 597.89}",3509,598.8,599.23,597.76,597.96
2025-02-26 17:00:00,2025-02-26T17:00:00,2025-02-26T17:00:00,"{'bid': 597.94, 'ask': 598.08}","{'bid': 598.98, 'ask': 599.11}","{'bid': 599.04, 'ask': 599.16}","{'bid': 597.61, 'ask': 597.73}",3339,597.94,599.04,597.61,598.98
2025-02-26 17:15:00,2025-02-26T17:15:00,2025-02-26T17:15:00,"{'bid': 598.97, 'ask': 599.09}","{'bid': 598.53, 'ask': 598.66}","{'bid': 599.32, 'ask': 599.44}","{'bid': 597.96, 'ask': 598.09}",4122,598.97,599.32,597.96,598.53
2025-02-26 17:30:00,2025-02-26T17:30:00,2025-02-26T17:30:00,"{'bid': 598.53, 'ask': 598.65}","{'bid': 597.25, 'ask': 597.38}","{'bid': 598.92, 'ask': 599.07}","{'bid': 596.71, 'ask': 596.84}",4658,598.53,598.92,596.71,597.25
2025-02-26 17:45:00,2025-02-26T17:45:00,2025-02-26T17:45:00,"{'bid': 597.26, 'ask': 597.39}","{'bid': 595.55, 'ask': 595.67}","{'bid': 597.44, 'ask': 597.57}","{'bid': 595.04, 'ask': 595.17}",4436,597.26,597.44,595.04,595.55
2025-02-26 18:00:00,2025-02-26T18:00:00,2025-02-26T18:00:00,"{'bid': 595.53, 'ask': 595.65}","{'bid': 595.37, 'ask': 595.49}","{'bid': 595.8, 'ask': 595.92}","{'bid': 594.79, 'ask': 594.92}",4447,595.53,595.8,594.79,595.37
2025-02-26 18:15:00,2025-02-26T18:15:00,2025-02-26T18:15:00,"{'bid': 595.36, 'ask': 595.48}","{'bid': 593.84, 'ask': 593.97}","{'bid': 595.56, 'ask': 595.69}","{'bid': 593.79, 'ask': 593.91}",4180,595.36,595.56,593.79,593.84
2025-02-26 18:30:00,2025-02-26T18:30:00,2025-02-26T18:30:00,"{'bid': 593.83, 'ask': 593.95}","{'bid': 593.56, 'ask': 593.68}","{'bid': 594.52, 'ask': 594.65}","{'bid': 593.12, 'ask': 593.24}",4474,593.83,594.52,593.12,593.56
2025-02-26 18:45:00,2025-02-26T18:45:00,2025-02-26T18:45:00,"{'bid': 593.56, 'ask': 593.69}","{'bid': 592.51, 'ask': 592.63}","{'bid': 593.82, 'ask': 593.95}","{'bid': 592.06, 'ask': 592.19}",4395,593.56,593.82,592.06,592.51
2025-02-26 19:00:00,2025-02-26T19:00:00,2025-02-26T19:00:00,"{'bid': 592.51, 'ask': 592.64}","{'bid': 592.46, 'ask': 592.58}","{'bid': 593.23, 'ask': 593.36}","{'bid': 591.79, 'ask': 591.92}",4604,592.51,593.23,591.79,592.46
2025-02-26 19:15:00,2025-02-26T19:15:00,2025-02-26T19:15:00,"{'bid': 592.45, 'ask': 592.57}","{'bid': 593.32, 'ask': 593.45}","{'bid': 593.83, 'ask': 593.96}","{'bid': 591.91, 'ask': 592.03}",4185,592.45,593.83,591.91,593.32
2025-02-26 19:30:00,2025-02-26T19:30:00,2025-02-26T19:30:00,"{'bid': 593.32, 'ask': 593.44}","{'bid': 594.12, 'ask': 594.24}","{'bid': 594.58, 'ask': 594.71}","{'bid': 593.18, 'ask': 593.31}",3716,593.32,594.58,593.18,594.12
2025-02-26 19:45:00,2025-02-26T19:45:00,2025-02-26T19:45:00,"{'bid': 594.12, 'ask': 594.25}","{'bid': 592.7, 'ask': 592.82}","{'bid': 594.45, 'ask': 594.57}","{'bid': 592.55, 'ask': 592.67}",3337,594.12,594.45,592.55,592.7
2025-02-26 20:00:00,2025-02-26T20:00:00,2025-02-26T20:00:00,"{'bid': 592.7, 'ask': 592.83}","{'bid': 593.18, 'ask': 593.3}","{'bid': 593.65, 'ask': 593.78}","{'bid': 592.41, 'ask': 592.53}",3788,592.7,593.65,592.41,593.18
2025-02-26 20:15:00,2025-02-26T20:15:00,2025-02-26T20:15:00,"{'bid': 593.17, 'ask': 593.29}","{'bid': 593.53, 'ask': 593.66}","{'bid': 593.93, 'ask': 594.05}","{'bid': 592.89, 'ask': 593.02}",3394,593.17,593.93,592.89,593.53
2025-02-26 20:30:00,2025-02-26T20:30:00,2025-02-26T20:30:00,"{'bid': 593.52, 'ask': 593.65}","{'bid': 594.73, 'ask': 594.86}","{'bid': 594.9, 'ask': 595.03}","{'bid': 593.09, 'ask': 593.21}",3680,593.52,594.9,593.09,594.73
2025-02-26 20:45:00,2025-02-26T20:45:00,2025-02-26T20:45:00,"{'bid': 594.73, 'ask': 594.85}","{'bid': 594.39, 'ask': 594.51}","{'bid': 595.22, 'ask': 595.34}","{'bid': 593.63, 'ask': 593.76}",5049,594.73,595.22,593.63,594.39
2025-02-26 21:00:00,2025-02-26T21:00:00,2025-02-26T21:00:00,"{'bid': 594.38, 'ask': 594.5}","{'bid': 594.69, 'ask': 594.84}","{'bid': 595.25, 'ask': 595.85}","{'bid': 593.95, 'ask': 594.1}",2168,594.38,595.25,593.95,594.69
2025-02-26 21:15:00,2025-02-26T21:15:00,2025-02-26T21:15:00,"{'bid': 594.73, 'ask': 594.86}","{'bid': 594.44, 'ask': 594.65}","{'bid': 597.22, 'ask': 597.9}","{'bid': 591.71, 'ask': 592.44}",3154,594.73,597.22,591.71,594.44
2025-02-26 21:30:00,2025-02-26T21:30:00,2025-02-26T21:30:00,"{'bid': 594.44, 'ask': 594.68}","{'bid': 594.94, 'ask': 595.09}","{'bid': 595.21, 'ask': 595.65}","{'bid': 593.65, 'ask': 593.92}",1609,594.44,595.21,593.65,594.94
2025-02-26 21:45:00,2025-02-26T21:45:00,2025-02-26T21:45:00,"{'bid': 594.73, 'ask': 595.14}","{'bid': 595.91, 'ask': 596.39}","{'bid': 596.31, 'ask': 597.05}","{'bid': 594.7, 'ask': 595.06}",1300,594.73,596.31,594.7,595.91
2025-02-26 22:00:00,2025-02-26T22:00:00,2025-02-26T22:00:00,"{'bid': 596.16, 'ask': 596.39}","{'bid': 596.19, 'ask': 596.4}","{'bid': 596.58, 'ask': 597.25}","{'bid': 595.91, 'ask': 596.19}",201,596.16,596.58,595.91,596.19
2025-02-26 22:15:00,2025-02-26T22:15:00,2025-02-26T22:15:00,"{'bid': 596.2, 'ask': 596.4}","{'bid': 595.87, 'ask': 596.14}","{'bid': 596.24, 'ask': 596.4}","{'bid': 595.4, 'ask': 595.71}",134,596.2,596.24,595.4,595.87
2025-02-26 22:30:00,2025-02-26T22:30:00,2025-02-26T22:30:00,"{'bid': 595.71, 'ask': 596.14}","{'bid': 595.75, 'ask': 595.99}","{'bid': 596.01, 'ask': 596.14}","{'bid': 595.71, 'ask': 595.85}",45,595.71,596.01,595.71,595.75
2025-02-26 22:45:00,2025-02-26T22:45:00,2025-02-26T22:45:00,"{'bid': 595.76, 'ask': 595.99}","{'bid': 595.05, 'ask': 595.85}","{'bid': 595.8, 'ask': 596.05}","{'bid': 595.01, 'ask': 595.35}",73,595.76,595.8,595.01,595.05
2025-02-26 23:00:00,2025-02-26T23:00:00,2025-02-26T23:00:00,"{'bid': 595.01, 'ask': 595.85}","{'bid': 594.7, 'ask': 594.95}","{'bid': 595.46, 'ask': 596.0}","{'bid': 594.55, 'ask': 594.84}",971,595.01,595.46,594.55,594.7
2025-02-26 23:15:00,2025-02-26T23:15:00,2025-02-26T23:15:00,"{'bid': 594.71, 'ask': 594.9}","{'bid': 594.46, 'ask': 594.59}","{'bid': 595.13, 'ask': 595.32}","{'bid': 593.8, 'ask': 593.93}",1102,594.71,595.13,593.8,594.46
2025-02-26 23:30:00,2025-02-26T23:30:00,2025-02-26T23:30:00,"{'bid': 594.47, 'ask': 594.59}","{'bid': 594.4, 'ask': 594.57}","{'bid': 594.82, 'ask': 595.25}","{'bid': 594.1, 'ask': 594.54}",906,594.47,594.82,594.1,594.4
2025-02-26 23:45:00,2025-02-26T23:45:00,2025-02-26T23:45:00,"{'bid': 594.34, 'ask': 594.57}","{'bid': 595.02, 'ask': 595.19}","{'bid': 595.07, 'ask': 595.4}","{'bid': 594.25, 'ask': 594.57}",705,594.34,595.07,594.25,595.02
2025-02-27 00:00:00,2025-02-27T00:00:00,2025-02-27T00:00:00,"{'bid': 594.95, 'ask': 595.16}","{'bid': 594.74, 'ask': 594.9}","{'bid': 595.35, 'ask': 595.7}","{'bid': 594.4, 'ask': 594.82}",1026,594.95,595.35,594.4,594.74
2025-02-27 00:15:00,2025-02-27T00:15:00,2025-02-27T00:15:00,"{'bid': 594.73, 'ask': 594.89}","{'bid': 594.11, 'ask': 594.31}","{'bid': 594.8, 'ask': 595.25}","{'bid': 593.8, 'ask': 593.92}",1562,594.73,594.8,593.8,594.11
2025-02-27 00:30:00,2025-02-27T00:30:00,2025-02-27T00:30:00,"{'bid': 594.12, 'ask': 594.3}","{'bid': 594.16, 'ask': 594.34}","{'bid': 594.22, 'ask': 594.65}","{'bid': 593.8, 'ask': 594.01}",1009,594.12,594.22,593.8,594.16
2025-02-27 00:45:00,2025-02-27T00:45:00,2025-02-27T00:45:00,"{'bid': 594.17, 'ask': 594.34}","{'bid': 593.63, 'ask': 593.79}","{'bid': 594.26, 'ask': 594.65}","{'bid': 593.4, 'ask': 593.69}",898,594.17,594.26,593.4,593.63
2025-02-27 09:00:00,2025-02-27T09:00:00,2025-02-27T09:00:00,"{'bid': 597.59, 'ask': 597.81}","{'bid': 597.06, 'ask': 597.25}","{'bid': 597.65, 'ask': 598.1}","{'bid': 596.8, 'ask': 597.25}",736,597.59,597.65,596.8,597.06
2025-02-27 09:15:00,2025-02-27T09:15:00,2025-02-27T09:15:00,"{'bid': 597.06, 'ask': 597.26}","{'bid': 597.67, 'ask': 597.85}","{'bid': 597.67, 'ask': 597.95}","{'bid': 596.65, 'ask': 597.14}",521,597.06,597.67,596.65,597.67
2025-02-27 09:30:00,2025-02-27T09:30:00,2025-02-27T09:30:00,"{'bid': 597.67, 'ask': 597.86}","{'bid': 597.69, 'ask': 597.84}","{'bid': 597.82, 'ask': 598.25}","{'bid': 597.25, 'ask': 597.66}",497,597.67,597.82,597.25,597.69
2025-02-27 09:45:00,2025-02-27T09:45:00,2025-02-27T09:45:00,"{'bid': 597.68, 'ask': 597.84}","{'bid': 597.72, 'ask': 597.9}","{'bid': 597.89, 'ask': 598.05}","{'bid': 597.25, 'ask': 597.75}",458,597.68,597.89,597.25,597.72
2025-02-27 10:00:00,2025-02-27T10:00:00,2025-02-27T10:00:00,"{'bid': 597.72, 'ask': 597.91}","{'bid': 597.65, 'ask': 597.8}","{'bid': 597.81, 'ask': 598.05}","{'bid': 597.25, 'ask': 597.61}",599,597.72,597.81,597.25,597.65
2025-02-27 10:15:00,2025-02-27T10:15:00,2025-02-27T10:15:00,"{'bid': 597.64, 'ask': 597.8}","{'bid': 597.73, 'ask': 597.9}","{'bid': 598.04, 'ask': 598.55}","{'bid': 597.56, 'ask': 597.73}",491,597.64,598.04,597.56,597.73
2025-02-27 10:30:00,2025-02-27T10:30:00,2025-02-27T10:30:00,"{'bid': 597.73, 'ask': 597.91}","{'bid': 597.55, 'ask': 597.75}","{'bid': 597.73, 'ask': 598.24}","{'bid': 597.26, 'ask': 597.52}",390,597.73,597.73,597.26,597.55
2025-02-27 10:45:00,2025-02-27T10:45:00,2025-02-27T10:45:00,"{'bid': 597.56, 'ask': 597.75}","{'bid': 597.7, 'ask': 597.88}","{'bid': 597.73, 'ask': 598.25}","{'bid': 597.4, 'ask': 597.59}",280,597.56,597.73,597.4,597.7
2025-02-27 11:00:00,2025-02-27T11:00:00,2025-02-27T11:00:00,"{'bid': 597.7, 'ask': 597.89}","{'bid': 597.99, 'ask': 598.14}","{'bid': 598.13, 'ask': 598.48}","{'bid': 597.25, 'ask': 597.85}",378,597.7,598.13,597.25,597.99
2025-02-27 11:15:00,2025-02-27T11:15:00,2025-02-27T11:15:00,"{'bid': 597.98, 'ask': 598.13}","{'bid': 597.88, 'ask': 598.07}","{'bid': 598.09, 'ask': 598.55}","{'bid': 597.55, 'ask': 597.96}",484,597.98,598.09,597.55,597.88
2025-02-27 11:30:00,2025-02-27T11:30:00,2025-02-27T11:30:00,"{'bid': 597.91, 'ask': 598.08}","{'bid': 597.85, 'ask': 598.02}","{'bid': 598.01, 'ask': 598.55}","{'bid': 597.55, 'ask': 597.84}",553,597.91,598.01,597.55,597.85
2025-02-27 11:45:00,2025-02-27T11:45:00,2025-02-27T11:45:00,"{'bid': 597.88, 'ask': 598.04}","{'bid': 598.28, 'ask': 598.45}","{'bid': 598.29, 'ask': 598.55}","{'bid': 597.55, 'ask': 598.0}",429,597.88,598.29,597.55,598.28
2025-02-27 12:00:00,2025-02-27T12:00:00,2025-02-27T12:00:00,"{'bid': 597.87, 'ask': 598.41}","{'bid': 598.13, 'ask': 598.28}","{'bid': 598.44, 'ask': 598.85}","{'bid': 597.85, 'ask': 598.25}",688,597.87,598.44,597.85,598.13
2025-02-27 12:15:00,2025-02-27T12:15:00,2025-02-27T12:15:00,"{'bid': 598.12, 'ask': 598.27}","{'bid': 598.25, 'ask': 598.38}","{'bid': 598.38, 'ask': 598.5}","{'bid': 597.85, 'ask': 598.18}",457,598.12,598.38,597.85,598.25
2025-02-27 12:30:00,2025-02-27T12:30:00,2025-02-27T12:30:00,"{'bid': 598.25, 'ask': 598.43}","{'bid': 598.41, 'ask': 598.6}","{'bid': 598.61, 'ask': 598.92}","{'bid': 598.1, 'ask': 598.29}",675,598.25,598.61,598.1,598.41
2025-02-27 12:45:00,2025-02-27T12:45:00,2025-02-27T12:45:00,"{'bid': 598.42, 'ask': 598.59}","{'bid': 597.9, 'ask': 598.08}","{'bid': 598.53, 'ask': 598.8}","{'bid': 597.55, 'ask': 597.95}",732,598.42,598.53,597.55,597.9
2025-02-27 13:00:00,2025-02-27T13:00:00,2025-02-27T13:00:00,"{'bid': 597.9, 'ask': 598.05}","{'bid': 597.97, 'ask': 598.12}","{'bid': 598.11, 'ask': 598.29}","{'bid': 597.25, 'ask': 597.89}",792,597.9,598.11,597.25,597.97
2025-02-27 13:15:00,2025-02-27T13:15:00,2025-02-27T13:15:00,"{'bid': 597.56, 'ask': 598.08}","{'bid': 594.95, 'ask': 597.87}","{'bid': 598.2, 'ask': 598.55}","{'bid': 594.95, 'ask': 597.7}",991,597.56,598.2,594.95,594.95
2025-02-27 13:30:00,2025-02-27T13:30:00,2025-02-27T13:30:00,"{'bid': 594.95, 'ask': 597.82}","{'bid': 597.94, 'ask': 598.08}","{'bid': 598.0, 'ask': 598.18}","{'bid': 594.95, 'ask': 597.0}",2206,594.95,598.0,594.95,597.94
2025-02-27 13:45:00,2025-02-27T13:45:00,2025-02-27T13:45:00,"{'bid': 597.95, 'ask': 598.09}","{'bid': 595.82, 'ask': 595.97}","{'bid': 598.17, 'ask': 598.31}","{'bid': 594.95, 'ask': 595.14}",4746,597.95,598.17,594.95,595.82
2025-02-27 14:00:00,2025-02-27T14:00:00,2025-02-27T14:00:00,"{'bid': 595.77, 'ask': 595.95}","{'bid': 597.03, 'ask': 597.19}","{'bid': 597.22, 'ask': 597.65}","{'bid': 595.15, 'ask': 595.67}",2984,595.77,597.22,595.15,597.03
2025-02-27 14:15:00,2025-02-27T14:15:00,2025-02-27T14:15:00,"{'bid': 597.04, 'ask': 597.2}","{'bid': 596.78, 'ask': 596.93}","{'bid': 597.17, 'ask': 597.35}","{'bid': 596.35, 'ask': 596.62}",1940,597.04,597.17,596.35,596.78
2025-02-27 14:30:00,2025-02-27T14:30:00,2025-02-27T14:30:00,"{'bid': 596.77, 'ask': 596.92}","{'bid': 595.39, 'ask': 595.53}","{'bid': 597.96, 'ask': 598.09}","{'bid': 595.0, 'ask': 595.12}",6260,596.77,597.96,595.0,595.39
2025-02-27 14:45:00,2025-02-27T14:45:00,2025-02-27T14:45:00,"{'bid': 595.4, 'ask': 595.53}","{'bid': 592.37, 'ask': 592.52}","{'bid': 596.35, 'ask': 596.48}","{'bid': 592.09, 'ask': 592.22}",7103,595.4,596.35,592.09,592.37
2025-02-27 15:00:00,2025-02-27T15:00:00,2025-02-27T15:00:00,"{'bid': 592.35, 'ask': 592.49}","{'bid': 594.0, 'ask': 594.12}","{'bid': 594.3, 'ask': 594.44}","{'bid': 590.45, 'ask': 590.58}",8029,592.35,594.3,590.45,594.0
2025-02-27 15:15:00,2025-02-27T15:15:00,2025-02-27T15:15:00,"{'bid': 594.0, 'ask': 594.13}","{'bid': 595.4, 'ask': 595.53}","{'bid': 596.44, 'ask': 596.57}","{'bid': 593.78, 'ask': 593.91}",7333,594.0,596.44,593.78,595.4
2025-02-27 15:30:00,2025-02-27T15:30:00,2025-02-27T15:30:00,"{'bid': 595.42, 'ask': 595.54}","{'bid': 594.99, 'ask': 595.11}","{'bid': 595.66, 'ask': 595.79}","{'bid': 593.53, 'ask': 593.67}",7439,595.42,595.66,593.53,594.99
2025-02-27 15:45:00,2025-02-27T15:45:00,2025-02-27T15:45:00,"{'bid': 594.97, 'ask': 595.1}","{'bid': 593.38, 'ask': 593.51}","{'bid': 595.58, 'ask': 595.71}","{'bid': 593.22, 'ask': 593.35}",6865,594.97,595.58,593.22,593.38
2025-02-27 16:00:00,2025-02-27T16:00:00,2025-02-27T16:00:00,"{'bid': 593.39, 'ask': 593.52}","{'bid': 595.24, 'ask': 595.36}","{'bid': 595.29, 'ask': 595.41}","{'bid': 593.17, 'ask': 593.3}",6207,593.39,595.29,593.17,595.24
2025-02-27 16:15:00,2025-02-27T16:15:00,2025-02-27T16:15:00,"{'bid': 595.23, 'ask': 595.36}","{'bid': 594.07, 'ask': 594.19}","{'bid': 596.17, 'ask': 596.29}","{'bid': 593.78, 'ask': 593.9}",5302,595.23,596.17,593.78,594.07
2025-02-27 16:30:00,2025-02-27T16:30:00,2025-02-27T16:30:00,"{'bid': 594.08, 'ask': 594.21}","{'bid': 593.84, 'ask': 593.96}","{'bid': 594.9, 'ask': 595.02}","{'bid': 593.55, 'ask': 593.68}",4990,594.08,594.9,593.55,593.84
2025-02-27 16:45:00,2025-02-27T16:45:00,2025-02-27T16:45:00,"{'bid': 593.82, 'ask': 593.96}","{'bid': 592.39, 'ask': 592.52}","{'bid': 594.09, 'ask': 594.21}","{'bid': 592.2, 'ask': 592.33}",4538,593.82,594.09,592.2,592.39
2025-02-27 17:00:00,2025-02-27T17:00:00,2025-02-27T17:00:00,"{'bid': 592.41, 'ask': 592.53}","{'bid': 592.32, 'ask': 592.45}","{'bid': 592.96, 'ask': 593.09}","{'bid': 592.08, 'ask': 592.21}",4410,592.41,592.96,592.08,592.32
2025-02-27 17:15:00,2025-02-27T17:15:00,2025-02-27T17:15:00,"{'bid': 592.35, 'ask': 592.47}","{'bid': 593.89, 'ask': 594.01}","{'bid': 593.92, 'ask': 594.04}","{'bid': 591.32, 'ask': 591.45}",4186,592.35,593.92,591.32,593.89
2025-02-27 17:30:00,2025-02-27T17:30:00,2025-02-27T17:30:00,"{'bid': 593.89, 'ask': 594.02}","{'bid': 592.75, 'ask': 592.87}","{'bid': 594.41, 'ask': 594.54}","{'bid': 592.34, 'ask': 592.46}",4293,593.89,594.41,592.34,592.75
2025-02-27 17:45:00,2025-02-27T17:45:00,2025-02-27T17:45:00,"{'bid': 592.75, 'ask': 592.88}","{'bid': 593.36, 'ask': 593.49}","{'bid': 593.5, 'ask': 593.62}","{'bid': 592.32, 'ask': 592.45}",4280,592.75,593.5,592.32,593.36
2025-02-27 18:00:00,2025-02-27T18:00:00,2025-02-27T18:00:00,"{'bid': 593.38, 'ask': 593.5}","{'bid': 594.59, 'ask': 594.71}","{'bid': 594.85, 'ask': 594.97}","{'bid': 593.24, 'ask': 593.36}",4636,593.38,594.85,593.24,594.59
2025-02-27 18:15:00,2025-02-27T18:15:00,2025-02-27T18:15:00,"{'bid': 594.58, 'ask': 594.71}","{'bid': 594.53, 'ask': 594.66}","{'bid': 595.1, 'ask': 595.22}","{'bid': 594.14, 'ask': 594.26}",3563,594.58,595.1,594.14,594.53
2025-02-27 18:30:00,2025-02-27T18:30:00,2025-02-27T18:30:00,"{'bid': 594.54, 'ask': 594.66}","{'bid': 594.29, 'ask': 594.41}","{'bid': 594.89, 'ask': 595.01}","{'bid': 594.09, 'ask': 594.22}",3165,594.54,594.89,594.09,594.29
2025-02-27 18:45:00,2025-02-27T18:45:00,2025-02-27T18:45:00,"{'bid': 594.29, 'ask': 594.42}","{'bid': 593.66, 'ask': 593.79}","{'bid': 594.64, 'ask': 594.77}","{'bid': 593.59, 'ask': 593.71}",3803,594.29,594.64,593.59,593.66
2025-02-27 19:00:00,2025-02-27T19:00:00,2025-02-27T19:00:00,"{'bid': 593.65, 'ask': 593.77}","{'bid': 592.47, 'ask': 592.59}","{'bid': 593.77, 'ask': 593.9}","{'bid': 592.37, 'ask': 592.5}",4128,593.65,593.77,592.37,592.47
2025-02-27 19:15:00,2025-02-27T19:15:00,2025-02-27T19:15:00,"{'bid': 592.49, 'ask': 592.61}","{'bid': 590.7, 'ask': 590.82}","{'bid': 592.66, 'ask': 592.78}","{'bid': 590.63, 'ask': 590.75}",4476,592.49,592.66,590.63,590.7
2025-02-27 19:30:00,2025-02-27T19:30:00,2025-02-27T19:30:00,"{'bid': 590.71, 'ask': 590.84}","{'bid': 589.07, 'ask': 589.2}","{'bid': 590.73, 'ask': 590.86}","{'bid': 588.27, 'ask': 588.4}",6508,590.71,590.73,588.27,589.07
2025-02-27 19:45:00,2025-02-27T19:45:00,2025-02-27T19:45:00,"{'bid': 589.06, 'ask': 589.18}","{'bid': 589.21, 'ask': 589.33}","{'bid': 589.87, 'ask': 589.99}","{'bid': 588.7, 'ask': 588.83}",5645,589.06,589.87,588.7,589.21
2025-02-27 20:00:00,2025-02-27T20:00:00,2025-02-27T20:00:00,"{'bid': 589.22, 'ask': 589.35}","{'bid': 587.25, 'ask': 587.39}","{'bid': 589.3, 'ask': 589.42}","{'bid': 586.67, 'ask': 586.8}",5731,589.22,589.3,586.67,587.25
2025-02-27 20:15:00,2025-02-27T20:15:00,2025-02-27T20:15:00,"{'bid': 587.24, 'ask': 587.36}","{'bid': 586.24, 'ask': 586.37}","{'bid': 587.94, 'ask': 588.07}","{'bid': 586.17, 'ask': 586.29}",5408,587.24,587.94,586.17,586.24
2025-02-27 20:30:00,2025-02-27T20:30:00,2025-02-27T20:30:00,"{'bid': 586.23, 'ask': 586.36}","{'bid': 586.2, 'ask': 586.33}","{'bid': 587.5, 'ask': 587.64}","{'bid': 585.9, 'ask': 586.02}",5884,586.23,587.5,585.9,586.2
2025-02-27 20:45:00,2025-02-27T20:45:00,2025-02-27T20:45:00,"{'bid': 586.19, 'ask': 586.32}","{'bid': 585.01, 'ask': 585.14}","{'bid': 586.92, 'ask': 587.04}","{'bid': 584.58, 'ask': 584.71}",6270,586.19,586.92,584.58,585.01
2025-02-27 21:00:00,2025-02-27T21:00:00,2025-02-27T21:00:00,"{'bid': 584.99, 'ask': 585.12}","{'bid': 585.23, 'ask': 585.35}","{'bid': 585.26, 'ask': 585.41}","{'bid': 584.35, 'ask': 584.79}",2412,584.99,585.26,584.35,585.23
2025-02-27 21:15:00,2025-02-27T21:15:00,2025-02-27T21:15:00,"{'bid': 585.22, 'ask': 585.35}","{'bid': 585.64, 'ask': 585.77}","{'bid': 585.82, 'ask': 586.24}","{'bid': 584.85, 'ask': 585.16}",915,585.22,585.82,584.85,585.64
2025-02-27 21:30:00,2025-02-27T21:30:00,2025-02-27T21:30:00,"{'bid': 585.64, 'ask': 585.78}","{'bid': 585.8, 'ask': 585.94}","{'bid': 586.01, 'ask': 586.2}","{'bid': 585.64, 'ask': 585.78}",667,585.64,586.01,585.64,585.8
2025-02-27 21:45:00,2025-02-27T21:45:00,2025-02-27T21:45:00,"{'bid': 585.79, 'ask': 585.94}","{'bid': 585.47, 'ask': 585.69}","{'bid': 585.99, 'ask': 586.2}","{'bid': 585.19, 'ask': 585.47}",655,585.79,585.99,585.19,585.47
2025-02-27 22:00:00,2025-02-27T22:00:00,2025-02-27T22:00:00,"{'bid': 585.45, 'ask': 585.7}","{'bid': 585.25, 'ask': 585.44}","{'bid': 585.5, 'ask': 585.71}","{'bid': 585.09, 'ask': 585.32}",78,585.45,585.5,585.09,585.25
2025-02-27 22:15:00,2025-02-27T22:15:00,2025-02-27T22:15:00,"{'bid': 585.25, 'ask': 585.43}","{'bid': 585.3, 'ask': 585.45}","{'bid': 585.33, 'ask': 585.53}","{'bid': 585.2, 'ask': 585.42}",23,585.25,585.33,585.2,585.3
2025-02-27 22:30:00,2025-02-27T22:30:00,2025-02-27T22:30:00,"{'bid': 585.26, 'ask': 585.45}","{'bid': 585.3, 'ask': 585.49}","{'bid': 585.37, 'ask': 585.53}","{'bid': 585.23, 'ask': 585.4}",30,585.26,585.37,585.23,585.3
2025-02-27 22:45:00,2025-02-27T22:45:00,2025-02-27T22:45:00,"{'bid': 585.31, 'ask': 585.5}","{'bid': 585.3, 'ask': 585.6}","{'bid': 585.47, 'ask': 585.62}","{'bid': 585.3, 'ask': 585.5}",39,585.31,585.47,585.3,585.3
2025-02-27 23:00:00,2025-02-27T23:00:00,2025-02-27T23:00:00,"{'bid': 585.46, 'ask': 585.6}","{'bid': 585.67, 'ask': 585.88}","{'bid': 586.2, 'ask': 586.8}","{'bid': 585.3, 'ask': 585.6}",776,585.46,586.2,585.3,585.67
2025-02-27 23:15:00,2025-02-27T23:15:00,2025-02-27T23:15:00,"{'bid': 585.65, 'ask': 585.87}","{'bid': 585.73, 'ask': 585.95}","{'bid': 585.87, 'ask': 586.15}","{'bid': 585.3, 'ask': 585.74}",528,585.65,585.87,585.3,585.73
2025-02-27 23:30:00,2025-02-27T23:30:00,2025-02-27T23:30:00,"{'bid': 585.75, 'ask': 585.95}","{'bid': 585.66, 'ask': 585.88}","{'bid': 586.11, 'ask': 586.47}","{'bid': 585.59, 'ask': 585.88}",549,585.75,586.11,585.59,585.66
2025-02-27 23:45:00,2025-02-27T23:45:00,2025-02-27T23:45:00,"{'bid': 585.59, 'ask': 585.88}","{'bid': 585.96, 'ask': 586.15}","{'bid': 585.98, 'ask': 586.47}","{'bid': 585.51, 'ask': 585.71}",662,585.59,585.98,585.51,585.96
2025-02-28 00:00:00,2025-02-28T00:00:00,2025-02-28T00:00:00,"{'bid': 585.96, 'ask': 586.16}","{'bid': 585.91, 'ask': 586.04}","{'bid': 586.16, 'ask': 586.33}","{'bid': 585.91, 'ask': 586.04}",384,585.96,586.16,585.91,585.91
2025-02-28 00:15:00,2025-02-28T00:15:00,2025-02-28T00:15:00,"{'bid': 585.91, 'ask': 586.03}","{'bid': 585.41, 'ask': 585.61}","{'bid': 585.92, 'ask': 586.25}","{'bid': 585.3, 'ask': 585.47}",399,585.91,585.92,585.3,585.41
2025-02-28 00:30:00,2025-02-28T00:30:00,2025-02-28T00:30:00,"{'bid': 585.4, 'ask': 585.61}","{'bid': 585.12, 'ask': 585.28}","{'bid': 585.6, 'ask': 585.81}","{'bid': 585.05, 'ask': 585.19}",420,585.4,585.6,585.05,585.12
2025-02-28 00:45:00,2025-02-28T00:45:00,2025-02-28T00:45:00,"{'bid': 585.11, 'ask': 585.28}","{'bid': 584.73, 'ask': 584.96}","{'bid': 585.15, 'ask': 585.65}","{'bid': 584.7, 'ask': 584.94}",348,585.11,585.15,584.7,584.73
2025-02-28 09:00:00,2025-02-28T09:00:00,2025-02-28T09:00:00,"{'bid': 586.69, 'ask': 586.89}","{'bid': 586.9, 'ask': 587.08}","{'bid': 586.93, 'ask': 587.45}","{'bid': 585.85, 'ask': 586.54}",1106,586.69,586.93,585.85,586.9
2025-02-28 09:15:00,2025-02-28T09:15:00,2025-02-28T09:15:00,"{'bid': 586.89, 'ask': 587.08}","{'bid': 587.11, 'ask': 587.27}","{'bid': 587.21, 'ask': 587.75}","{'bid': 586.45, 'ask': 586.96}",746,586.89,587.21,586.45,587.11
2025-02-28 09:30:00,2025-02-28T09:30:00,2025-02-28T09:30:00,"{'bid': 587.12, 'ask': 587.31}","{'bid': 586.87, 'ask': 587.03}","{'bid': 587.14, 'ask': 587.32}","{'bid': 586.45, 'ask': 586.83}",662,587.12,587.14,586.45,586.87
2025-02-28 09:45:00,2025-02-28T09:45:00,2025-02-28T09:45:00,"{'bid': 586.87, 'ask': 587.02}","{'bid': 586.79, 'ask': 586.98}","{'bid': 586.98, 'ask': 587.45}","{'bid': 586.45, 'ask': 586.75}",469,586.87,586.98,586.45,586.79
2025-02-28 10:00:00,2025-02-28T10:00:00,2025-02-28T10:00:00,"{'bid': 586.78, 'ask': 586.98}","{'bid': 586.74, 'ask': 586.93}","{'bid': 587.01, 'ask': 587.45}","{'bid': 586.45, 'ask': 586.84}",584,586.78,587.01,586.45,586.74
2025-02-28 10:15:00,2025-02-28T10:15:00,2025-02-28T10:15:00,"{'bid': 586.75, 'ask': 586.91}","{'bid': 586.78, 'ask': 586.97}","{'bid': 587.11, 'ask': 587.45}","{'bid': 586.45, 'ask': 586.81}",528,586.75,587.11,586.45,586.78
2025-02-28 10:30:00,2025-02-28T10:30:00,2025-02-28T10:30:00,"{'bid': 586.79, 'ask': 586.98}","{'bid': 587.28, 'ask': 587.45}","{'bid': 587.31, 'ask': 587.75}","{'bid': 586.45, 'ask': 586.95}",526,586.79,587.31,586.45,587.28
2025-02-28 10:45:00,2025-02-28T10:45:00,2025-02-28T10:45:00,"{'bid': 587.29, 'ask': 587.45}","{'bid': 587.0, 'ask': 587.17}","{'bid': 587.41, 'ask': 587.75}","{'bid': 586.75, 'ask': 587.15}",459,587.29,587.41,586.75,587.0
2025-02-28 11:00:00,2025-02-28T11:00:00,2025-02-28T11:00:00,"{'bid': 587.03, 'ask': 587.19}","{'bid': 587.12, 'ask': 587.28}","{'bid': 587.31, 'ask': 587.75}","{'bid': 586.75, 'ask': 587.19}",408,587.03,587.31,586.75,587.12
2025-02-28 11:15:00,2025-02-28T11:15:00,2025-02-28T11:15:00,"{'bid': 587.11, 'ask': 587.26}","{'bid': 587.35, 'ask': 587.53}","{'bid': 587.38, 'ask': 587.75}","{'bid': 587.04, 'ask': 587.22}",406,587.11,587.38,587.04,587.35
2025-02-28 11:30:00,2025-02-28T11:30:00,2025-02-28T11:30:00,"{'bid': 587.37, 'ask': 587.52}","{'bid': 587.35, 'ask': 587.5}","{'bid': 587.53, 'ask': 587.68}","{'bid': 586.75, 'ask': 587.09}",495,587.37,587.53,586.75,587.35
2025-02-28 11:45:00,2025-02-28T11:45:00,2025-02-28T11:45:00,"{'bid': 587.35, 'ask': 587.51}","{'bid': 587.16, 'ask': 587.36}","{'bid': 587.37, 'ask': 587.52}","{'bid': 586.75, 'ask': 587.2}",415,587.35,587.37,586.75,587.16
2025-02-28 12:00:00,2025-02-28T12:00:00,2025-02-28T12:00:00,"{'bid': 587.17, 'ask': 587.75}","{'bid': 586.28, 'ask': 586.45}","{'bid': 587.19, 'ask': 587.75}","{'bid': 585.55, 'ask': 586.18}",1575,587.17,587.19,585.55,586.28
2025-02-28 12:15:00,2025-02-28T12:15:00,2025-02-28T12:15:00,"{'bid': 586.28, 'ask': 586.44}","{'bid': 586.6, 'ask': 586.81}","{'bid': 586.89, 'ask': 587.05}","{'bid': 586.15, 'ask': 586.41}",878,586.28,586.89,586.15,586.6
2025-02-28 12:30:00,2025-02-28T12:30:00,2025-02-28T12:30:00,"{'bid': 586.6, 'ask': 586.8}","{'bid': 586.2, 'ask': 586.36}","{'bid': 586.6, 'ask': 586.82}","{'bid': 585.79, 'ask': 586.1}",1240,586.6,586.6,585.79,586.2
2025-02-28 12:45:00,2025-02-28T12:45:00,2025-02-28T12:45:00,"{'bid': 586.14, 'ask': 586.34}","{'bid': 586.54, 'ask': 586.73}","{'bid': 586.67, 'ask': 587.05}","{'bid': 585.85, 'ask': 586.31}",1115,586.14,586.67,585.85,586.54
2025-02-28 13:00:00,2025-02-28T13:00:00,2025-02-28T13:00:00,"{'bid': 586.55, 'ask': 586.73}","{'bid': 586.33, 'ask': 586.47}","{'bid': 586.8, 'ask': 587.05}","{'bid': 585.85, 'ask': 586.42}",1111,586.55,586.8,585.85,586.33
2025-02-28 13:15:00,2025-02-28T13:15:00,2025-02-28T13:15:00,"{'bid': 586.29, 'ask': 586.47}","{'bid': 585.92, 'ask': 587.05}","{'bid': 586.4, 'ask': 587.05}","{'bid': 585.25, 'ask': 585.79}",1891,586.29,586.4,585.25,585.92
2025-02-28 13:30:00,2025-02-28T13:30:00,2025-02-28T13:30:00,"{'bid': 585.8, 'ask': 587.05}","{'bid': 586.81, 'ask': 586.99}","{'bid': 587.43, 'ask': 587.64}","{'bid': 585.8, 'ask': 586.5}",3367,585.8,587.43,585.8,586.81
2025-02-28 13:45:00,2025-02-28T13:45:00,2025-02-28T13:45:00,"{'bid': 586.84, 'ask': 587.16}","{'bid': 586.17, 'ask': 586.31}","{'bid': 586.95, 'ask': 587.24}","{'bid': 586.03, 'ask': 586.27}",2417,586.84,586.95,586.03,586.17
2025-02-28 14:00:00,2025-02-28T14:00:00,2025-02-28T14:00:00,"{'bid': 586.19, 'ask': 586.34}","{'bid': 586.37, 'ask': 586.52}","{'bid': 586.55, 'ask': 587.15}","{'bid': 585.55, 'ask': 585.98}",2494,586.19,586.55,585.55,586.37
2025-02-28 14:15:00,2025-02-28T14:15:00,2025-02-28T14:15:00,"{'bid': 586.4, 'ask': 586.54}","{'bid': 585.47, 'ask': 585.62}","{'bid': 586.68, 'ask': 586.8}","{'bid': 585.26, 'ask': 585.48}",2324,586.4,586.68,585.26,585.47
2025-02-28 14:30:00,2025-02-28T14:30:00,2025-02-28T14:30:00,"{'bid': 585.47, 'ask': 585.61}","{'bid': 585.87, 'ask': 586.0}","{'bid': 586.27, 'ask': 586.41}","{'bid': 583.21, 'ask': 583.34}",8091,585.47,586.27,583.21,585.87
2025-02-28 14:45:00,2025-02-28T14:45:00,2025-02-28T14:45:00,"{'bid': 585.85, 'ask': 585.98}","{'bid': 585.94, 'ask': 586.08}","{'bid': 586.06, 'ask': 586.18}","{'bid': 584.67, 'ask': 584.79}",8142,585.85,586.06,584.67,585.94
2025-02-28 15:00:00,2025-02-28T15:00:00,2025-02-28T15:00:00,"{'bid': 585.95, 'ask': 586.09}","{'bid': 587.43, 'ask': 587.56}","{'bid': 587.45, 'ask': 587.57}","{'bid': 585.15, 'ask': 585.28}",7418,585.95,587.45,585.15,587.43
2025-02-28 15:15:00,2025-02-28T15:15:00,2025-02-28T15:15:00,"{'bid': 587.43, 'ask': 587.55}","{'bid': 588.31, 'ask': 588.43}","{'bid': 588.31, 'ask': 588.44}","{'bid': 585.76, 'ask': 585.89}",6475,587.43,588.31,585.76,588.31
2025-02-28 15:30:00,2025-02-28T15:30:00,2025-02-28T15:30:00,"{'bid': 588.3, 'ask': 588.42}","{'bid': 587.38, 'ask': 587.51}","{'bid': 588.64, 'ask': 588.77}","{'bid': 587.01, 'ask': 587.13}",5580,588.3,588.64,587.01,587.38
2025-02-28 15:45:00,2025-02-28T15:45:00,2025-02-28T15:45:00,"{'bid': 587.4, 'ask': 587.52}","{'bid': 588.8, 'ask': 588.92}","{'bid': 588.84, 'ask': 588.96}","{'bid': 587.18, 'ask': 587.3}",4815,587.4,588.84,587.18,588.8
2025-02-28 16:00:00,2025-02-28T16:00:00,2025-02-28T16:00:00,"{'bid': 588.78, 'ask': 588.9}","{'bid': 587.54, 'ask': 587.67}","{'bid': 588.96, 'ask': 589.08}","{'bid': 587.34, 'ask': 587.47}",4546,588.78,588.96,587.34,587.54
2025-02-28 16:15:00,2025-02-28T16:15:00,2025-02-28T16:15:00,"{'bid': 587.56, 'ask': 587.68}","{'bid': 586.01, 'ask': 586.13}","{'bid': 587.77, 'ask': 587.9}","{'bid': 585.95, 'ask': 586.07}",5111,587.56,587.77,585.95,586.01
2025-02-28 16:30:00,2025-02-28T16:30:00,2025-02-28T16:30:00,"{'bid': 586.01, 'ask': 586.14}","{'bid': 587.82, 'ask': 587.95}","{'bid': 588.13, 'ask': 588.25}","{'bid': 585.77, 'ask': 585.9}",4441,586.01,588.13,585.77,587.82
2025-02-28 16:45:00,2025-02-28T16:45:00,2025-02-28T16:45:00,"{'bid': 587.81, 'ask': 587.93}","{'bid': 587.26, 'ask': 587.39}","{'bid': 588.28, 'ask': 588.4}","{'bid': 587.05, 'ask': 587.17}",3712,587.81,588.28,587.05,587.26
2025-02-28 17:00:00,2025-02-28T17:00:00,2025-02-28T17:00:00,"{'bid': 587.29, 'ask': 587.41}","{'bid': 587.52, 'ask': 587.64}","{'bid': 587.64, 'ask': 587.77}","{'bid': 586.45, 'ask': 586.57}",4009,587.29,587.64,586.45,587.52
2025-02-28 17:15:00,2025-02-28T17:15:00,2025-02-28T17:15:00,"{'bid': 587.5, 'ask': 587.63}","{'bid': 586.98, 'ask': 587.11}","{'bid': 588.23, 'ask': 588.35}","{'bid': 586.41, 'ask': 586.54}",4038,587.5,588.23,586.41,586.98
2025-02-28 17:30:00,2025-02-28T17:30:00,2025-02-28T17:30:00,"{'bid': 587.0, 'ask': 587.13}","{'bid': 585.19, 'ask': 585.39}","{'bid': 587.12, 'ask': 587.24}","{'bid': 584.84, 'ask': 584.97}",4032,587.0,587.12,584.84,585.19
2025-02-28 17:45:00,2025-02-28T17:45:00,2025-02-28T17:45:00,"{'bid': 585.18, 'ask': 585.34}","{'bid': 583.6, 'ask': 583.74}","{'bid': 585.57, 'ask': 585.69}","{'bid': 583.54, 'ask': 583.67}",5439,585.18,585.57,583.54,583.6
2025-02-28 18:00:00,2025-02-28T18:00:00,2025-02-28T18:00:00,"{'bid': 583.61, 'ask': 583.74}","{'bid': 584.05, 'ask': 584.18}","{'bid': 584.72, 'ask': 584.84}","{'bid': 583.38, 'ask': 583.51}",4078,583.61,584.72,583.38,584.05
2025-02-28 18:15:00,2025-02-28T18:15:00,2025-02-28T18:15:00,"{'bid': 584.05, 'ask': 584.17}","{'bid': 584.63, 'ask': 584.77}","{'bid': 584.73, 'ask': 584.85}","{'bid': 582.38, 'ask': 582.51}",7089,584.05,584.73,582.38,584.63
2025-02-28 18:30:00,2025-02-28T18:30:00,2025-02-28T18:30:00,"{'bid': 584.66, 'ask': 584.79}","{'bid': 585.85, 'ask': 585.98}","{'bid': 586.46, 'ask': 586.59}","{'bid': 584.22, 'ask': 584.35}",5498,584.66,586.46,584.22,585.85
2025-02-28 18:45:00,2025-02-28T18:45:00,2025-02-28T18:45:00,"{'bid': 585.84, 'ask': 585.97}","{'bid': 583.53, 'ask': 583.66}","{'bid': 586.25, 'ask': 586.39}","{'bid': 583.51, 'ask': 583.64}",4496,585.84,586.25,583.51,583.53
2025-02-28 19:00:00,2025-02-28T19:00:00,2025-02-28T19:00:00,"{'bid': 583.55, 'ask': 583.68}","{'bid': 584.4, 'ask': 584.52}","{'bid': 585.04, 'ask': 585.17}","{'bid': 583.48, 'ask': 583.6}",4599,583.55,585.04,583.48,584.4
2025-02-28 19:15:00,2025-02-28T19:15:00,2025-02-28T19:15:00,"{'bid': 584.38, 'ask': 584.51}","{'bid': 585.6, 'ask': 585.73}","{'bid': 585.77, 'ask': 585.89}","{'bid': 584.37, 'ask': 584.49}",3871,584.38,585.77,584.37,585.6
2025-02-28 19:30:00,2025-02-28T19:30:00,2025-02-28T19:30:00,"{'bid': 585.62, 'ask': 585.74}","{'bid': 587.34, 'ask': 587.47}","{'bid': 587.62, 'ask': 587.74}","{'bid': 585.16, 'ask': 585.31}",4060,585.62,587.62,585.16,587.34
2025-02-28 19:45:00,2025-02-28T19:45:00,2025-02-28T19:45:00,"{'bid': 587.35, 'ask': 587.47}","{'bid': 588.04, 'ask': 588.17}","{'bid': 588.18, 'ask': 588.3}","{'bid': 587.13, 'ask': 587.25}",4344,587.35,588.18,587.13,588.04
2025-02-28 20:00:00,2025-02-28T20:00:00,2025-02-28T20:00:00,"{'bid': 588.03, 'ask': 588.15}","{'bid': 588.65, 'ask': 588.78}","{'bid': 589.24, 'ask': 589.36}","{'bid': 587.75, 'ask': 587.88}",4520,588.03,589.24,587.75,588.65
2025-02-28 20:15:00,2025-02-28T20:15:00,2025-02-28T20:15:00,"{'bid': 588.64, 'ask': 588.76}","{'bid': 589.55, 'ask': 589.68}","{'bid': 589.6, 'ask': 589.72}","{'bid': 587.63, 'ask': 587.75}",4547,588.64,589.6,587.63,589.55
2025-02-28 20:30:00,2025-02-28T20:30:00,2025-02-28T20:30:00,"{'bid': 589.57, 'ask': 589.69}","{'bid': 589.81, 'ask': 589.94}","{'bid': 590.09, 'ask': 590.22}","{'bid': 587.87, 'ask': 588.01}",5288,589.57,590.09,587.87,589.81
2025-02-28 20:45:00,2025-02-28T20:45:00,2025-02-28T20:45:00,"{'bid': 589.8, 'ask': 589.92}","{'bid': 593.85, 'ask': 593.98}","{'bid': 594.65, 'ask': 594.77}","{'bid': 589.54, 'ask': 589.67}",7079,589.8,594.65,589.54,593.85
2025-02-28 21:00:00,2025-02-28T21:00:00,2025-02-28T21:00:00,"{'bid': 593.88, 'ask': 594.0}","{'bid': 593.28, 'ask': 593.43}","{'bid': 594.13, 'ask': 594.27}","{'bid': 592.96, 'ask': 593.1}",2831,593.88,594.13,592.96,593.28
2025-02-28 21:15:00,2025-02-28T21:15:00,2025-02-28T21:15:00,"{'bid': 593.3, 'ask': 593.45}","{'bid': 593.35, 'ask': 593.49}","{'bid': 593.75, 'ask': 594.05}","{'bid': 593.07, 'ask': 593.25}",1107,593.3,593.75,593.07,593.35
2025-02-28 21:30:00,2025-02-28T21:30:00,2025-02-28T21:30:00,"{'bid': 593.34, 'ask': 593.49}","{'bid': 593.34, 'ask': 593.49}","{'bid': 593.5, 'ask': 593.75}","{'bid': 593.25, 'ask': 593.38}",470,593.34,593.5,593.25,593.34
2025-02-28 21:45:00,2025-02-28T21:45:00,2025-02-28T21:45:00,"{'bid': 593.34, 'ask': 593.51}","{'bid': 593.33, 'ask': 593.5}","{'bid': 593.58, 'ask': 593.85}","{'bid': 593.27, 'ask': 593.42}",496,593.34,593.58,593.27,593.33
2025-03-03 09:00:00,2025-03-03T09:00:00,2025-03-03T09:00:00,"{'bid': 594.12, 'ask': 594.4}","{'bid': 594.23, 'ask': 594.42}","{'bid': 594.31, 'ask': 595.3}","{'bid': 593.19, 'ask': 594.02}",1552,594.12,594.31,593.19,594.23
2025-03-03 09:15:00,2025-03-03T09:15:00,2025-03-03T09:15:00,"{'bid': 594.21, 'ask': 594.4}","{'bid': 594.72, 'ask': 594.96}","{'bid': 594.86, 'ask': 595.5}","{'bid': 593.36, 'ask': 594.34}",1148,594.21,594.86,593.36,594.72
2025-03-03 09:30:00,2025-03-03T09:30:00,2025-03-03T09:30:00,"{'bid': 594.73, 'ask': 594.95}","{'bid': 595.16, 'ask': 595.37}","{'bid': 595.21, 'ask': 595.98}","{'bid': 594.31, 'ask': 594.94}",881,594.73,595.21,594.31,595.16
2025-03-03 09:45:00,2025-03-03T09:45:00,2025-03-03T09:45:00,"{'bid': 595.17, 'ask': 595.36}","{'bid': 595.79, 'ask': 595.95}","{'bid': 595.84, 'ask': 595.98}","{'bid': 595.07, 'ask': 595.25}",695,595.17,595.84,595.07,595.79
2025-03-03 10:00:00,2025-03-03T10:00:00,2025-03-03T10:00:00,"{'bid': 595.79, 'ask': 595.97}","{'bid': 595.22, 'ask': 595.42}","{'bid': 595.91, 'ask': 597.55}","{'bid': 594.55, 'ask': 595.39}",904,595.79,595.91,594.55,595.22
2025-03-03 10:15:00,2025-03-03T10:15:00,2025-03-03T10:15:00,"{'bid': 595.24, 'ask': 595.44}","{'bid': 595.27, 'ask': 595.47}","{'bid': 595.43, 'ask': 597.55}","{'bid': 593.6, 'ask': 595.27}",722,595.24,595.43,593.6,595.27
2025-03-03 10:30:00,2025-03-03T10:30:00,2025-03-03T10:30:00,"{'bid': 595.29, 'ask': 595.47}","{'bid': 595.64, 'ask': 595.86}","{'bid': 595.81, 'ask': 597.55}","{'bid': 594.39, 'ask': 595.41}",632,595.29,595.81,594.39,595.64
2025-03-03 10:45:00,2025-03-03T10:45:00,2025-03-03T10:45:00,"{'bid': 595.64, 'ask': 595.84}","{'bid': 595.78, 'ask': 595.94}","{'bid': 595.84, 'ask': 597.55}","{'bid': 594.92, 'ask': 595.81}",578,595.64,595.84,594.92,595.78
2025-03-03 11:00:00,2025-03-03T11:00:00,2025-03-03T11:00:00,"{'bid': 595.8, 'ask': 596.1}","{'bid': 596.08, 'ask': 596.31}","{'bid': 596.18, 'ask': 596.9}","{'bid': 595.07, 'ask': 595.81}",507,595.8,596.18,595.07,596.08
2025-03-03 11:15:00,2025-03-03T11:15:00,2025-03-03T11:15:00,"{'bid': 596.1, 'ask': 596.31}","{'bid': 596.22, 'ask': 596.38}","{'bid': 596.24, 'ask': 597.55}","{'bid': 594.36, 'ask': 596.08}",484,596.1,596.24,594.36,596.22
2025-03-03 11:30:00,2025-03-03T11:30:00,2025-03-03T11:30:00,"{'bid': 596.23, 'ask': 596.39}","{'bid': 596.14, 'ask': 596.33}","{'bid': 596.26, 'ask': 597.55}","{'bid': 591.13, 'ask': 596.03}",547,596.23,596.26,591.13,596.14
2025-03-03 11:45:00,2025-03-03T11:45:00,2025-03-03T11:45:00,"{'bid': 596.15, 'ask': 596.33}","{'bid': 596.42, 'ask': 596.61}","{'bid': 596.5, 'ask': 597.09}","{'bid': 595.28, 'ask': 596.23}",448,596.15,596.5,595.28,596.42
2025-03-03 12:00:00,2025-03-03T12:00:00,2025-03-03T12:00:00,"{'bid': 596.41, 'ask': 596.61}","{'bid': 597.46, 'ask': 597.63}","{'bid': 597.51, 'ask': 597.95}","{'bid': 596.16, 'ask': 596.41}",1227,596.41,597.51,596.16,597.46
2025-03-03 12:15:00,2025-03-03T12:15:00,2025-03-03T12:15:00,"{'bid': 597.46, 'ask': 597.62}","{'bid': 597.01, 'ask': 597.18}","{'bid': 597.58, 'ask': 597.95}","{'bid': 596.65, 'ask': 597.05}",1250,597.46,597.58,596.65,597.01
2025-03-03 12:30:00,2025-03-03T12:30:00,2025-03-03T12:30:00,"{'bid': 596.97, 'ask': 597.15}","{'bid': 596.89, 'ask': 597.02}","{'bid': 597.13, 'ask': 597.53}","{'bid': 596.35, 'ask': 596.81}",1162,596.97,597.13,596.35,596.89
2025-03-03 12:45:00,2025-03-03T12:45:00,2025-03-03T12:45:00,"{'bid': 596.86, 'ask': 597.0}","{'bid': 596.77, 'ask': 596.92}","{'bid': 596.99, 'ask': 597.35}","{'bid': 596.35, 'ask': 596.71}",1452,596.86,596.99,596.35,596.77
2025-03-03 13:00:00,2025-03-03T13:00:00,2025-03-03T13:00:00,"{'bid': 596.8, 'ask': 596.97}","{'bid': 596.23, 'ask': 596.36}","{'bid': 596.93, 'ask': 597.12}","{'bid': 596.16, 'ask': 596.28}",1401,596.8,596.93,596.16,596.23
2025-03-03 13:15:00,2025-03-03T13:15:00,2025-03-03T13:15:00,"{'bid': 596.17, 'ask': 596.34}","{'bid': 596.54, 'ask': 596.67}","{'bid': 596.62, 'ask': 596.85}","{'bid': 595.75, 'ask': 596.21}",1269,596.17,596.62,595.75,596.54
2025-03-03 13:30:00,2025-03-03T13:30:00,2025-03-03T13:30:00,"{'bid': 596.51, 'ask': 596.66}","{'bid': 595.95, 'ask': 596.09}","{'bid': 596.53, 'ask': 596.66}","{'bid': 595.66, 'ask': 595.82}",1407,596.51,596.53,595.66,595.95
2025-03-03 13:45:00,2025-03-03T13:45:00,2025-03-03T13:45:00,"{'bid': 595.95, 'ask': 596.1}","{'bid': 596.14, 'ask': 596.27}","{'bid': 596.3, 'ask': 596.75}","{'bid': 595.45, 'ask': 595.78}",1187,595.95,596.3,595.45,596.14
2025-03-03 14:00:00,2025-03-03T14:00:00,2025-03-03T14:00:00,"{'bid': 596.14, 'ask': 596.26}","{'bid': 596.47, 'ask': 596.6}","{'bid': 596.85, 'ask': 597.05}","{'bid': 595.95, 'ask': 596.11}",1412,596.14,596.85,595.95,596.47
2025-03-03 14:15:00,2025-03-03T14:15:00,2025-03-03T14:15:00,"{'bid': 596.48, 'ask': 596.61}","{'bid': 596.08, 'ask': 596.23}","{'bid': 596.84, 'ask': 597.35}","{'bid': 595.75, 'ask': 596.04}",1482,596.48,596.84,595.75,596.08
2025-03-03 14:30:00,2025-03-03T14:30:00,2025-03-03T14:30:00,"{'bid': 596.09, 'ask': 596.23}","{'bid': 594.79, 'ask': 594.96}","{'bid': 597.27, 'ask': 597.45}","{'bid': 594.56, 'ask': 594.7}",6344,596.09,597.27,594.56,594.79
2025-03-03 14:45:00,2025-03-03T14:45:00,2025-03-03T14:45:00,"{'bid': 594.75, 'ask': 594.92}","{'bid': 592.88, 'ask': 593.47}","{'bid': 595.63, 'ask': 595.76}","{'bid': 592.39, 'ask': 592.56}",6736,594.75,595.63,592.39,592.88
2025-03-03 15:00:00,2025-03-03T15:00:00,2025-03-03T15:00:00,"{'bid': 592.96, 'ask': 593.18}","{'bid': 591.83, 'ask': 591.98}","{'bid': 593.36, 'ask': 593.52}","{'bid': 590.66, 'ask': 590.84}",7358,592.96,593.36,590.66,591.83
2025-03-03 15:15:00,2025-03-03T15:15:00,2025-03-03T15:15:00,"{'bid': 591.86, 'ask': 591.98}","{'bid': 594.03, 'ask': 594.17}","{'bid': 594.06, 'ask': 594.19}","{'bid': 591.39, 'ask': 591.53}",5769,591.86,594.06,591.39,594.03
2025-03-03 15:30:00,2025-03-03T15:30:00,2025-03-03T15:30:00,"{'bid': 594.01, 'ask': 594.14}","{'bid': 595.03, 'ask': 595.16}","{'bid': 595.06, 'ask': 595.19}","{'bid': 592.6, 'ask': 592.73}",5747,594.01,595.06,592.6,595.03
2025-03-03 15:45:00,2025-03-03T15:45:00,2025-03-03T15:45:00,"{'bid': 595.03, 'ask': 595.15}","{'bid': 592.35, 'ask': 592.49}","{'bid': 595.03, 'ask': 595.15}","{'bid': 592.15, 'ask': 592.29}",5803,595.03,595.03,592.15,592.35
2025-03-03 16:00:00,2025-03-03T16:00:00,2025-03-03T16:00:00,"{'bid': 592.36, 'ask': 592.49}","{'bid': 593.18, 'ask': 593.32}","{'bid': 593.52, 'ask': 593.64}","{'bid': 592.22, 'ask': 592.35}",5385,592.36,593.52,592.22,593.18
2025-03-03 16:15:00,2025-03-03T16:15:00,2025-03-03T16:15:00,"{'bid': 593.2, 'ask': 593.33}","{'bid': 592.35, 'ask': 592.48}","{'bid': 594.47, 'ask': 594.61}","{'bid': 592.33, 'ask': 592.46}",4743,593.2,594.47,592.33,592.35
2025-03-03 16:30:00,2025-03-03T16:30:00,2025-03-03T16:30:00,"{'bid': 592.36, 'ask': 592.48}","{'bid': 591.26, 'ask': 591.39}","{'bid': 592.76, 'ask': 592.89}","{'bid': 591.09, 'ask': 591.22}",4618,592.36,592.76,591.09,591.26
2025-03-03 16:45:00,2025-03-03T16:45:00,2025-03-03T16:45:00,"{'bid': 591.24, 'ask': 591.37}","{'bid': 592.98, 'ask': 593.12}","{'bid': 593.36, 'ask': 593.49}","{'bid': 591.18, 'ask': 591.31}",3652,591.24,593.36,591.18,592.98
2025-03-03 17:00:00,2025-03-03T17:00:00,2025-03-03T17:00:00,"{'bid': 592.97, 'ask': 593.11}","{'bid': 593.58, 'ask': 593.72}","{'bid': 593.76, 'ask': 593.89}","{'bid': 592.63, 'ask': 592.77}",2966,592.97,593.76,592.63,593.58
2025-03-03 17:15:00,2025-03-03T17:15:00,2025-03-03T17:15:00,"{'bid': 593.59, 'ask': 593.72}","{'bid': 593.71, 'ask': 593.84}","{'bid': 594.09, 'ask': 594.22}","{'bid': 593.2, 'ask': 593.33}",2489,593.59,594.09,593.2,593.71
2025-03-03 17:30:00,2025-03-03T17:30:00,2025-03-03T17:30:00,"{'bid': 593.73, 'ask': 593.85}","{'bid': 593.59, 'ask': 593.73}","{'bid': 594.14, 'ask': 594.27}","{'bid': 593.08, 'ask': 593.2}",2914,593.73,594.14,593.08,593.59
2025-03-03 17:45:00,2025-03-03T17:45:00,2025-03-03T17:45:00,"{'bid': 593.59, 'ask': 593.72}","{'bid': 591.93, 'ask': 592.07}","{'bid': 593.62, 'ask': 593.76}","{'bid': 591.36, 'ask': 591.5}",3644,593.59,593.62,591.36,591.93
2025-03-03 18:00:00,2025-03-03T18:00:00,2025-03-03T18:00:00,"{'bid': 591.95, 'ask': 592.08}","{'bid': 589.26, 'ask': 589.39}","{'bid': 592.07, 'ask': 592.2}","{'bid': 589.03, 'ask': 589.16}",4910,591.95,592.07,589.03,589.26
2025-03-03 18:15:00,2025-03-03T18:15:00,2025-03-03T18:15:00,"{'bid': 589.24, 'ask': 589.36}","{'bid': 588.04, 'ask': 588.17}","{'bid': 590.16, 'ask': 590.29}","{'bid': 587.81, 'ask': 587.94}",4574,589.24,590.16,587.81,588.04
2025-03-03 18:30:00,2025-03-03T18:30:00,2025-03-03T18:30:00,"{'bid': 588.05, 'ask': 588.17}","{'bid': 588.38, 'ask': 588.51}","{'bid': 588.69, 'ask': 588.81}","{'bid': 587.42, 'ask': 587.55}",5166,588.05,588.69,587.42,588.38
2025-03-03 18:45:00,2025-03-03T18:45:00,2025-03-03T18:45:00,"{'bid': 588.37, 'ask': 588.5}","{'bid': 589.12, 'ask': 589.25}","{'bid': 589.92, 'ask': 590.04}","{'bid': 587.79, 'ask': 587.91}",5322,588.37,589.92,587.79,589.12
2025-03-03 19:00:00,2025-03-03T19:00:00,2025-03-03T19:00:00,"{'bid': 589.09, 'ask': 589.23}","{'bid': 589.26, 'ask': 589.4}","{'bid': 590.16, 'ask': 590.28}","{'bid': 588.9, 'ask': 589.02}",3958,589.09,590.16,588.9,589.26
2025-03-03 19:15:00,2025-03-03T19:15:00,2025-03-03T19:15:00,"{'bid': 589.28, 'ask': 589.4}","{'bid': 588.42, 'ask': 588.55}","{'bid': 589.46, 'ask': 589.59}","{'bid': 588.18, 'ask': 588.32}",3587,589.28,589.46,588.18,588.42
2025-03-03 19:30:00,2025-03-03T19:30:00,2025-03-03T19:30:00,"{'bid': 588.43, 'ask': 588.56}","{'bid': 590.21, 'ask': 590.34}","{'bid': 590.58, 'ask': 590.71}","{'bid': 588.34, 'ask': 588.46}",3832,588.43,590.58,588.34,590.21
2025-03-03 19:45:00,2025-03-03T19:45:00,2025-03-03T19:45:00,"{'bid': 590.21, 'ask': 590.33}","{'bid': 585.97, 'ask': 586.11}","{'bid': 590.21, 'ask': 590.33}","{'bid': 585.89, 'ask': 586.03}",5914,590.21,590.21,585.89,585.97
2025-03-03 20:00:00,2025-03-03T20:00:00,2025-03-03T20:00:00,"{'bid': 585.99, 'ask': 586.12}","{'bid': 582.83, 'ask': 582.96}","{'bid': 586.02, 'ask': 586.15}","{'bid': 582.02, 'ask': 582.15}",7521,585.99,586.02,582.02,582.83
2025-03-03 20:15:00,2025-03-03T20:15:00,2025-03-03T20:15:00,"{'bid': 582.81, 'ask': 582.95}","{'bid': 581.14, 'ask': 581.27}","{'bid': 583.75, 'ask': 583.88}","{'bid': 580.76, 'ask': 580.89}",7002,582.81,583.75,580.76,581.14
2025-03-03 20:30:00,2025-03-03T20:30:00,2025-03-03T20:30:00,"{'bid': 581.11, 'ask': 581.24}","{'bid': 580.62, 'ask': 580.77}","{'bid': 582.46, 'ask': 582.58}","{'bid': 579.86, 'ask': 579.99}",6760,581.11,582.46,579.86,580.62
2025-03-03 20:45:00,2025-03-03T20:45:00,2025-03-03T20:45:00,"{'bid': 580.6, 'ask': 580.76}","{'bid': 583.86, 'ask': 584.0}","{'bid': 584.03, 'ask': 584.15}","{'bid': 580.42, 'ask': 580.55}",8035,580.6,584.03,580.42,583.86
2025-03-03 21:00:00,2025-03-03T21:00:00,2025-03-03T21:00:00,"{'bid': 583.9, 'ask': 584.03}","{'bid': 584.63, 'ask': 584.78}","{'bid': 584.81, 'ask': 585.05}","{'bid': 583.75, 'ask': 583.89}",2807,583.9,584.81,583.75,584.63
2025-03-03 21:15:00,2025-03-03T21:15:00,2025-03-03T21:15:00,"{'bid': 584.63, 'ask': 584.79}","{'bid': 585.09, 'ask': 585.24}","{'bid': 585.24, 'ask': 585.65}","{'bid': 584.58, 'ask': 584.74}",1218,584.63,585.24,584.58,585.09
2025-03-03 21:30:00,2025-03-03T21:30:00,2025-03-03T21:30:00,"{'bid': 585.09, 'ask': 585.23}","{'bid': 585.11, 'ask': 585.26}","{'bid': 585.25, 'ask': 585.5}","{'bid': 584.82, 'ask': 585.06}",786,585.09,585.25,584.82,585.11
2025-03-03 21:45:00,2025-03-03T21:45:00,2025-03-03T21:45:00,"{'bid': 585.11, 'ask': 585.25}","{'bid': 585.1, 'ask': 585.35}","{'bid': 585.17, 'ask': 585.35}","{'bid': 584.94, 'ask': 585.11}",488,585.11,585.17,584.94,585.1
2025-03-03 22:00:00,2025-03-03T22:00:00,2025-03-03T22:00:00,"{'bid': 585.15, 'ask': 585.35}","{'bid': 584.91, 'ask': 585.05}","{'bid': 585.2, 'ask': 585.35}","{'bid': 584.91, 'ask': 585.05}",52,585.15,585.2,584.91,584.91
2025-03-03 22:15:00,2025-03-03T22:15:00,2025-03-03T22:15:00,"{'bid': 584.91, 'ask': 585.13}","{'bid': 584.82, 'ask': 584.99}","{'bid': 584.95, 'ask': 585.13}","{'bid': 584.82, 'ask': 584.94}",85,584.91,584.95,584.82,584.82
2025-03-03 22:30:00,2025-03-03T22:30:00,2025-03-03T22:30:00,"{'bid': 584.82, 'ask': 584.94}","{'bid': 584.75, 'ask': 584.95}","{'bid': 584.86, 'ask': 585.07}","{'bid': 584.71, 'ask': 584.87}",62,584.82,584.86,584.71,584.75
2025-03-03 22:45:00,2025-03-03T22:45:00,2025-03-03T22:45:00,"{'bid': 584.71, 'ask': 584.95}","{'bid': 584.85, 'ask': 584.98}","{'bid': 584.87, 'ask': 585.22}","{'bid': 584.68, 'ask': 584.85}",33,584.71,584.87,584.68,584.85
2025-03-03 23:00:00,2025-03-03T23:00:00,2025-03-03T23:00:00,"{'bid': 584.87, 'ask': 585.22}","{'bid': 584.73, 'ask': 584.93}","{'bid': 584.97, 'ask': 585.22}","{'bid': 584.42, 'ask': 584.58}",792,584.87,584.97,584.42,584.73
2025-03-03 23:15:00,2025-03-03T23:15:00,2025-03-03T23:15:00,"{'bid': 584.73, 'ask': 584.91}","{'bid': 585.41, 'ask': 585.55}","{'bid': 585.65, 'ask': 586.16}","{'bid': 584.73, 'ask': 584.91}",628,584.73,585.65,584.73,585.41
2025-03-03 23:30:00,2025-03-03T23:30:00,2025-03-03T23:30:00,"{'bid': 585.42, 'ask': 585.55}","{'bid': 584.82, 'ask': 585.04}","{'bid': 585.67, 'ask': 586.07}","{'bid': 584.65, 'ask': 584.92}",893,585.42,585.67,584.65,584.82
2025-03-03 23:45:00,2025-03-03T23:45:00,2025-03-03T23:45:00,"{'bid': 584.82, 'ask': 585.01}","{'bid': 584.62, 'ask': 584.82}","{'bid': 584.87, 'ask': 585.28}","{'bid': 584.45, 'ask': 584.6}",878,584.82,584.87,584.45,584.62
2025-03-04 00:00:00,2025-03-04T00:00:00,2025-03-04T00:00:00,"{'bid': 584.62, 'ask': 584.83}","{'bid': 584.47, 'ask': 584.69}","{'bid': 584.98, 'ask': 585.28}","{'bid': 584.25, 'ask': 584.43}",985,584.62,584.98,584.25,584.47
2025-03-04 00:15:00,2025-03-04T00:15:00,2025-03-04T00:15:00,"{'bid': 584.47, 'ask': 584.68}","{'bid': 584.95, 'ask': 585.16}","{'bid': 585.26, 'ask': 585.94}","{'bid': 584.25, 'ask': 584.47}",880,584.47,585.26,584.25,584.95
2025-03-04 00:30:00,2025-03-04T00:30:00,2025-03-04T00:30:00,"{'bid': 584.95, 'ask': 585.15}","{'bid': 584.52, 'ask': 584.74}","{'bid': 585.05, 'ask': 585.65}","{'bid': 584.52, 'ask': 584.72}",689,584.95,585.05,584.52,584.52
2025-03-04 00:45:00,2025-03-04T00:45:00,2025-03-04T00:45:00,"{'bid': 584.52, 'ask': 584.75}","{'bid': 585.28, 'ask': 585.45}","{'bid': 585.5, 'ask': 585.95}","{'bid': 583.75, 'ask': 583.97}",1419,584.52,585.5,583.75,585.28
2025-03-04 09:00:00,2025-03-04T09:00:00,2025-03-04T09:00:00,"{'bid': 584.32, 'ask': 584.6}","{'bid': 584.68, 'ask': 584.87}","{'bid': 585.37, 'ask': 585.95}","{'bid': 584.05, 'ask': 584.59}",1938,584.32,585.37,584.05,584.68
2025-03-04 09:15:00,2025-03-04T09:15:00,2025-03-04T09:15:00,"{'bid': 584.66, 'ask': 584.84}","{'bid': 584.63, 'ask': 584.81}","{'bid': 584.73, 'ask': 585.34}","{'bid': 583.85, 'ask': 584.36}",1536,584.66,584.73,583.85,584.63
2025-03-04 09:30:00,2025-03-04T09:30:00,2025-03-04T09:30:00,"{'bid': 584.6, 'ask': 584.82}","{'bid': 584.54, 'ask': 584.76}","{'bid': 584.66, 'ask': 585.05}","{'bid': 583.45, 'ask': 583.91}",1444,584.6,584.66,583.45,584.54
2025-03-04 09:45:00,2025-03-04T09:45:00,2025-03-04T09:45:00,"{'bid': 584.53, 'ask': 584.75}","{'bid': 583.98, 'ask': 584.16}","{'bid': 584.84, 'ask': 585.35}","{'bid': 583.45, 'ask': 583.91}",1182,584.53,584.84,583.45,583.98
2025-03-04 10:00:00,2025-03-04T10:00:00,2025-03-04T10:00:00,"{'bid': 583.99, 'ask': 584.21}","{'bid': 584.05, 'ask': 584.28}","{'bid': 584.09, 'ask': 584.75}","{'bid': 582.55, 'ask': 582.93}",1894,583.99,584.09,582.55,584.05
2025-03-04 10:15:00,2025-03-04T10:15:00,2025-03-04T10:15:00,"{'bid': 584.05, 'ask': 584.27}","{'bid': 582.93, 'ask': 583.13}","{'bid': 584.26, 'ask': 584.75}","{'bid': 582.55, 'ask': 583.11}",1450,584.05,584.26,582.55,582.93
2025-03-04 10:30:00,2025-03-04T10:30:00,2025-03-04T10:30:00,"{'bid': 582.95, 'ask': 583.13}","{'bid': 582.87, 'ask': 583.09}","{'bid': 583.44, 'ask': 583.85}","{'bid': 582.25, 'ask': 582.79}",1880,582.95,583.44,582.25,582.87
2025-03-04 10:45:00,2025-03-04T10:45:00,2025-03-04T10:45:00,"{'bid': 582.87, 'ask': 583.11}","{'bid': 583.24, 'ask': 583.47}","{'bid': 583.52, 'ask': 583.85}","{'bid': 582.25, 'ask': 582.92}",1320,582.87,583.52,582.25,583.24
2025-03-04 11:00:00,2025-03-04T11:00:00,2025-03-04T11:00:00,"{'bid': 583.26, 'ask': 583.48}","{'bid': 583.26, 'ask': 583.46}","{'bid': 583.72, 'ask': 584.15}","{'bid': 582.55, 'ask': 583.16}",1281,583.26,583.72,582.55,583.26
2025-03-04 11:15:00,2025-03-04T11:15:00,2025-03-04T11:15:00,"{'bid': 583.26, 'ask': 583.45}","{'bid': 583.57, 'ask': 583.76}","{'bid': 583.57, 'ask': 584.15}","{'bid': 582.55, 'ask': 583.09}",1033,583.26,583.57,582.55,583.57
2025-03-04 11:30:00,2025-03-04T11:30:00,2025-03-04T11:30:00,"{'bid': 583.55, 'ask': 583.74}","{'bid': 583.36, 'ask': 583.55}","{'bid': 583.73, 'ask': 584.15}","{'bid': 582.55, 'ask': 582.79}",1346,583.55,583.73,582.55,583.36
2025-03-04 11:45:00,2025-03-04T11:45:00,2025-03-04T11:45:00,"{'bid': 583.37, 'ask': 583.56}","{'bid': 583.26, 'ask': 583.5}","{'bid': 583.71, 'ask': 584.15}","{'bid': 582.85, 'ask': 583.34}",1234,583.37,583.71,582.85,583.26
2025-03-04 12:00:00,2025-03-04T12:00:00,2025-03-04T12:00:00,"{'bid': 582.86, 'ask': 583.42}","{'bid': 582.14, 'ask': 582.36}","{'bid': 583.19, 'ask': 583.55}","{'bid': 581.95, 'ask': 582.27}",1864,582.86,583.19,581.95,582.14
2025-03-04 12:15:00,2025-03-04T12:15:00,2025-03-04T12:15:00,"{'bid': 582.16, 'ask': 582.37}","{'bid': 579.9, 'ask': 580.1}","{'bid': 582.38, 'ask': 582.79}","{'bid': 579.55, 'ask': 580.01}",2545,582.16,582.38,579.55,579.9
2025-03-04 12:30:00,2025-03-04T12:30:00,2025-03-04T12:30:00,"{'bid': 579.9, 'ask': 580.09}","{'bid': 580.78, 'ask': 580.95}","{'bid': 581.14, 'ask': 581.45}","{'bid': 579.85, 'ask': 580.06}",2523,579.9,581.14,579.85,580.78
2025-03-04 12:45:00,2025-03-04T12:45:00,2025-03-04T12:45:00,"{'bid': 580.79, 'ask': 580.95}","{'bid': 580.1, 'ask': 580.29}","{'bid': 581.26, 'ask': 581.75}","{'bid': 579.55, 'ask': 580.19}",2102,580.79,581.26,579.55,580.1
2025-03-04 13:00:00,2025-03-04T13:00:00,2025-03-04T13:00:00,"{'bid': 580.06, 'ask': 580.32}","{'bid': 579.52, 'ask': 579.66}","{'bid': 580.35, 'ask': 580.55}","{'bid': 578.96, 'ask': 579.56}",2579,580.06,580.35,578.96,579.52
2025-03-04 13:15:00,2025-03-04T13:15:00,2025-03-04T13:15:00,"{'bid': 579.52, 'ask': 579.67}","{'bid': 579.14, 'ask': 579.32}","{'bid': 580.13, 'ask': 580.29}","{'bid': 578.96, 'ask': 579.11}",2503,579.52,580.13,578.96,579.14
2025-03-04 13:30:00,2025-03-04T13:30:00,2025-03-04T13:30:00,"{'bid': 579.16, 'ask': 579.32}","{'bid': 580.28, 'ask': 580.43}","{'bid': 580.49, 'ask': 580.66}","{'bid': 579.09, 'ask': 579.26}",2877,579.16,580.49,579.09,580.28
2025-03-04 13:45:00,2025-03-04T13:45:00,2025-03-04T13:45:00,"{'bid': 580.27, 'ask': 580.43}","{'bid': 579.8, 'ask': 579.95}","{'bid': 580.59, 'ask': 580.73}","{'bid': 579.25, 'ask': 579.79}",2343,580.27,580.59,579.25,579.8
2025-03-04 14:00:00,2025-03-04T14:00:00,2025-03-04T14:00:00,"{'bid': 579.74, 'ask': 579.92}","{'bid': 580.95, 'ask': 581.08}","{'bid': 581.28, 'ask': 581.43}","{'bid': 579.55, 'ask': 579.84}",2866,579.74,581.28,579.55,580.95
2025-03-04 14:15:00,2025-03-04T14:15:00,2025-03-04T14:15:00,"{'bid': 580.95, 'ask': 581.09}","{'bid': 579.65, 'ask': 579.79}","{'bid': 581.02, 'ask': 581.19}","{'bid': 579.45, 'ask': 579.66}",3605,580.95,581.02,579.45,579.65
2025-03-04 14:30:00,2025-03-04T14:30:00,2025-03-04T14:30:00,"{'bid': 579.67, 'ask': 579.88}","{'bid': 578.39, 'ask': 578.53}","{'bid': 580.15, 'ask': 580.28}","{'bid': 577.54, 'ask': 577.68}",11584,579.67,580.15,577.54,578.39
2025-03-04 14:45:00,2025-03-04T14:45:00,2025-03-04T14:45:00,"{'bid': 578.4, 'ask': 578.53}","{'bid': 575.64, 'ask': 575.78}","{'bid': 579.55, 'ask': 579.67}","{'bid': 575.53, 'ask': 575.65}",9587,578.4,579.55,575.53,575.64
2025-03-04 15:00:00,2025-03-04T15:00:00,2025-03-04T15:00:00,"{'bid': 575.66, 'ask': 575.81}","{'bid': 574.63, 'ask': 574.76}","{'bid': 576.12, 'ask': 576.26}","{'bid': 573.91, 'ask': 574.04}",9559,575.66,576.12,573.91,574.63
2025-03-04 15:15:00,2025-03-04T15:15:00,2025-03-04T15:15:00,"{'bid': 574.65, 'ask': 574.78}","{'bid': 574.46, 'ask': 574.59}","{'bid': 574.97, 'ask': 575.1}","{'bid': 572.17, 'ask': 572.31}",9121,574.65,574.97,572.17,574.46
2025-03-04 15:30:00,2025-03-04T15:30:00,2025-03-04T15:30:00,"{'bid': 574.47, 'ask': 574.59}","{'bid': 575.23, 'ask': 575.36}","{'bid': 576.04, 'ask': 576.16}","{'bid': 574.04, 'ask': 574.17}",8866,574.47,576.04,574.04,575.23
2025-03-04 15:45:00,2025-03-04T15:45:00,2025-03-04T15:45:00,"{'bid': 575.25, 'ask': 575.4}","{'bid': 574.02, 'ask': 574.14}","{'bid': 575.68, 'ask': 575.8}","{'bid': 573.33, 'ask': 573.46}",8263,575.25,575.68,573.33,574.02
2025-03-04 16:00:00,2025-03-04T16:00:00,2025-03-04T16:00:00,"{'bid': 574.04, 'ask': 574.16}","{'bid': 574.56, 'ask': 574.69}","{'bid': 574.69, 'ask': 574.81}","{'bid': 572.4, 'ask': 572.53}",7379,574.04,574.69,572.4,574.56
2025-03-04 16:15:00,2025-03-04T16:15:00,2025-03-04T16:15:00,"{'bid': 574.54, 'ask': 574.67}","{'bid': 572.91, 'ask': 573.06}","{'bid': 575.02, 'ask': 575.15}","{'bid': 572.25, 'ask': 572.37}",6483,574.54,575.02,572.25,572.91
2025-03-04 16:30:00,2025-03-04T16:30:00,2025-03-04T16:30:00,"{'bid': 572.91, 'ask': 573.05}","{'bid': 575.11, 'ask': 575.24}","{'bid': 575.3, 'ask': 575.45}","{'bid': 572.86, 'ask': 573.0}",6676,572.91,575.3,572.86,575.11
2025-03-04 16:45:00,2025-03-04T16:45:00,2025-03-04T16:45:00,"{'bid': 575.1, 'ask': 575.22}","{'bid': 575.92, 'ask': 576.04}","{'bid': 576.5, 'ask': 576.64}","{'bid': 574.57, 'ask': 574.69}",6724,575.1,576.5,574.57,575.92
2025-03-04 17:00:00,2025-03-04T17:00:00,2025-03-04T17:00:00,"{'bid': 575.92, 'ask': 576.05}","{'bid': 576.18, 'ask': 576.3}","{'bid': 576.64, 'ask': 576.78}","{'bid': 575.26, 'ask': 575.39}",5669,575.92,576.64,575.26,576.18
2025-03-04 17:15:00,2025-03-04T17:15:00,2025-03-04T17:15:00,"{'bid': 576.17, 'ask': 576.3}","{'bid': 577.8, 'ask': 577.93}","{'bid': 578.49, 'ask': 578.63}","{'bid': 575.95, 'ask': 576.08}",5358,576.17,578.49,575.95,577.8
2025-03-04 17:30:00,2025-03-04T17:30:00,2025-03-04T17:30:00,"{'bid': 577.8, 'ask': 577.92}","{'bid': 577.2, 'ask': 577.32}","{'bid': 578.0, 'ask': 578.13}","{'bid': 576.56, 'ask': 576.68}",5672,577.8,578.0,576.56,577.2
2025-03-04 17:45:00,2025-03-04T17:45:00,2025-03-04T17:45:00,"{'bid': 577.21, 'ask': 577.33}","{'bid': 576.43, 'ask': 576.56}","{'bid': 578.12, 'ask': 578.25}","{'bid': 575.88, 'ask': 576.01}",5590,577.21,578.12,575.88,576.43
2025-03-04 18:00:00,2025-03-04T18:00:00,2025-03-04T18:00:00,"{'bid': 576.45, 'ask': 576.59}","{'bid': 579.65, 'ask': 579.78}","{'bid': 580.02, 'ask': 580.14}","{'bid': 575.97, 'ask': 576.11}",6082,576.45,580.02,575.97,579.65
2025-03-04 18:15:00,2025-03-04T18:15:00,2025-03-04T18:15:00,"{'bid': 579.63, 'ask': 579.76}","{'bid': 577.45, 'ask': 577.57}","{'bid': 579.74, 'ask': 579.87}","{'bid': 577.18, 'ask': 577.31}",5878,579.63,579.74,577.18,577.45
2025-03-04 18:30:00,2025-03-04T18:30:00,2025-03-04T18:30:00,"{'bid': 577.47, 'ask': 577.6}","{'bid': 579.04, 'ask': 579.17}","{'bid': 579.47, 'ask': 579.59}","{'bid': 576.89, 'ask': 577.02}",5428,577.47,579.47,576.89,579.04
2025-03-04 18:45:00,2025-03-04T18:45:00,2025-03-04T18:45:00,"{'bid': 579.05, 'ask': 579.17}","{'bid': 580.22, 'ask': 580.34}","{'bid': 580.76, 'ask': 580.89}","{'bid': 578.67, 'ask': 578.8}",4548,579.05,580.76,578.67,580.22
2025-03-04 19:00:00,2025-03-04T19:00:00,2025-03-04T19:00:00,"{'bid': 580.19, 'ask': 580.33}","{'bid': 581.49, 'ask': 581.61}","{'bid': 582.46, 'ask': 582.59}","{'bid': 580.14, 'ask': 580.26}",5366,580.19,582.46,580.14,581.49
2025-03-04 19:15:00,2025-03-04T19:15:00,2025-03-04T19:15:00,"{'bid': 581.5, 'ask': 581.63}","{'bid': 581.34, 'ask': 581.48}","{'bid': 582.85, 'ask': 582.98}","{'bid': 581.18, 'ask': 581.31}",4752,581.5,582.85,581.18,581.34
2025-03-04 19:30:00,2025-03-04T19:30:00,2025-03-04T19:30:00,"{'bid': 581.35, 'ask': 581.49}","{'bid': 582.13, 'ask': 582.27}","{'bid': 582.35, 'ask': 582.48}","{'bid': 580.74, 'ask': 580.86}",5802,581.35,582.35,580.74,582.13
2025-03-04 19:45:00,2025-03-04T19:45:00,2025-03-04T19:45:00,"{'bid': 582.14, 'ask': 582.27}","{'bid': 582.82, 'ask': 582.95}","{'bid': 583.07, 'ask': 583.2}","{'bid': 581.86, 'ask': 581.99}",4738,582.14,583.07,581.86,582.82
2025-03-04 20:00:00,2025-03-04T20:00:00,2025-03-04T20:00:00,"{'bid': 582.83, 'ask': 582.96}","{'bid': 583.43, 'ask': 583.56}","{'bid': 583.73, 'ask': 583.85}","{'bid': 582.14, 'ask': 582.27}",5165,582.83,583.73,582.14,583.43
2025-03-04 20:15:00,2025-03-04T20:15:00,2025-03-04T20:15:00,"{'bid': 583.42, 'ask': 583.54}","{'bid': 583.76, 'ask': 583.89}","{'bid': 585.33, 'ask': 585.45}","{'bid': 582.89, 'ask': 583.01}",5417,583.42,585.33,582.89,583.76
2025-03-04 20:30:00,2025-03-04T20:30:00,2025-03-04T20:30:00,"{'bid': 583.78, 'ask': 583.91}","{'bid': 579.95, 'ask': 580.07}","{'bid': 583.97, 'ask': 584.11}","{'bid': 578.82, 'ask': 578.95}",9257,583.78,583.97,578.82,579.95
2025-03-04 20:45:00,2025-03-04T20:45:00,2025-03-04T20:45:00,"{'bid': 579.97, 'ask': 580.1}","{'bid': 576.8, 'ask': 576.92}","{'bid': 580.6, 'ask': 580.72}","{'bid': 574.63, 'ask': 574.76}",9080,579.97,580.6,574.63,576.8
2025-03-04 21:00:00,2025-03-04T21:00:00,2025-03-04T21:00:00,"{'bid': 576.81, 'ask': 576.93}","{'bid': 578.82, 'ask': 578.97}","{'bid': 579.61, 'ask': 579.95}","{'bid': 576.81, 'ask': 576.93}",4639,576.81,579.61,576.81,578.82
2025-03-04 21:15:00,2025-03-04T21:15:00,2025-03-04T21:15:00,"{'bid': 578.81, 'ask': 578.97}","{'bid': 580.89, 'ask': 581.07}","{'bid': 581.69, 'ask': 581.88}","{'bid': 578.31, 'ask': 578.58}",3361,578.81,581.69,578.31,580.89
2025-03-04 21:30:00,2025-03-04T21:30:00,2025-03-04T21:30:00,"{'bid': 580.88, 'ask': 581.07}","{'bid': 579.65, 'ask': 579.81}","{'bid': 581.09, 'ask': 581.31}","{'bid': 578.65, 'ask': 579.2}",2168,580.88,581.09,578.65,579.65
2025-03-04 21:45:00,2025-03-04T21:45:00,2025-03-04T21:45:00,"{'bid': 579.65, 'ask': 579.84}","{'bid': 580.25, 'ask': 580.5}","{'bid': 580.43, 'ask': 580.7}","{'bid': 579.25, 'ask': 579.71}",1312,579.65,580.43,579.25,580.25
2025-03-04 22:00:00,2025-03-04T22:00:00,2025-03-04T22:00:00,"{'bid': 580.25, 'ask': 580.51}","{'bid': 580.0, 'ask': 580.15}","{'bid': 580.25, 'ask': 580.52}","{'bid': 579.95, 'ask': 580.15}",78,580.25,580.25,579.95,580.0
2025-03-04 22:15:00,2025-03-04T22:15:00,2025-03-04T22:15:00,"{'bid': 580.01, 'ask': 580.23}","{'bid': 580.07, 'ask': 580.23}","{'bid': 580.09, 'ask': 580.3}","{'bid': 579.84, 'ask': 580.05}",65,580.01,580.09,579.84,580.07
2025-03-04 22:30:00,2025-03-04T22:30:00,2025-03-04T22:30:00,"{'bid': 579.94, 'ask': 580.23}","{'bid': 580.17, 'ask': 580.5}","{'bid': 580.17, 'ask': 580.55}","{'bid': 579.94, 'ask': 580.15}",31,579.94,580.17,579.94,580.17
2025-03-04 22:45:00,2025-03-04T22:45:00,2025-03-04T22:45:00,"{'bid': 580.17, 'ask': 580.46}","{'bid': 580.67, 'ask': 580.8}","{'bid': 580.7, 'ask': 580.96}","{'bid': 580.17, 'ask': 580.43}",92,580.17,580.7,580.17,580.67
2025-03-04 23:00:00,2025-03-04T23:00:00,2025-03-04T23:00:00,"{'bid': 580.67, 'ask': 580.94}","{'bid': 580.95, 'ask': 581.18}","{'bid': 581.17, 'ask': 581.75}","{'bid': 579.99, 'ask': 580.21}",1048,580.67,581.17,579.99,580.95
2025-03-04 23:15:00,2025-03-04T23:15:00,2025-03-04T23:15:00,"{'bid': 580.97, 'ask': 581.18}","{'bid': 581.24, 'ask': 581.47}","{'bid': 581.27, 'ask': 581.75}","{'bid': 580.15, 'ask': 580.71}",729,580.97,581.27,580.15,581.24
2025-03-04 23:30:00,2025-03-04T23:30:00,2025-03-04T23:30:00,"{'bid': 581.24, 'ask': 581.45}","{'bid': 580.95, 'ask': 581.18}","{'bid': 581.45, 'ask': 581.99}","{'bid': 580.45, 'ask': 581.06}",816,581.24,581.45,580.45,580.95
2025-03-04 23:45:00,2025-03-04T23:45:00,2025-03-04T23:45:00,"{'bid': 580.96, 'ask': 581.18}","{'bid': 581.09, 'ask': 581.3}","{'bid': 581.1, 'ask': 581.7}","{'bid': 580.15, 'ask': 580.87}",683,580.96,581.1,580.15,581.09
2025-03-05 00:00:00,2025-03-05T00:00:00,2025-03-05T00:00:00,"{'bid': 581.09, 'ask': 581.28}","{'bid': 581.0, 'ask': 581.19}","{'bid': 581.34, 'ask': 581.7}","{'bid': 580.45, 'ask': 580.99}",785,581.09,581.34,580.45,581.0
2025-03-05 00:15:00,2025-03-05T00:15:00,2025-03-05T00:15:00,"{'bid': 580.96, 'ask': 581.19}","{'bid': 580.36, 'ask': 580.57}","{'bid': 581.03, 'ask': 581.45}","{'bid': 579.9, 'ask': 580.06}",1025,580.96,581.03,579.9,580.36
2025-03-05 00:30:00,2025-03-05T00:30:00,2025-03-05T00:30:00,"{'bid': 580.35, 'ask': 580.57}","{'bid': 580.19, 'ask': 580.38}","{'bid': 580.53, 'ask': 580.85}","{'bid': 578.96, 'ask': 579.42}",1242,580.35,580.53,578.96,580.19
2025-03-05 00:45:00,2025-03-05T00:45:00,2025-03-05T00:45:00,"{'bid': 580.18, 'ask': 580.38}","{'bid': 580.36, 'ask': 580.59}","{'bid': 580.52, 'ask': 581.36}","{'bid': 579.85, 'ask': 580.18}",867,580.18,580.52,579.85,580.36
2025-03-05 09:00:00,2025-03-05T09:00:00,2025-03-05T09:00:00,"{'bid': 580.18, 'ask': 580.49}","{'bid': 580.71, 'ask': 580.87}","{'bid': 580.78, 'ask': 581.45}","{'bid': 579.55, 'ask': 580.05}",1623,580.18,580.78,579.55,580.71
2025-03-05 09:15:00,2025-03-05T09:15:00,2025-03-05T09:15:00,"{'bid': 580.72, 'ask': 580.89}","{'bid': 581.45, 'ask': 581.64}","{'bid': 581.64, 'ask': 582.05}","{'bid': 580.15, 'ask': 580.56}",1557,580.72,581.64,580.15,581.45
2025-03-05 09:30:00,2025-03-05T09:30:00,2025-03-05T09:30:00,"{'bid': 581.45, 'ask': 581.65}","{'bid': 581.89, 'ask': 582.08}","{'bid': 581.89, 'ask': 582.35}","{'bid': 581.05, 'ask': 581.59}",1182,581.45,581.89,581.05,581.89
2025-03-05 09:45:00,2025-03-05T09:45:00,2025-03-05T09:45:00,"{'bid': 581.89, 'ask': 582.07}","{'bid': 581.76, 'ask': 581.94}","{'bid': 582.22, 'ask': 582.65}","{'bid': 581.35, 'ask': 581.73}",1182,581.89,582.22,581.35,581.76
2025-03-05 10:00:00,2025-03-05T10:00:00,2025-03-05T10:00:00,"{'bid': 581.78, 'ask': 581.95}","{'bid': 580.95, 'ask': 581.13}","{'bid': 582.08, 'ask': 582.65}","{'bid': 580.16, 'ask': 580.83}",1494,581.78,582.08,580.16,580.95
2025-03-05 10:15:00,2025-03-05T10:15:00,2025-03-05T10:15:00,"{'bid': 580.95, 'ask': 581.12}","{'bid': 580.21, 'ask': 580.41}","{'bid': 581.05, 'ask': 581.45}","{'bid': 579.85, 'ask': 580.29}",1431,580.95,581.05,579.85,580.21
2025-03-05 10:30:00,2025-03-05T10:30:00,2025-03-05T10:30:00,"{'bid': 580.22, 'ask': 580.4}","{'bid': 580.89, 'ask': 581.08}","{'bid': 581.06, 'ask': 581.45}","{'bid': 579.85, 'ask': 580.36}",1259,580.22,581.06,579.85,580.89
2025-03-05 10:45:00,2025-03-05T10:45:00,2025-03-05T10:45:00,"{'bid': 580.89, 'ask': 581.07}","{'bid': 580.16, 'ask': 580.33}","{'bid': 581.23, 'ask': 581.75}","{'bid': 579.85, 'ask': 580.28}",1075,580.89,581.23,579.85,580.16
2025-03-05 11:00:00,2025-03-05T11:00:00,2025-03-05T11:00:00,"{'bid': 579.85, 'ask': 580.41}","{'bid': 580.07, 'ask': 580.27}","{'bid': 580.36, 'ask': 580.75}","{'bid': 579.25, 'ask': 579.94}",1294,579.85,580.36,579.25,580.07
2025-03-05 11:15:00,2025-03-05T11:15:00,2025-03-05T11:15:00,"{'bid': 580.03, 'ask': 580.25}","{'bid': 580.12, 'ask': 580.33}","{'bid': 580.34, 'ask': 580.75}","{'bid': 579.55, 'ask': 580.0}",970,580.03,580.34,579.55,580.12
2025-03-05 11:30:00,2025-03-05T11:30:00,2025-03-05T11:30:00,"{'bid': 580.08, 'ask': 580.28}","{'bid': 580.18, 'ask': 580.35}","{'bid': 580.34, 'ask': 580.75}","{'bid': 579.55, 'ask': 579.95}",1068,580.08,580.34,579.55,580.18
2025-03-05 11:45:00,2025-03-05T11:45:00,2025-03-05T11:45:00,"{'bid': 580.19, 'ask': 580.35}","{'bid': 578.81, 'ask': 579.0}","{'bid': 580.26, 'ask': 580.74}","{'bid': 577.15, 'ask': 577.68}",2132,580.19,580.26,577.15,578.81
2025-03-05 12:00:00,2025-03-05T12:00:00,2025-03-05T12:00:00,"{'bid': 578.81, 'ask': 579.03}","{'bid': 578.77, 'ask': 578.99}","{'bid': 579.47, 'ask': 579.64}","{'bid': 578.35, 'ask': 578.72}",1766,578.81,579.47,578.35,578.77
2025-03-05 12:15:00,2025-03-05T12:15:00,2025-03-05T12:15:00,"{'bid': 578.76, 'ask': 578.98}","{'bid': 578.5, 'ask': 578.68}","{'bid': 578.83, 'ask': 579.35}","{'bid': 577.45, 'ask': 577.81}",1732,578.76,578.83,577.45,578.5
2025-03-05 12:30:00,2025-03-05T12:30:00,2025-03-05T12:30:00,"{'bid': 578.49, 'ask': 578.68}","{'bid': 579.29, 'ask': 579.45}","{'bid': 579.31, 'ask': 579.49}","{'bid': 578.36, 'ask': 578.66}",1308,578.49,579.31,578.36,579.29
2025-03-05 12:45:00,2025-03-05T12:45:00,2025-03-05T12:45:00,"{'bid': 579.3, 'ask': 579.45}","{'bid': 578.05, 'ask': 578.2}","{'bid': 579.36, 'ask': 579.49}","{'bid': 577.62, 'ask': 578.03}",2341,579.3,579.36,577.62,578.05
2025-03-05 13:00:00,2025-03-05T13:00:00,2025-03-05T13:00:00,"{'bid': 578.06, 'ask': 578.2}","{'bid': 577.55, 'ask': 578.67}","{'bid': 579.17, 'ask': 579.44}","{'bid': 574.77, 'ask': 577.53}",3509,578.06,579.17,574.77,577.55
2025-03-05 13:15:00,2025-03-05T13:15:00,2025-03-05T13:15:00,"{'bid': 577.55, 'ask': 578.42}","{'bid': 576.72, 'ask': 576.88}","{'bid': 578.22, 'ask': 578.45}","{'bid': 575.95, 'ask': 576.39}",2292,577.55,578.22,575.95,576.72
2025-03-05 13:30:00,2025-03-05T13:30:00,2025-03-05T13:30:00,"{'bid': 576.77, 'ask': 576.94}","{'bid': 576.47, 'ask': 576.64}","{'bid': 577.69, 'ask': 578.23}","{'bid': 576.47, 'ask': 576.63}",2610,576.77,577.69,576.47,576.47
2025-03-05 13:45:00,2025-03-05T13:45:00,2025-03-05T13:45:00,"{'bid': 576.47, 'ask': 576.63}","{'bid': 576.68, 'ask': 576.83}","{'bid': 577.45, 'ask': 577.72}","{'bid': 576.44, 'ask': 576.6}",2232,576.47,577.45,576.44,576.68
2025-03-05 14:00:00,2025-03-05T14:00:00,2025-03-05T14:00:00,"{'bid': 576.68, 'ask': 576.86}","{'bid': 577.09, 'ask': 577.27}","{'bid': 577.14, 'ask': 577.32}","{'bid': 575.35, 'ask': 575.94}",2330,576.68,577.14,575.35,577.09
2025-03-05 14:15:00,2025-03-05T14:15:00,2025-03-05T14:15:00,"{'bid': 577.11, 'ask': 577.29}","{'bid': 576.61, 'ask': 576.76}","{'bid': 577.81, 'ask': 578.15}","{'bid': 576.25, 'ask': 576.46}",2565,577.11,577.81,576.25,576.61
2025-03-05 14:30:00,2025-03-05T14:30:00,2025-03-05T14:30:00,"{'bid': 576.64, 'ask': 576.83}","{'bid': 578.46, 'ask': 578.61}","{'bid': 579.06, 'ask': 579.19}","{'bid': 576.28, 'ask': 576.41}",8827,576.64,579.06,576.28,578.46
2025-03-05 14:45:00,2025-03-05T14:45:00,2025-03-05T14:45:00,"{'bid': 578.44, 'ask': 578.6}","{'bid': 575.75, 'ask': 575.96}","{'bid': 578.66, 'ask': 578.84}","{'bid': 574.92, 'ask': 575.06}",7732,578.44,578.66,574.92,575.75
2025-03-05 15:00:00,2025-03-05T15:00:00,2025-03-05T15:00:00,"{'bid': 575.7, 'ask': 575.91}","{'bid': 578.28, 'ask': 578.43}","{'bid': 579.55, 'ask': 579.68}","{'bid': 575.7, 'ask': 575.91}",8406,575.7,579.55,575.7,578.28
2025-03-05 15:15:00,2025-03-05T15:15:00,2025-03-05T15:15:00,"{'bid': 578.27, 'ask': 578.4}","{'bid': 575.81, 'ask': 575.95}","{'bid': 578.43, 'ask': 578.55}","{'bid': 575.34, 'ask': 575.48}",8269,578.27,578.43,575.34,575.81
2025-03-05 15:30:00,2025-03-05T15:30:00,2025-03-05T15:30:00,"{'bid': 575.82, 'ask': 575.96}","{'bid': 577.28, 'ask': 577.41}","{'bid': 578.31, 'ask': 578.43}","{'bid': 575.45, 'ask': 575.57}",7070,575.82,578.31,575.45,577.28
2025-03-05 15:45:00,2025-03-05T15:45:00,2025-03-05T15:45:00,"{'bid': 577.26, 'ask': 577.39}","{'bid': 576.86, 'ask': 576.99}","{'bid': 577.96, 'ask': 578.09}","{'bid': 575.79, 'ask': 575.91}",6036,577.26,577.96,575.79,576.86
2025-03-05 16:00:00,2025-03-05T16:00:00,2025-03-05T16:00:00,"{'bid': 576.85, 'ask': 576.98}","{'bid': 574.82, 'ask': 574.96}","{'bid': 576.85, 'ask': 576.98}","{'bid': 573.75, 'ask': 573.88}",6085,576.85,576.85,573.75,574.82
2025-03-05 16:15:00,2025-03-05T16:15:00,2025-03-05T16:15:00,"{'bid': 574.81, 'ask': 574.93}","{'bid': 574.79, 'ask': 574.92}","{'bid': 575.05, 'ask': 575.18}","{'bid': 573.81, 'ask': 573.94}",5012,574.81,575.05,573.81,574.79
2025-03-05 16:30:00,2025-03-05T16:30:00,2025-03-05T16:30:00,"{'bid': 574.76, 'ask': 574.9}","{'bid': 573.39, 'ask': 573.51}","{'bid': 574.76, 'ask': 574.9}","{'bid': 573.12, 'ask': 573.27}",4941,574.76,574.76,573.12,573.39
2025-03-05 16:45:00,2025-03-05T16:45:00,2025-03-05T16:45:00,"{'bid': 573.41, 'ask': 573.54}","{'bid': 575.82, 'ask': 575.95}","{'bid': 576.73, 'ask': 576.87}","{'bid': 573.03, 'ask': 573.16}",6004,573.41,576.73,573.03,575.82
2025-03-05 17:00:00,2025-03-05T17:00:00,2025-03-05T17:00:00,"{'bid': 575.84, 'ask': 575.98}","{'bid': 576.46, 'ask': 576.58}","{'bid': 577.58, 'ask': 577.71}","{'bid': 575.7, 'ask': 575.85}",6263,575.84,577.58,575.7,576.46
2025-03-05 17:15:00,2025-03-05T17:15:00,2025-03-05T17:15:00,"{'bid': 576.47, 'ask': 576.61}","{'bid': 578.62, 'ask': 578.76}","{'bid': 578.68, 'ask': 578.83}","{'bid': 576.38, 'ask': 576.51}",4958,576.47,578.68,576.38,578.62
2025-03-05 17:30:00,2025-03-05T17:30:00,2025-03-05T17:30:00,"{'bid': 578.62, 'ask': 578.75}","{'bid': 579.14, 'ask': 579.26}","{'bid': 579.39, 'ask': 579.51}","{'bid': 578.45, 'ask': 578.59}",3955,578.62,579.39,578.45,579.14
2025-03-05 17:45:00,2025-03-05T17:45:00,2025-03-05T17:45:00,"{'bid': 579.13, 'ask': 579.25}","{'bid': 580.67, 'ask': 580.8}","{'bid': 580.85, 'ask': 580.97}","{'bid': 577.83, 'ask': 577.96}",5825,579.13,580.85,577.83,580.67
2025-03-05 18:00:00,2025-03-05T18:00:00,2025-03-05T18:00:00,"{'bid': 580.66, 'ask': 580.78}","{'bid': 579.22, 'ask': 579.35}","{'bid': 581.07, 'ask': 581.2}","{'bid': 577.69, 'ask': 577.81}",7057,580.66,581.07,577.69,579.22
2025-03-05 18:15:00,2025-03-05T18:15:00,2025-03-05T18:15:00,"{'bid': 579.24, 'ask': 579.36}","{'bid': 579.18, 'ask': 579.31}","{'bid': 579.93, 'ask': 580.06}","{'bid': 578.78, 'ask': 578.91}",5789,579.24,579.93,578.78,579.18
2025-03-05 18:30:00,2025-03-05T18:30:00,2025-03-05T18:30:00,"{'bid': 579.17, 'ask': 579.29}","{'bid': 578.46, 'ask': 578.61}","{'bid': 579.59, 'ask': 579.73}","{'bid': 577.85, 'ask': 577.98}",5625,579.17,579.59,577.85,578.46
2025-03-05 18:45:00,2025-03-05T18:45:00,2025-03-05T18:45:00,"{'bid': 578.47, 'ask': 578.6}","{'bid': 581.39, 'ask': 581.53}","{'bid': 581.5, 'ask': 581.63}","{'bid': 578.47, 'ask': 578.6}",4423,578.47,581.5,578.47,581.39
2025-03-05 19:00:00,2025-03-05T19:00:00,2025-03-05T19:00:00,"{'bid': 581.38, 'ask': 581.51}","{'bid': 583.85, 'ask': 583.97}","{'bid': 584.15, 'ask': 584.28}","{'bid': 580.78, 'ask': 580.9}",4805,581.38,584.15,580.78,583.85
2025-03-05 19:15:00,2025-03-05T19:15:00,2025-03-05T19:15:00,"{'bid': 583.88, 'ask': 584.0}","{'bid': 582.72, 'ask': 582.85}","{'bid': 584.27, 'ask': 584.4}","{'bid': 582.33, 'ask': 582.46}",4839,583.88,584.27,582.33,582.72
2025-03-05 19:30:00,2025-03-05T19:30:00,2025-03-05T19:30:00,"{'bid': 582.74, 'ask': 582.87}","{'bid': 582.86, 'ask': 583.0}","{'bid': 583.54, 'ask': 583.67}","{'bid': 581.93, 'ask': 582.06}",4633,582.74,583.54,581.93,582.86
2025-03-05 19:45:00,2025-03-05T19:45:00,2025-03-05T19:45:00,"{'bid': 582.89, 'ask': 583.03}","{'bid': 583.01, 'ask': 583.16}","{'bid': 584.13, 'ask': 584.26}","{'bid': 582.61, 'ask': 582.73}",4361,582.89,584.13,582.61,583.01
2025-03-05 20:00:00,2025-03-05T20:00:00,2025-03-05T20:00:00,"{'bid': 583.01, 'ask': 583.15}","{'bid': 584.57, 'ask': 584.69}","{'bid': 584.81, 'ask': 584.93}","{'bid': 582.89, 'ask': 583.02}",3859,583.01,584.81,582.89,584.57
2025-03-05 20:15:00,2025-03-05T20:15:00,2025-03-05T20:15:00,"{'bid': 584.56, 'ask': 584.68}","{'bid': 584.04, 'ask': 584.17}","{'bid': 584.73, 'ask': 584.86}","{'bid': 582.19, 'ask': 582.32}",5386,584.56,584.73,582.19,584.04
2025-03-05 20:30:00,2025-03-05T20:30:00,2025-03-05T20:30:00,"{'bid': 584.04, 'ask': 584.16}","{'bid': 583.68, 'ask': 583.81}","{'bid': 584.07, 'ask': 584.19}","{'bid': 582.6, 'ask': 582.73}",4701,584.04,584.07,582.6,583.68
2025-03-05 20:45:00,2025-03-05T20:45:00,2025-03-05T20:45:00,"{'bid': 583.7, 'ask': 583.82}","{'bid': 583.01, 'ask': 583.13}","{'bid': 583.84, 'ask': 584.0}","{'bid': 581.34, 'ask': 581.47}",5711,583.7,583.84,581.34,583.01
2025-03-05 21:00:00,2025-03-05T21:00:00,2025-03-05T21:00:00,"{'bid': 582.98, 'ask': 583.1}","{'bid': 582.42, 'ask': 582.55}","{'bid': 583.08, 'ask': 583.25}","{'bid': 581.95, 'ask': 582.21}",2237,582.98,583.08,581.95,582.42
2025-03-05 21:15:00,2025-03-05T21:15:00,2025-03-05T21:15:00,"{'bid': 582.4, 'ask': 582.55}","{'bid': 582.79, 'ask': 582.97}","{'bid': 583.13, 'ask': 583.27}","{'bid': 582.3, 'ask': 582.55}",725,582.4,583.13,582.3,582.79
2025-03-05 21:30:00,2025-03-05T21:30:00,2025-03-05T21:30:00,"{'bid': 582.74, 'ask': 582.92}","{'bid': 582.66, 'ask': 582.82}","{'bid': 582.86, 'ask': 583.08}","{'bid': 582.3, 'ask': 582.61}",637,582.74,582.86,582.3,582.66
2025-03-05 21:45:00,2025-03-05T21:45:00,2025-03-05T21:45:00,"{'bid': 582.6, 'ask': 582.82}","{'bid': 582.34, 'ask': 582.53}","{'bid': 582.76, 'ask': 582.9}","{'bid': 582.25, 'ask': 582.39}",591,582.6,582.76,582.25,582.34
2025-03-05 22:00:00,2025-03-05T22:00:00,2025-03-05T22:00:00,"{'bid': 582.25, 'ask': 582.53}","{'bid': 582.37, 'ask': 582.64}","{'bid': 582.5, 'ask': 582.8}","{'bid': 582.25, 'ask': 582.53}",35,582.25,582.5,582.25,582.37
2025-03-05 22:15:00,2025-03-05T22:15:00,2025-03-05T22:15:00,"{'bid': 582.43, 'ask': 582.73}","{'bid': 582.35, 'ask': 582.72}","{'bid': 582.48, 'ask': 582.87}","{'bid': 582.35, 'ask': 582.6}",14,582.43,582.48,582.35,582.35
2025-03-05 22:30:00,2025-03-05T22:30:00,2025-03-05T22:30:00,"{'bid': 582.35, 'ask': 582.71}","{'bid': 582.51, 'ask': 582.72}","{'bid': 582.56, 'ask': 582.72}","{'bid': 582.35, 'ask': 582.71}",13,582.35,582.56,582.35,582.51
2025-03-05 22:45:00,2025-03-05T22:45:00,2025-03-05T22:45:00,"{'bid': 582.52, 'ask': 582.72}","{'bid': 582.31, 'ask': 582.5}","{'bid': 582.53, 'ask': 582.72}","{'bid': 581.65, 'ask': 582.43}",74,582.52,582.53,581.65,582.31
2025-03-05 23:00:00,2025-03-05T23:00:00,2025-03-05T23:00:00,"{'bid': 582.39, 'ask': 582.75}","{'bid': 583.14, 'ask': 583.28}","{'bid': 583.16, 'ask': 583.37}","{'bid': 582.25, 'ask': 582.57}",549,582.39,583.16,582.25,583.14
2025-03-05 23:15:00,2025-03-05T23:15:00,2025-03-05T23:15:00,"{'bid': 583.04, 'ask': 583.26}","{'bid': 582.67, 'ask': 582.89}","{'bid': 583.04, 'ask': 583.37}","{'bid': 582.25, 'ask': 582.8}",472,583.04,583.04,582.25,582.67
2025-03-05 23:30:00,2025-03-05T23:30:00,2025-03-05T23:30:00,"{'bid': 582.7, 'ask': 582.89}","{'bid': 582.53, 'ask': 582.73}","{'bid': 582.7, 'ask': 582.95}","{'bid': 581.71, 'ask': 582.21}",549,582.7,582.7,581.71,582.53
2025-03-05 23:45:00,2025-03-05T23:45:00,2025-03-05T23:45:00,"{'bid': 582.54, 'ask': 582.73}","{'bid': 582.37, 'ask': 582.58}","{'bid': 582.64, 'ask': 582.85}","{'bid': 582.18, 'ask': 582.54}",382,582.54,582.64,582.18,582.37
2025-03-06 00:00:00,2025-03-06T00:00:00,2025-03-06T00:00:00,"{'bid': 582.37, 'ask': 582.57}","{'bid': 582.75, 'ask': 582.95}","{'bid': 582.8, 'ask': 583.25}","{'bid': 581.95, 'ask': 582.32}",609,582.37,582.8,581.95,582.75
2025-03-06 00:15:00,2025-03-06T00:15:00,2025-03-06T00:15:00,"{'bid': 582.76, 'ask': 582.95}","{'bid': 582.78, 'ask': 582.96}","{'bid': 582.84, 'ask': 583.05}","{'bid': 582.25, 'ask': 582.69}",558,582.76,582.84,582.25,582.78
2025-03-06 00:30:00,2025-03-06T00:30:00,2025-03-06T00:30:00,"{'bid': 582.77, 'ask': 582.96}","{'bid': 582.56, 'ask': 582.77}","{'bid': 582.81, 'ask': 583.0}","{'bid': 582.25, 'ask': 582.68}",377,582.77,582.81,582.25,582.56
2025-03-06 00:45:00,2025-03-06T00:45:00,2025-03-06T00:45:00,"{'bid': 582.56, 'ask': 582.74}","{'bid': 581.86, 'ask': 582.05}","{'bid': 582.65, 'ask': 582.95}","{'bid': 581.35, 'ask': 581.87}",568,582.56,582.65,581.35,581.86
2025-03-06 09:00:00,2025-03-06T09:00:00,2025-03-06T09:00:00,"{'bid': 578.27, 'ask': 578.52}","{'bid': 578.55, 'ask': 578.77}","{'bid': 579.31, 'ask': 579.65}","{'bid': 577.45, 'ask': 577.85}",2656,578.27,579.31,577.45,578.55
2025-03-06 09:15:00,2025-03-06T09:15:00,2025-03-06T09:15:00,"{'bid': 578.55, 'ask': 578.76}","{'bid': 577.12, 'ask': 577.3}","{'bid': 578.74, 'ask': 579.35}","{'bid': 576.95, 'ask': 577.2}",2105,578.55,578.74,576.95,577.12
2025-03-06 09:30:00,2025-03-06T09:30:00,2025-03-06T09:30:00,"{'bid': 577.11, 'ask': 577.3}","{'bid': 577.99, 'ask': 578.17}","{'bid': 578.06, 'ask': 578.75}","{'bid': 576.25, 'ask': 576.83}",2135,577.11,578.06,576.25,577.99
2025-03-06 09:45:00,2025-03-06T09:45:00,2025-03-06T09:45:00,"{'bid': 578.01, 'ask': 578.2}","{'bid': 577.23, 'ask': 577.4}","{'bid': 578.19, 'ask': 578.74}","{'bid': 576.55, 'ask': 577.03}",1859,578.01,578.19,576.55,577.23
2025-03-06 10:00:00,2025-03-06T10:00:00,2025-03-06T10:00:00,"{'bid': 577.24, 'ask': 577.43}","{'bid': 577.08, 'ask': 577.3}","{'bid': 577.38, 'ask': 577.85}","{'bid': 575.96, 'ask': 576.44}",1996,577.24,577.38,575.96,577.08
2025-03-06 10:15:00,2025-03-06T10:15:00,2025-03-06T10:15:00,"{'bid': 577.09, 'ask': 577.3}","{'bid': 577.52, 'ask': 577.71}","{'bid': 577.75, 'ask': 578.05}","{'bid': 576.85, 'ask': 577.14}",1587,577.09,577.75,576.85,577.52
2025-03-06 10:30:00,2025-03-06T10:30:00,2025-03-06T10:30:00,"{'bid': 577.5, 'ask': 577.68}","{'bid': 576.65, 'ask': 576.86}","{'bid': 577.52, 'ask': 577.85}","{'bid': 576.25, 'ask': 576.69}",1482,577.5,577.52,576.25,576.65
2025-03-06 10:45:00,2025-03-06T10:45:00,2025-03-06T10:45:00,"{'bid': 576.67, 'ask': 576.86}","{'bid': 576.11, 'ask': 576.34}","{'bid': 576.86, 'ask': 577.25}","{'bid': 575.95, 'ask': 576.14}",1437,576.67,576.86,575.95,576.11
2025-03-06 11:00:00,2025-03-06T11:00:00,2025-03-06T11:00:00,"{'bid': 576.1, 'ask': 576.34}","{'bid': 576.21, 'ask': 576.43}","{'bid': 576.48, 'ask': 576.95}","{'bid': 575.35, 'ask': 575.75}",1494,576.1,576.48,575.35,576.21
2025-03-06 11:15:00,2025-03-06T11:15:00,2025-03-06T11:15:00,"{'bid': 576.21, 'ask': 576.42}","{'bid': 576.43, 'ask': 576.6}","{'bid': 576.78, 'ask': 577.05}","{'bid': 575.95, 'ask': 576.28}",1242,576.21,576.78,575.95,576.43
2025-03-06 11:30:00,2025-03-06T11:30:00,2025-03-06T11:30:00,"{'bid': 576.39, 'ask': 576.59}","{'bid': 577.41, 'ask': 577.57}","{'bid': 577.41, 'ask': 577.8}","{'bid': 576.25, 'ask': 576.55}",1072,576.39,577.41,576.25,577.41
2025-03-06 11:45:00,2025-03-06T11:45:00,2025-03-06T11:45:00,"{'bid': 577.4, 'ask': 577.57}","{'bid': 577.67, 'ask': 577.87}","{'bid': 577.72, 'ask': 578.15}","{'bid': 576.85, 'ask': 577.4}",1001,577.4,577.72,576.85,577.67
2025-03-06 12:00:00,2025-03-06T12:00:00,2025-03-06T12:00:00,"{'bid': 577.68, 'ask': 578.15}","{'bid': 576.8, 'ask': 576.99}","{'bid': 577.77, 'ask': 578.15}","{'bid': 576.55, 'ask': 576.87}",1202,577.68,577.77,576.55,576.8
2025-03-06 12:15:00,2025-03-06T12:15:00,2025-03-06T12:15:00,"{'bid': 576.79, 'ask': 576.98}","{'bid': 577.23, 'ask': 577.41}","{'bid': 577.35, 'ask': 577.85}","{'bid': 575.95, 'ask': 576.51}",1346,576.79,577.35,575.95,577.23
2025-03-06 12:30:00,2025-03-06T12:30:00,2025-03-06T12:30:00,"{'bid': 577.23, 'ask': 577.4}","{'bid': 576.75, 'ask': 576.91}","{'bid': 577.35, 'ask': 577.85}","{'bid': 575.65, 'ask': 576.23}",1483,577.23,577.35,575.65,576.75
2025-03-06 12:45:00,2025-03-06T12:45:00,2025-03-06T12:45:00,"{'bid': 576.73, 'ask': 576.9}","{'bid': 576.53, 'ask': 576.66}","{'bid': 577.01, 'ask': 577.51}","{'bid': 576.25, 'ask': 576.65}",1247,576.73,577.01,576.25,576.53
2025-03-06 13:00:00,2025-03-06T13:00:00,2025-03-06T13:00:00,"{'bid': 576.53, 'ask': 576.72}","{'bid': 575.78, 'ask': 576.0}","{'bid': 576.58, 'ask': 577.14}","{'bid': 575.55, 'ask': 575.76}",2192,576.53,576.58,575.55,575.78
2025-03-06 13:15:00,2025-03-06T13:15:00,2025-03-06T13:15:00,"{'bid': 575.78, 'ask': 576.03}","{'bid': 575.45, 'ask': 576.42}","{'bid': 576.06, 'ask': 576.43}","{'bid': 574.54, 'ask': 575.11}",2532,575.78,576.06,574.54,575.45
2025-03-06 13:30:00,2025-03-06T13:30:00,2025-03-06T13:30:00,"{'bid': 575.49, 'ask': 576.43}","{'bid': 576.33, 'ask': 576.5}","{'bid': 577.08, 'ask': 577.51}","{'bid': 575.03, 'ask': 575.59}",2539,575.49,577.08,575.03,576.33
2025-03-06 13:45:00,2025-03-06T13:45:00,2025-03-06T13:45:00,"{'bid': 576.35, 'ask': 576.5}","{'bid': 575.98, 'ask': 576.14}","{'bid': 576.54, 'ask': 576.95}","{'bid': 575.68, 'ask': 575.85}",2598,576.35,576.54,575.68,575.98
2025-03-06 14:00:00,2025-03-06T14:00:00,2025-03-06T14:00:00,"{'bid': 575.95, 'ask': 576.13}","{'bid': 576.65, 'ask': 576.8}","{'bid': 576.84, 'ask': 577.06}","{'bid': 575.45, 'ask': 575.65}",2547,575.95,576.84,575.45,576.65
2025-03-06 14:15:00,2025-03-06T14:15:00,2025-03-06T14:15:00,"{'bid': 576.63, 'ask': 576.79}","{'bid': 575.4, 'ask': 575.58}","{'bid': 576.63, 'ask': 576.95}","{'bid': 575.06, 'ask': 575.29}",2431,576.63,576.63,575.06,575.4
2025-03-06 14:30:00,2025-03-06T14:30:00,2025-03-06T14:30:00,"{'bid': 575.37, 'ask': 575.53}","{'bid': 573.6, 'ask': 573.77}","{'bid': 575.69, 'ask': 576.04}","{'bid': 573.39, 'ask': 573.52}",8102,575.37,575.69,573.39,573.6
2025-03-06 14:45:00,2025-03-06T14:45:00,2025-03-06T14:45:00,"{'bid': 573.56, 'ask': 573.71}","{'bid': 574.39, 'ask': 574.53}","{'bid': 575.93, 'ask': 576.05}","{'bid': 573.48, 'ask': 573.61}",7271,573.56,575.93,573.48,574.39
2025-03-06 15:00:00,2025-03-06T15:00:00,2025-03-06T15:00:00,"{'bid': 574.39, 'ask': 574.52}","{'bid': 577.39, 'ask': 577.53}","{'bid': 577.69, 'ask': 577.83}","{'bid': 574.02, 'ask': 574.15}",7317,574.39,577.69,574.02,577.39
2025-03-06 15:15:00,2025-03-06T15:15:00,2025-03-06T15:15:00,"{'bid': 577.39, 'ask': 577.52}","{'bid': 578.41, 'ask': 578.55}","{'bid': 578.67, 'ask': 578.81}","{'bid': 576.92, 'ask': 577.05}",6524,577.39,578.67,576.92,578.41
2025-03-06 15:30:00,2025-03-06T15:30:00,2025-03-06T15:30:00,"{'bid': 578.4, 'ask': 578.54}","{'bid': 579.72, 'ask': 579.86}","{'bid': 579.99, 'ask': 580.11}","{'bid': 577.69, 'ask': 577.83}",5593,578.4,579.99,577.69,579.72
2025-03-06 15:45:00,2025-03-06T15:45:00,2025-03-06T15:45:00,"{'bid': 579.7, 'ask': 579.83}","{'bid': 578.67, 'ask': 578.81}","{'bid': 579.95, 'ask': 580.09}","{'bid': 577.42, 'ask': 577.55}",5462,579.7,579.95,577.42,578.67
2025-03-06 16:00:00,2025-03-06T16:00:00,2025-03-06T16:00:00,"{'bid': 578.67, 'ask': 578.8}","{'bid': 579.29, 'ask': 579.42}","{'bid': 580.1, 'ask': 580.23}","{'bid': 578.64, 'ask': 578.78}",5373,578.67,580.1,578.64,579.29
2025-03-06 16:15:00,2025-03-06T16:15:00,2025-03-06T16:15:00,"{'bid': 579.28, 'ask': 579.4}","{'bid': 578.47, 'ask': 578.62}","{'bid': 579.57, 'ask': 579.7}","{'bid': 577.06, 'ask': 577.19}",6115,579.28,579.57,577.06,578.47
2025-03-06 16:30:00,2025-03-06T16:30:00,2025-03-06T16:30:00,"{'bid': 578.41, 'ask': 578.56}","{'bid': 576.74, 'ask': 576.86}","{'bid': 579.98, 'ask': 580.12}","{'bid': 576.31, 'ask': 576.43}",6906,578.41,579.98,576.31,576.74
2025-03-06 16:45:00,2025-03-06T16:45:00,2025-03-06T16:45:00,"{'bid': 576.75, 'ask': 576.88}","{'bid': 574.45, 'ask': 574.58}","{'bid': 577.08, 'ask': 577.21}","{'bid': 574.36, 'ask': 574.48}",5435,576.75,577.08,574.36,574.45
2025-03-06 17:00:00,2025-03-06T17:00:00,2025-03-06T17:00:00,"{'bid': 574.44, 'ask': 574.57}","{'bid': 572.87, 'ask': 572.99}","{'bid': 574.93, 'ask': 575.05}","{'bid': 572.47, 'ask': 572.59}",5914,574.44,574.93,572.47,572.87
2025-03-06 17:15:00,2025-03-06T17:15:00,2025-03-06T17:15:00,"{'bid': 572.88, 'ask': 573.01}","{'bid': 572.48, 'ask': 572.63}","{'bid': 574.43, 'ask': 574.56}","{'bid': 571.94, 'ask': 572.06}",5514,572.88,574.43,571.94,572.48
2025-03-06 17:30:00,2025-03-06T17:30:00,2025-03-06T17:30:00,"{'bid': 572.51, 'ask': 572.64}","{'bid': 572.53, 'ask': 572.67}","{'bid': 573.67, 'ask': 573.79}","{'bid': 572.04, 'ask': 572.16}",4659,572.51,573.67,572.04,572.53
2025-03-06 17:45:00,2025-03-06T17:45:00,2025-03-06T17:45:00,"{'bid': 572.52, 'ask': 572.67}","{'bid': 572.99, 'ask': 573.13}","{'bid': 573.5, 'ask': 573.63}","{'bid': 570.97, 'ask': 571.11}",5144,572.52,573.5,570.97,572.99
2025-03-06 18:00:00,2025-03-06T18:00:00,2025-03-06T18:00:00,"{'bid': 572.99, 'ask': 573.12}","{'bid': 572.85, 'ask': 573.0}","{'bid': 573.18, 'ask': 573.31}","{'bid': 571.9, 'ask': 572.03}",4794,572.99,573.18,571.9,572.85
2025-03-06 18:15:00,2025-03-06T18:15:00,2025-03-06T18:15:00,"{'bid': 572.88, 'ask': 573.03}","{'bid': 572.47, 'ask': 572.6}","{'bid': 574.09, 'ask': 574.21}","{'bid': 572.26, 'ask': 572.38}",4736,572.88,574.09,572.26,572.47
2025-03-06 18:30:00,2025-03-06T18:30:00,2025-03-06T18:30:00,"{'bid': 572.49, 'ask': 572.61}","{'bid': 571.1, 'ask': 571.22}","{'bid': 573.07, 'ask': 573.2}","{'bid': 570.36, 'ask': 570.49}",4910,572.49,573.07,570.36,571.1
2025-03-06 18:45:00,2025-03-06T18:45:00,2025-03-06T18:45:00,"{'bid': 571.11, 'ask': 571.23}","{'bid': 572.07, 'ask': 572.2}","{'bid': 572.72, 'ask': 572.85}","{'bid': 570.87, 'ask': 571.01}",4619,571.11,572.72,570.87,572.07
2025-03-06 19:00:00,2025-03-06T19:00:00,2025-03-06T19:00:00,"{'bid': 572.07, 'ask': 572.21}","{'bid': 571.49, 'ask': 571.63}","{'bid': 572.29, 'ask': 572.41}","{'bid': 570.78, 'ask': 570.92}",4508,572.07,572.29,570.78,571.49
2025-03-06 19:15:00,2025-03-06T19:15:00,2025-03-06T19:15:00,"{'bid': 571.51, 'ask': 571.63}","{'bid': 570.57, 'ask': 570.69}","{'bid': 571.93, 'ask': 572.06}","{'bid': 570.06, 'ask': 570.19}",4724,571.51,571.93,570.06,570.57
2025-03-06 19:30:00,2025-03-06T19:30:00,2025-03-06T19:30:00,"{'bid': 570.55, 'ask': 570.7}","{'bid': 571.69, 'ask': 571.83}","{'bid': 572.18, 'ask': 572.3}","{'bid': 570.06, 'ask': 570.18}",4856,570.55,572.18,570.06,571.69
2025-03-06 19:45:00,2025-03-06T19:45:00,2025-03-06T19:45:00,"{'bid': 571.69, 'ask': 571.82}","{'bid': 570.94, 'ask': 571.08}","{'bid': 574.86, 'ask': 575.0}","{'bid': 570.79, 'ask': 570.92}",6936,571.69,574.86,570.79,570.94
2025-03-06 20:00:00,2025-03-06T20:00:00,2025-03-06T20:00:00,"{'bid': 570.93, 'ask': 571.08}","{'bid': 573.14, 'ask': 573.26}","{'bid': 573.19, 'ask': 573.32}","{'bid': 570.4, 'ask': 570.52}",6413,570.93,573.19,570.4,573.14
2025-03-06 20:15:00,2025-03-06T20:15:00,2025-03-06T20:15:00,"{'bid': 573.12, 'ask': 573.26}","{'bid': 572.94, 'ask': 573.08}","{'bid': 573.52, 'ask': 573.66}","{'bid': 571.19, 'ask': 571.31}",6003,573.12,573.52,571.19,572.94
2025-03-06 20:30:00,2025-03-06T20:30:00,2025-03-06T20:30:00,"{'bid': 572.91, 'ask': 573.04}","{'bid': 571.72, 'ask': 571.86}","{'bid': 574.19, 'ask': 574.32}","{'bid': 571.55, 'ask': 571.68}",6601,572.91,574.19,571.55,571.72
2025-03-06 20:45:00,2025-03-06T20:45:00,2025-03-06T20:45:00,"{'bid': 571.7, 'ask': 571.83}","{'bid': 572.7, 'ask': 572.83}","{'bid': 573.5, 'ask': 573.63}","{'bid': 571.5, 'ask': 571.63}",7376,571.7,573.5,571.5,572.7
2025-03-06 21:00:00,2025-03-06T21:00:00,2025-03-06T21:00:00,"{'bid': 572.75, 'ask': 572.88}","{'bid': 573.8, 'ask': 574.14}","{'bid': 574.08, 'ask': 574.52}","{'bid': 572.11, 'ask': 572.54}",2276,572.75,574.08,572.11,573.8
2025-03-06 21:15:00,2025-03-06T21:15:00,2025-03-06T21:15:00,"{'bid': 573.71, 'ask': 574.14}","{'bid': 574.45, 'ask': 574.62}","{'bid': 575.13, 'ask': 575.27}","{'bid': 572.91, 'ask': 573.93}",2529,573.71,575.13,572.91,574.45
2025-03-06 21:30:00,2025-03-06T21:30:00,2025-03-06T21:30:00,"{'bid': 574.46, 'ask': 574.62}","{'bid': 574.09, 'ask': 574.26}","{'bid': 574.53, 'ask': 574.67}","{'bid': 573.25, 'ask': 573.95}",1306,574.46,574.53,573.25,574.09
2025-03-06 21:45:00,2025-03-06T21:45:00,2025-03-06T21:45:00,"{'bid': 574.09, 'ask': 574.24}","{'bid': 573.56, 'ask': 574.36}","{'bid': 574.55, 'ask': 575.14}","{'bid': 573.55, 'ask': 574.24}",801,574.09,574.55,573.55,573.56
2025-03-06 22:00:00,2025-03-06T22:00:00,2025-03-06T22:00:00,"{'bid': 573.56, 'ask': 574.39}","{'bid': 574.33, 'ask': 574.7}","{'bid': 574.55, 'ask': 575.06}","{'bid': 573.56, 'ask': 574.1}",70,573.56,574.55,573.56,574.33
2025-03-06 22:15:00,2025-03-06T22:15:00,2025-03-06T22:15:00,"{'bid': 574.49, 'ask': 574.7}","{'bid': 573.95, 'ask': 574.75}","{'bid': 574.71, 'ask': 575.02}","{'bid': 573.95, 'ask': 574.64}",54,574.49,574.71,573.95,573.95
2025-03-06 22:30:00,2025-03-06T22:30:00,2025-03-06T22:30:00,"{'bid': 573.95, 'ask': 574.95}","{'bid': 574.55, 'ask': 574.73}","{'bid': 574.8, 'ask': 574.95}","{'bid': 573.95, 'ask': 574.62}",66,573.95,574.8,573.95,574.55
2025-03-06 22:45:00,2025-03-06T22:45:00,2025-03-06T22:45:00,"{'bid': 574.54, 'ask': 574.73}","{'bid': 574.36, 'ask': 574.87}","{'bid': 574.68, 'ask': 575.06}","{'bid': 574.36, 'ask': 574.69}",64,574.54,574.68,574.36,574.36
2025-03-06 23:00:00,2025-03-06T23:00:00,2025-03-06T23:00:00,"{'bid': 574.53, 'ask': 574.87}","{'bid': 574.76, 'ask': 575.0}","{'bid': 574.93, 'ask': 575.06}","{'bid': 574.05, 'ask': 574.58}",657,574.53,574.93,574.05,574.76
2025-03-06 23:15:00,2025-03-06T23:15:00,2025-03-06T23:15:00,"{'bid': 574.76, 'ask': 575.06}","{'bid': 574.13, 'ask': 574.36}","{'bid': 574.79, 'ask': 575.06}","{'bid': 573.55, 'ask': 574.33}",552,574.76,574.79,573.55,574.13
2025-03-06 23:30:00,2025-03-06T23:30:00,2025-03-06T23:30:00,"{'bid': 574.15, 'ask': 574.36}","{'bid': 574.45, 'ask': 574.65}","{'bid': 574.5, 'ask': 575.05}","{'bid': 573.55, 'ask': 574.36}",295,574.15,574.5,573.55,574.45
2025-03-06 23:45:00,2025-03-06T23:45:00,2025-03-06T23:45:00,"{'bid': 574.26, 'ask': 574.65}","{'bid': 574.39, 'ask': 574.69}","{'bid': 574.43, 'ask': 574.69}","{'bid': 573.55, 'ask': 574.28}",617,574.26,574.43,573.55,574.39
2025-03-07 00:00:00,2025-03-07T00:00:00,2025-03-07T00:00:00,"{'bid': 573.95, 'ask': 574.58}","{'bid': 574.49, 'ask': 574.69}","{'bid': 574.51, 'ask': 574.69}","{'bid': 573.95, 'ask': 574.15}",884,573.95,574.51,573.95,574.49
2025-03-07 00:15:00,2025-03-07T00:15:00,2025-03-07T00:15:00,"{'bid': 574.47, 'ask': 574.69}","{'bid': 573.98, 'ask': 574.17}","{'bid': 574.71, 'ask': 574.88}","{'bid': 572.95, 'ask': 573.76}",1047,574.47,574.71,572.95,573.98
2025-03-07 00:30:00,2025-03-07T00:30:00,2025-03-07T00:30:00,"{'bid': 573.99, 'ask': 574.17}","{'bid': 574.67, 'ask': 574.87}","{'bid': 574.87, 'ask': 575.05}","{'bid': 573.55, 'ask': 574.07}",1264,573.99,574.87,573.55,574.67
2025-03-07 00:45:00,2025-03-07T00:45:00,2025-03-07T00:45:00,"{'bid': 574.69, 'ask': 574.86}","{'bid': 574.31, 'ask': 574.43}","{'bid': 574.8, 'ask': 575.05}","{'bid': 573.85, 'ask': 574.43}",973,574.69,574.8,573.85,574.31
2025-03-07 09:00:00,2025-03-07T09:00:00,2025-03-07T09:00:00,"{'bid': 574.14, 'ask': 574.4}","{'bid': 575.46, 'ask': 575.62}","{'bid': 575.49, 'ask': 575.91}","{'bid': 573.55, 'ask': 574.19}",1389,574.14,575.49,573.55,575.46
2025-03-07 09:15:00,2025-03-07T09:15:00,2025-03-07T09:15:00,"{'bid': 575.46, 'ask': 575.63}","{'bid': 575.03, 'ask': 575.22}","{'bid': 575.46, 'ask': 576.05}","{'bid': 574.15, 'ask': 574.91}",1152,575.46,575.46,574.15,575.03
2025-03-07 09:30:00,2025-03-07T09:30:00,2025-03-07T09:30:00,"{'bid': 575.04, 'ask': 575.23}","{'bid': 574.91, 'ask': 575.09}","{'bid': 575.28, 'ask': 576.05}","{'bid': 574.23, 'ask': 574.91}",955,575.04,575.28,574.23,574.91
2025-03-07 09:45:00,2025-03-07T09:45:00,2025-03-07T09:45:00,"{'bid': 574.91, 'ask': 575.11}","{'bid': 574.96, 'ask': 575.15}","{'bid': 575.39, 'ask': 576.05}","{'bid': 574.45, 'ask': 575.06}",654,574.91,575.39,574.45,574.96
2025-03-07 10:00:00,2025-03-07T10:00:00,2025-03-07T10:00:00,"{'bid': 574.95, 'ask': 575.16}","{'bid': 574.56, 'ask': 574.74}","{'bid': 575.01, 'ask': 575.24}","{'bid': 573.25, 'ask': 574.03}",930,574.95,575.01,573.25,574.56
2025-03-07 10:15:00,2025-03-07T10:15:00,2025-03-07T10:15:00,"{'bid': 574.55, 'ask': 574.74}","{'bid': 574.52, 'ask': 574.72}","{'bid': 574.72, 'ask': 575.05}","{'bid': 573.85, 'ask': 574.52}",702,574.55,574.72,573.85,574.52
2025-03-07 10:30:00,2025-03-07T10:30:00,2025-03-07T10:30:00,"{'bid': 574.54, 'ask': 574.75}","{'bid': 574.55, 'ask': 574.73}","{'bid': 574.91, 'ask': 575.68}","{'bid': 573.85, 'ask': 574.49}",753,574.54,574.91,573.85,574.55
2025-03-07 10:45:00,2025-03-07T10:45:00,2025-03-07T10:45:00,"{'bid': 574.55, 'ask': 574.74}","{'bid': 574.5, 'ask': 574.71}","{'bid': 574.66, 'ask': 575.15}","{'bid': 573.95, 'ask': 574.47}",556,574.55,574.66,573.95,574.5
2025-03-07 11:00:00,2025-03-07T11:00:00,2025-03-07T11:00:00,"{'bid': 574.52, 'ask': 574.72}","{'bid': 574.41, 'ask': 574.6}","{'bid': 574.81, 'ask': 575.45}","{'bid': 573.95, 'ask': 574.19}",849,574.52,574.81,573.95,574.41
2025-03-07 11:15:00,2025-03-07T11:15:00,2025-03-07T11:15:00,"{'bid': 574.41, 'ask': 574.61}","{'bid': 574.6, 'ask': 574.82}","{'bid': 574.78, 'ask': 575.45}","{'bid': 573.95, 'ask': 574.53}",507,574.41,574.78,573.95,574.6
2025-03-07 11:30:00,2025-03-07T11:30:00,2025-03-07T11:30:00,"{'bid': 574.61, 'ask': 574.82}","{'bid': 574.66, 'ask': 574.83}","{'bid': 575.07, 'ask': 575.73}","{'bid': 573.96, 'ask': 574.69}",574,574.61,575.07,573.96,574.66
2025-03-07 11:45:00,2025-03-07T11:45:00,2025-03-07T11:45:00,"{'bid': 574.65, 'ask': 574.83}","{'bid': 574.69, 'ask': 574.89}","{'bid': 574.76, 'ask': 575.45}","{'bid': 573.95, 'ask': 574.56}",538,574.65,574.76,573.95,574.69
2025-03-07 12:00:00,2025-03-07T12:00:00,2025-03-07T12:00:00,"{'bid': 574.69, 'ask': 574.88}","{'bid': 574.48, 'ask': 574.65}","{'bid': 574.72, 'ask': 575.45}","{'bid': 573.95, 'ask': 574.3}",1149,574.69,574.72,573.95,574.48
2025-03-07 12:15:00,2025-03-07T12:15:00,2025-03-07T12:15:00,"{'bid': 574.49, 'ask': 574.65}","{'bid': 573.48, 'ask': 573.67}","{'bid': 574.56, 'ask': 575.29}","{'bid': 572.95, 'ask': 573.64}",1037,574.49,574.56,572.95,573.48
2025-03-07 12:30:00,2025-03-07T12:30:00,2025-03-07T12:30:00,"{'bid': 573.49, 'ask': 573.68}","{'bid': 572.74, 'ask': 572.98}","{'bid': 573.81, 'ask': 574.27}","{'bid': 572.05, 'ask': 572.94}",1213,573.49,573.81,572.05,572.74
2025-03-07 12:45:00,2025-03-07T12:45:00,2025-03-07T12:45:00,"{'bid': 572.76, 'ask': 572.98}","{'bid': 573.33, 'ask': 573.47}","{'bid': 573.48, 'ask': 574.05}","{'bid': 572.35, 'ask': 572.94}",1983,572.76,573.48,572.35,573.33
2025-03-07 13:00:00,2025-03-07T13:00:00,2025-03-07T13:00:00,"{'bid': 573.32, 'ask': 573.47}","{'bid': 572.8, 'ask': 572.95}","{'bid': 573.45, 'ask': 574.05}","{'bid': 572.2, 'ask': 572.87}",2022,573.32,573.45,572.2,572.8
2025-03-07 13:15:00,2025-03-07T13:15:00,2025-03-07T13:15:00,"{'bid': 572.79, 'ask': 572.94}","{'bid': 572.55, 'ask': 573.42}","{'bid': 573.21, 'ask': 573.95}","{'bid': 572.45, 'ask': 572.57}",2677,572.79,573.21,572.45,572.55
2025-03-07 13:30:00,2025-03-07T13:30:00,2025-03-07T13:30:00,"{'bid': 572.54, 'ask': 573.42}","{'bid': 574.14, 'ask': 574.32}","{'bid': 577.79, 'ask': 579.05}","{'bid': 569.96, 'ask': 571.87}",5644,572.54,577.79,569.96,574.14
2025-03-07 13:45:00,2025-03-07T13:45:00,2025-03-07T13:45:00,"{'bid': 574.15, 'ask': 574.32}","{'bid': 571.64, 'ask': 571.82}","{'bid': 574.31, 'ask': 574.62}","{'bid': 571.17, 'ask': 571.3}",3679,574.15,574.31,571.17,571.64
2025-03-07 14:00:00,2025-03-07T14:00:00,2025-03-07T14:00:00,"{'bid': 571.66, 'ask': 571.83}","{'bid': 571.15, 'ask': 571.32}","{'bid': 572.61, 'ask': 572.83}","{'bid': 570.31, 'ask': 570.5}",3991,571.66,572.61,570.31,571.15
2025-03-07 14:15:00,2025-03-07T14:15:00,2025-03-07T14:15:00,"{'bid': 571.14, 'ask': 571.31}","{'bid': 570.82, 'ask': 571.0}","{'bid': 571.95, 'ask': 572.13}","{'bid': 570.71, 'ask': 570.85}",3291,571.14,571.95,570.71,570.82
2025-03-07 14:30:00,2025-03-07T14:30:00,2025-03-07T14:30:00,"{'bid': 570.79, 'ask': 570.98}","{'bid': 573.76, 'ask': 573.9}","{'bid': 574.72, 'ask': 574.84}","{'bid': 570.71, 'ask': 570.85}",8508,570.79,574.72,570.71,573.76
2025-03-07 14:45:00,2025-03-07T14:45:00,2025-03-07T14:45:00,"{'bid': 573.72, 'ask': 573.87}","{'bid': 573.88, 'ask': 574.03}","{'bid': 575.99, 'ask': 576.11}","{'bid': 573.66, 'ask': 573.81}",6427,573.72,575.99,573.66,573.88
2025-03-07 15:00:00,2025-03-07T15:00:00,2025-03-07T15:00:00,"{'bid': 573.86, 'ask': 574.0}","{'bid': 573.13, 'ask': 573.28}","{'bid': 574.98, 'ask': 575.13}","{'bid': 572.66, 'ask': 572.79}",6935,573.86,574.98,572.66,573.13
2025-03-07 15:15:00,2025-03-07T15:15:00,2025-03-07T15:15:00,"{'bid': 573.11, 'ask': 573.26}","{'bid': 572.31, 'ask': 572.44}","{'bid': 573.55, 'ask': 573.68}","{'bid': 571.7, 'ask': 571.85}",6679,573.11,573.55,571.7,572.31
2025-03-07 15:30:00,2025-03-07T15:30:00,2025-03-07T15:30:00,"{'bid': 572.28, 'ask': 572.43}","{'bid': 569.56, 'ask': 569.7}","{'bid': 572.29, 'ask': 572.43}","{'bid': 568.36, 'ask': 568.5}",6900,572.28,572.29,568.36,569.56
2025-03-07 15:45:00,2025-03-07T15:45:00,2025-03-07T15:45:00,"{'bid': 569.58, 'ask': 569.7}","{'bid': 570.84, 'ask': 570.99}","{'bid': 572.91, 'ask': 573.05}","{'bid': 569.25, 'ask': 569.4}",7095,569.58,572.91,569.25,570.84
2025-03-07 16:00:00,2025-03-07T16:00:00,2025-03-07T16:00:00,"{'bid': 570.84, 'ask': 570.96}","{'bid': 570.27, 'ask': 570.39}","{'bid': 571.17, 'ask': 571.31}","{'bid': 569.8, 'ask': 569.94}",5864,570.84,571.17,569.8,570.27
2025-03-07 16:15:00,2025-03-07T16:15:00,2025-03-07T16:15:00,"{'bid': 570.26, 'ask': 570.4}","{'bid': 567.58, 'ask': 567.7}","{'bid': 570.41, 'ask': 570.54}","{'bid': 567.33, 'ask': 567.47}",5251,570.26,570.41,567.33,567.58
2025-03-07 16:30:00,2025-03-07T16:30:00,2025-03-07T16:30:00,"{'bid': 567.6, 'ask': 567.72}","{'bid': 567.0, 'ask': 567.14}","{'bid': 567.97, 'ask': 568.11}","{'bid': 566.27, 'ask': 566.39}",5760,567.6,567.97,566.27,567.0
2025-03-07 16:45:00,2025-03-07T16:45:00,2025-03-07T16:45:00,"{'bid': 566.99, 'ask': 567.14}","{'bid': 567.04, 'ask': 567.16}","{'bid': 567.29, 'ask': 567.41}","{'bid': 565.58, 'ask': 565.71}",5732,566.99,567.29,565.58,567.04
2025-03-07 17:00:00,2025-03-07T17:00:00,2025-03-07T17:00:00,"{'bid': 567.06, 'ask': 567.18}","{'bid': 566.91, 'ask': 567.06}","{'bid': 568.59, 'ask': 568.72}","{'bid': 565.8, 'ask': 565.94}",5810,567.06,568.59,565.8,566.91
2025-03-07 17:15:00,2025-03-07T17:15:00,2025-03-07T17:15:00,"{'bid': 566.92, 'ask': 567.06}","{'bid': 567.99, 'ask': 568.13}","{'bid': 568.04, 'ask': 568.16}","{'bid': 565.75, 'ask': 565.88}",4964,566.92,568.04,565.75,567.99
2025-03-07 17:30:00,2025-03-07T17:30:00,2025-03-07T17:30:00,"{'bid': 568.01, 'ask': 568.14}","{'bid': 571.16, 'ask': 571.3}","{'bid': 571.24, 'ask': 571.37}","{'bid': 567.39, 'ask': 567.53}",5601,568.01,571.24,567.39,571.16
2025-03-07 17:45:00,2025-03-07T17:45:00,2025-03-07T17:45:00,"{'bid': 571.15, 'ask': 571.28}","{'bid': 570.1, 'ask': 570.26}","{'bid': 573.01, 'ask': 573.13}","{'bid': 569.59, 'ask': 569.73}",5863,571.15,573.01,569.59,570.1
2025-03-07 18:00:00,2025-03-07T18:00:00,2025-03-07T18:00:00,"{'bid': 570.1, 'ask': 570.24}","{'bid': 573.34, 'ask': 573.5}","{'bid': 574.04, 'ask': 574.16}","{'bid': 570.06, 'ask': 570.2}",6433,570.1,574.04,570.06,573.34
2025-03-07 18:15:00,2025-03-07T18:15:00,2025-03-07T18:15:00,"{'bid': 573.38, 'ask': 573.53}","{'bid': 572.53, 'ask': 572.68}","{'bid': 574.22, 'ask': 574.34}","{'bid': 572.05, 'ask': 572.18}",5574,573.38,574.22,572.05,572.53
2025-03-07 18:30:00,2025-03-07T18:30:00,2025-03-07T18:30:00,"{'bid': 572.55, 'ask': 572.68}","{'bid': 574.07, 'ask': 574.21}","{'bid': 574.87, 'ask': 574.99}","{'bid': 572.22, 'ask': 572.35}",5160,572.55,574.87,572.22,574.07
2025-03-07 18:45:00,2025-03-07T18:45:00,2025-03-07T18:45:00,"{'bid': 574.07, 'ask': 574.22}","{'bid': 575.19, 'ask': 575.32}","{'bid': 575.22, 'ask': 575.35}","{'bid': 573.98, 'ask': 574.11}",4605,574.07,575.22,573.98,575.19
2025-03-07 19:00:00,2025-03-07T19:00:00,2025-03-07T19:00:00,"{'bid': 575.19, 'ask': 575.31}","{'bid': 575.03, 'ask': 575.15}","{'bid': 576.12, 'ask': 576.24}","{'bid': 574.07, 'ask': 574.2}",4693,575.19,576.12,574.07,575.03
2025-03-07 19:15:00,2025-03-07T19:15:00,2025-03-07T19:15:00,"{'bid': 575.01, 'ask': 575.15}","{'bid': 576.51, 'ask': 576.64}","{'bid': 577.25, 'ask': 577.38}","{'bid': 574.87, 'ask': 575.0}",4639,575.01,577.25,574.87,576.51
2025-03-07 19:30:00,2025-03-07T19:30:00,2025-03-07T19:30:00,"{'bid': 576.53, 'ask': 576.66}","{'bid': 575.69, 'ask': 575.81}","{'bid': 577.09, 'ask': 577.21}","{'bid': 575.4, 'ask': 575.52}",4643,576.53,577.09,575.4,575.69
2025-03-07 19:45:00,2025-03-07T19:45:00,2025-03-07T19:45:00,"{'bid': 575.7, 'ask': 575.82}","{'bid': 575.12, 'ask': 575.24}","{'bid': 575.74, 'ask': 575.87}","{'bid': 574.6, 'ask': 574.73}",4825,575.7,575.74,574.6,575.12
2025-03-07 20:00:00,2025-03-07T20:00:00,2025-03-07T20:00:00,"{'bid': 575.1, 'ask': 575.22}","{'bid': 575.79, 'ask': 575.93}","{'bid': 576.66, 'ask': 576.78}","{'bid': 574.57, 'ask': 574.7}",4567,575.1,576.66,574.57,575.79
2025-03-07 20:15:00,2025-03-07T20:15:00,2025-03-07T20:15:00,"{'bid': 575.78, 'ask': 575.92}","{'bid': 575.9, 'ask': 576.04}","{'bid': 576.59, 'ask': 576.71}","{'bid': 574.61, 'ask': 574.74}",4533,575.78,576.59,574.61,575.9
2025-03-07 20:30:00,2025-03-07T20:30:00,2025-03-07T20:30:00,"{'bid': 575.9, 'ask': 576.02}","{'bid': 574.5, 'ask': 574.63}","{'bid': 576.28, 'ask': 576.43}","{'bid': 572.75, 'ask': 572.9}",5756,575.9,576.28,572.75,574.5
2025-03-07 20:45:00,2025-03-07T20:45:00,2025-03-07T20:45:00,"{'bid': 574.49, 'ask': 574.61}","{'bid': 575.85, 'ask': 575.98}","{'bid': 577.32, 'ask': 577.44}","{'bid': 574.35, 'ask': 574.48}",6349,574.49,577.32,574.35,575.85
2025-03-07 21:00:00,2025-03-07T21:00:00,2025-03-07T21:00:00,"{'bid': 575.83, 'ask': 575.96}","{'bid': 575.62, 'ask': 575.76}","{'bid': 575.83, 'ask': 575.96}","{'bid': 574.29, 'ask': 574.42}",2932,575.83,575.83,574.29,575.62
2025-03-07 21:15:00,2025-03-07T21:15:00,2025-03-07T21:15:00,"{'bid': 575.59, 'ask': 575.74}","{'bid': 575.54, 'ask': 575.67}","{'bid': 575.92, 'ask': 576.07}","{'bid': 574.94, 'ask': 575.37}",1087,575.59,575.92,574.94,575.54
2025-03-07 21:30:00,2025-03-07T21:30:00,2025-03-07T21:30:00,"{'bid': 575.51, 'ask': 575.67}","{'bid': 575.42, 'ask': 575.56}","{'bid': 575.74, 'ask': 575.95}","{'bid': 574.94, 'ask': 575.52}",575,575.51,575.74,574.94,575.42
2025-03-07 21:45:00,2025-03-07T21:45:00,2025-03-07T21:45:00,"{'bid': 575.43, 'ask': 575.59}","{'bid': 575.3, 'ask': 575.62}","{'bid': 575.76, 'ask': 575.92}","{'bid': 575.05, 'ask': 575.45}",444,575.43,575.76,575.05,575.3
2025-03-10 08:00:00,2025-03-10T08:00:00,2025-03-10T08:00:00,"{'bid': 572.67, 'ask': 572.91}","{'bid': 571.31, 'ask': 571.52}","{'bid': 573.18, 'ask': 573.65}","{'bid': 571.0, 'ask': 571.47}",1999,572.67,573.18,571.0,571.31
2025-03-10 08:15:00,2025-03-10T08:15:00,2025-03-10T08:15:00,"{'bid': 571.32, 'ask': 571.53}","{'bid': 571.57, 'ask': 571.77}","{'bid': 571.7, 'ask': 572.14}","{'bid': 570.55, 'ask': 571.0}",2000,571.32,571.7,570.55,571.57
2025-03-10 08:30:00,2025-03-10T08:30:00,2025-03-10T08:30:00,"{'bid': 571.56, 'ask': 571.76}","{'bid': 569.86, 'ask': 570.05}","{'bid': 571.61, 'ask': 571.83}","{'bid': 569.5, 'ask': 569.93}",1985,571.56,571.61,569.5,569.86
2025-03-10 08:45:00,2025-03-10T08:45:00,2025-03-10T08:45:00,"{'bid': 569.86, 'ask': 570.07}","{'bid': 568.9, 'ask': 569.12}","{'bid': 570.25, 'ask': 570.5}","{'bid': 568.45, 'ask': 568.85}",2327,569.86,570.25,568.45,568.9
2025-03-10 09:00:00,2025-03-10T09:00:00,2025-03-10T09:00:00,"{'bid': 568.85, 'ask': 569.08}","{'bid': 568.99, 'ask': 569.19}","{'bid': 569.9, 'ask': 570.25}","{'bid': 568.45, 'ask': 568.84}",1694,568.85,569.9,568.45,568.99
2025-03-10 09:15:00,2025-03-10T09:15:00,2025-03-10T09:15:00,"{'bid': 568.96, 'ask': 569.18}","{'bid': 570.4, 'ask': 570.6}","{'bid': 570.77, 'ask': 571.05}","{'bid': 568.93, 'ask': 569.15}",1775,568.96,570.77,568.93,570.4
2025-03-10 09:30:00,2025-03-10T09:30:00,2025-03-10T09:30:00,"{'bid': 570.41, 'ask': 570.61}","{'bid': 571.2, 'ask': 571.39}","{'bid': 571.41, 'ask': 571.85}","{'bid': 569.95, 'ask': 570.57}",1167,570.41,571.41,569.95,571.2
2025-03-10 09:45:00,2025-03-10T09:45:00,2025-03-10T09:45:00,"{'bid': 571.18, 'ask': 571.38}","{'bid': 570.2, 'ask': 570.38}","{'bid': 571.47, 'ask': 571.85}","{'bid': 569.65, 'ask': 569.94}",1647,571.18,571.47,569.65,570.2
2025-03-10 10:00:00,2025-03-10T10:00:00,2025-03-10T10:00:00,"{'bid': 570.22, 'ask': 570.43}","{'bid': 570.04, 'ask': 570.26}","{'bid': 570.8, 'ask': 571.05}","{'bid': 569.65, 'ask': 570.02}",1575,570.22,570.8,569.65,570.04
2025-03-10 10:15:00,2025-03-10T10:15:00,2025-03-10T10:15:00,"{'bid': 570.05, 'ask': 570.27}","{'bid': 569.68, 'ask': 569.88}","{'bid': 570.16, 'ask': 570.65}","{'bid': 569.25, 'ask': 569.73}",1508,570.05,570.16,569.25,569.68
2025-03-10 10:30:00,2025-03-10T10:30:00,2025-03-10T10:30:00,"{'bid': 569.67, 'ask': 569.91}","{'bid': 569.27, 'ask': 569.46}","{'bid': 570.2, 'ask': 570.65}","{'bid': 568.95, 'ask': 569.31}",1070,569.67,570.2,568.95,569.27
2025-03-10 10:45:00,2025-03-10T10:45:00,2025-03-10T10:45:00,"{'bid': 569.25, 'ask': 569.46}","{'bid': 569.23, 'ask': 569.47}","{'bid': 569.76, 'ask': 570.35}","{'bid': 568.95, 'ask': 569.16}",1056,569.25,569.76,568.95,569.23
2025-03-10 11:00:00,2025-03-10T11:00:00,2025-03-10T11:00:00,"{'bid': 569.24, 'ask': 569.46}","{'bid': 569.89, 'ask': 570.07}","{'bid': 570.01, 'ask': 570.35}","{'bid': 568.45, 'ask': 568.88}",2369,569.24,570.01,568.45,569.89
2025-03-10 11:15:00,2025-03-10T11:15:00,2025-03-10T11:15:00,"{'bid': 569.85, 'ask': 570.04}","{'bid': 570.36, 'ask': 570.55}","{'bid': 570.68, 'ask': 571.24}","{'bid': 569.05, 'ask': 569.64}",1500,569.85,570.68,569.05,570.36
2025-03-10 11:30:00,2025-03-10T11:30:00,2025-03-10T11:30:00,"{'bid': 570.38, 'ask': 570.58}","{'bid': 569.39, 'ask': 569.58}","{'bid': 570.49, 'ask': 570.95}","{'bid': 569.17, 'ask': 569.38}",1435,570.38,570.49,569.17,569.39
2025-03-10 11:45:00,2025-03-10T11:45:00,2025-03-10T11:45:00,"{'bid': 569.41, 'ask': 569.61}","{'bid': 568.98, 'ask': 569.15}","{'bid': 569.8, 'ask': 570.35}","{'bid': 568.15, 'ask': 568.69}",1889,569.41,569.8,568.15,568.98
2025-03-10 12:00:00,2025-03-10T12:00:00,2025-03-10T12:00:00,"{'bid': 569.0, 'ask': 569.18}","{'bid': 568.06, 'ask': 568.21}","{'bid': 569.07, 'ask': 569.45}","{'bid': 567.25, 'ask': 567.66}",2434,569.0,569.07,567.25,568.06
2025-03-10 12:15:00,2025-03-10T12:15:00,2025-03-10T12:15:00,"{'bid': 568.04, 'ask': 568.2}","{'bid': 567.74, 'ask': 567.9}","{'bid': 568.7, 'ask': 569.1}","{'bid': 567.56, 'ask': 567.86}",2245,568.04,568.7,567.56,567.74
2025-03-10 12:30:00,2025-03-10T12:30:00,2025-03-10T12:30:00,"{'bid': 567.75, 'ask': 567.9}","{'bid': 567.98, 'ask': 568.13}","{'bid': 568.08, 'ask': 568.62}","{'bid': 566.95, 'ask': 567.28}",2170,567.75,568.08,566.95,567.98
2025-03-10 12:45:00,2025-03-10T12:45:00,2025-03-10T12:45:00,"{'bid': 567.98, 'ask': 568.14}","{'bid': 568.46, 'ask': 568.61}","{'bid': 568.57, 'ask': 568.85}","{'bid': 567.71, 'ask': 567.87}",1810,567.98,568.57,567.71,568.46
2025-03-10 13:00:00,2025-03-10T13:00:00,2025-03-10T13:00:00,"{'bid': 568.49, 'ask': 568.63}","{'bid': 568.32, 'ask': 568.48}","{'bid': 568.97, 'ask': 569.35}","{'bid': 567.52, 'ask': 567.68}",2834,568.49,568.97,567.52,568.32
2025-03-10 13:15:00,2025-03-10T13:15:00,2025-03-10T13:15:00,"{'bid': 568.33, 'ask': 568.48}","{'bid': 567.51, 'ask': 567.66}","{'bid': 568.48, 'ask': 568.63}","{'bid': 567.27, 'ask': 567.56}",2338,568.33,568.48,567.27,567.51
2025-03-10 13:30:00,2025-03-10T13:30:00,2025-03-10T13:30:00,"{'bid': 567.5, 'ask': 567.64}","{'bid': 569.1, 'ask': 569.24}","{'bid': 569.48, 'ask': 569.6}","{'bid': 566.29, 'ask': 566.41}",8896,567.5,569.48,566.29,569.1
2025-03-10 13:45:00,2025-03-10T13:45:00,2025-03-10T13:45:00,"{'bid': 569.09, 'ask': 569.24}","{'bid': 567.26, 'ask': 567.4}","{'bid': 569.4, 'ask': 569.52}","{'bid': 566.6, 'ask': 566.74}",8062,569.09,569.4,566.6,567.26
2025-03-10 14:00:00,2025-03-10T14:00:00,2025-03-10T14:00:00,"{'bid': 567.27, 'ask': 567.41}","{'bid': 566.3, 'ask': 566.43}","{'bid': 567.3, 'ask': 567.44}","{'bid': 565.46, 'ask': 565.58}",7536,567.27,567.3,565.46,566.3
2025-03-10 14:15:00,2025-03-10T14:15:00,2025-03-10T14:15:00,"{'bid': 566.3, 'ask': 566.42}","{'bid': 565.45, 'ask': 565.57}","{'bid': 566.93, 'ask': 567.06}","{'bid': 565.12, 'ask': 565.25}",6898,566.3,566.93,565.12,565.45
2025-03-10 14:30:00,2025-03-10T14:30:00,2025-03-10T14:30:00,"{'bid': 565.46, 'ask': 565.59}","{'bid': 564.52, 'ask': 564.64}","{'bid': 565.99, 'ask': 566.12}","{'bid': 564.26, 'ask': 564.39}",6630,565.46,565.99,564.26,564.52
2025-03-10 14:45:00,2025-03-10T14:45:00,2025-03-10T14:45:00,"{'bid': 564.51, 'ask': 564.63}","{'bid': 563.86, 'ask': 563.99}","{'bid': 565.25, 'ask': 565.38}","{'bid': 563.01, 'ask': 563.13}",6447,564.51,565.25,563.01,563.86
2025-03-10 15:00:00,2025-03-10T15:00:00,2025-03-10T15:00:00,"{'bid': 563.86, 'ask': 564.0}","{'bid': 565.14, 'ask': 565.28}","{'bid': 565.34, 'ask': 565.46}","{'bid': 563.86, 'ask': 563.98}",7052,563.86,565.34,563.86,565.14
2025-03-10 15:15:00,2025-03-10T15:15:00,2025-03-10T15:15:00,"{'bid': 565.13, 'ask': 565.26}","{'bid': 565.06, 'ask': 565.19}","{'bid': 565.27, 'ask': 565.4}","{'bid': 563.86, 'ask': 564.0}",6116,565.13,565.27,563.86,565.06
2025-03-10 15:30:00,2025-03-10T15:30:00,2025-03-10T15:30:00,"{'bid': 565.08, 'ask': 565.21}","{'bid': 563.92, 'ask': 564.05}","{'bid': 566.55, 'ask': 566.68}","{'bid': 563.59, 'ask': 563.71}",5868,565.08,566.55,563.59,563.92
2025-03-10 15:45:00,2025-03-10T15:45:00,2025-03-10T15:45:00,"{'bid': 563.94, 'ask': 564.06}","{'bid': 563.76, 'ask': 563.88}","{'bid': 565.18, 'ask': 565.3}","{'bid': 563.58, 'ask': 563.72}",5769,563.94,565.18,563.58,563.76
2025-03-10 16:00:00,2025-03-10T16:00:00,2025-03-10T16:00:00,"{'bid': 563.74, 'ask': 563.86}","{'bid': 564.38, 'ask': 564.52}","{'bid': 564.49, 'ask': 564.61}","{'bid': 563.3, 'ask': 563.43}",5390,563.74,564.49,563.3,564.38
2025-03-10 16:15:00,2025-03-10T16:15:00,2025-03-10T16:15:00,"{'bid': 564.41, 'ask': 564.53}","{'bid': 563.7, 'ask': 563.82}","{'bid': 564.46, 'ask': 564.6}","{'bid': 562.4, 'ask': 562.52}",5261,564.41,564.46,562.4,563.7
2025-03-10 16:30:00,2025-03-10T16:30:00,2025-03-10T16:30:00,"{'bid': 563.67, 'ask': 563.81}","{'bid': 562.92, 'ask': 563.05}","{'bid': 565.03, 'ask': 565.17}","{'bid': 562.64, 'ask': 562.77}",5392,563.67,565.03,562.64,562.92
2025-03-10 16:45:00,2025-03-10T16:45:00,2025-03-10T16:45:00,"{'bid': 562.92, 'ask': 563.04}","{'bid': 562.94, 'ask': 563.07}","{'bid': 563.74, 'ask': 563.86}","{'bid': 562.87, 'ask': 562.99}",5025,562.92,563.74,562.87,562.94
2025-03-10 17:00:00,2025-03-10T17:00:00,2025-03-10T17:00:00,"{'bid': 562.94, 'ask': 563.08}","{'bid': 561.96, 'ask': 562.08}","{'bid': 563.1, 'ask': 563.22}","{'bid': 561.05, 'ask': 561.17}",5444,562.94,563.1,561.05,561.96
2025-03-10 17:15:00,2025-03-10T17:15:00,2025-03-10T17:15:00,"{'bid': 561.95, 'ask': 562.08}","{'bid': 561.8, 'ask': 561.92}","{'bid': 562.96, 'ask': 563.09}","{'bid': 561.61, 'ask': 561.74}",5271,561.95,562.96,561.61,561.8
2025-03-10 17:30:00,2025-03-10T17:30:00,2025-03-10T17:30:00,"{'bid': 561.81, 'ask': 561.94}","{'bid': 560.69, 'ask': 560.82}","{'bid': 561.88, 'ask': 562.02}","{'bid': 560.28, 'ask': 560.41}",5112,561.81,561.88,560.28,560.69
2025-03-10 17:45:00,2025-03-10T17:45:00,2025-03-10T17:45:00,"{'bid': 560.68, 'ask': 560.81}","{'bid': 560.35, 'ask': 560.49}","{'bid': 561.37, 'ask': 561.5}","{'bid': 560.05, 'ask': 560.18}",4989,560.68,561.37,560.05,560.35
2025-03-10 18:00:00,2025-03-10T18:00:00,2025-03-10T18:00:00,"{'bid': 560.35, 'ask': 560.48}","{'bid': 560.3, 'ask': 560.42}","{'bid': 561.44, 'ask': 561.59}","{'bid': 559.37, 'ask': 559.5}",5557,560.35,561.44,559.37,560.3
2025-03-10 18:15:00,2025-03-10T18:15:00,2025-03-10T18:15:00,"{'bid': 560.29, 'ask': 560.44}","{'bid': 559.75, 'ask': 559.88}","{'bid': 560.99, 'ask': 561.12}","{'bid': 559.37, 'ask': 559.5}",5274,560.29,560.99,559.37,559.75
2025-03-10 18:30:00,2025-03-10T18:30:00,2025-03-10T18:30:00,"{'bid': 559.78, 'ask': 559.9}","{'bid': 559.24, 'ask': 559.37}","{'bid': 560.42, 'ask': 560.55}","{'bid': 558.6, 'ask': 558.74}",5035,559.78,560.42,558.6,559.24
2025-03-10 18:45:00,2025-03-10T18:45:00,2025-03-10T18:45:00,"{'bid': 559.23, 'ask': 559.36}","{'bid': 557.22, 'ask': 557.35}","{'bid': 559.47, 'ask': 559.6}","{'bid': 557.01, 'ask': 557.14}",5024,559.23,559.47,557.01,557.22
2025-03-10 19:00:00,2025-03-10T19:00:00,2025-03-10T19:00:00,"{'bid': 557.24, 'ask': 557.37}","{'bid': 557.57, 'ask': 557.69}","{'bid': 557.72, 'ask': 557.84}","{'bid': 555.53, 'ask': 555.66}",6449,557.24,557.72,555.53,557.57
2025-03-10 19:15:00,2025-03-10T19:15:00,2025-03-10T19:15:00,"{'bid': 557.56, 'ask': 557.69}","{'bid': 559.64, 'ask': 559.78}","{'bid': 561.21, 'ask': 561.35}","{'bid': 557.38, 'ask': 557.5}",7164,557.56,561.21,557.38,559.64
2025-03-10 19:30:00,2025-03-10T19:30:00,2025-03-10T19:30:00,"{'bid': 559.61, 'ask': 559.75}","{'bid': 559.08, 'ask': 559.21}","{'bid': 562.4, 'ask': 562.53}","{'bid': 559.02, 'ask': 559.16}",8198,559.61,562.4,559.02,559.08
2025-03-10 19:45:00,2025-03-10T19:45:00,2025-03-10T19:45:00,"{'bid': 559.05, 'ask': 559.19}","{'bid': 560.7, 'ask': 560.83}","{'bid': 561.59, 'ask': 561.72}","{'bid': 559.02, 'ask': 559.16}",8814,559.05,561.59,559.02,560.7
2025-03-10 20:00:00,2025-03-10T20:00:00,2025-03-10T20:00:00,"{'bid': 560.68, 'ask': 560.8}","{'bid': 560.84, 'ask': 561.0}","{'bid': 560.99, 'ask': 561.14}","{'bid': 559.69, 'ask': 559.82}",3207,560.68,560.99,559.69,560.84
2025-03-10 20:15:00,2025-03-10T20:15:00,2025-03-10T20:15:00,"{'bid': 560.82, 'ask': 560.98}","{'bid': 561.27, 'ask': 561.4}","{'bid': 561.41, 'ask': 561.54}","{'bid': 560.53, 'ask': 560.87}",1524,560.82,561.41,560.53,561.27
2025-03-10 20:30:00,2025-03-10T20:30:00,2025-03-10T20:30:00,"{'bid': 561.25, 'ask': 561.4}","{'bid': 561.09, 'ask': 561.25}","{'bid': 561.32, 'ask': 561.54}","{'bid': 560.74, 'ask': 561.05}",1060,561.25,561.32,560.74,561.09
2025-03-10 20:45:00,2025-03-10T20:45:00,2025-03-10T20:45:00,"{'bid': 561.1, 'ask': 561.25}","{'bid': 561.1, 'ask': 561.38}","{'bid': 561.33, 'ask': 561.54}","{'bid': 560.95, 'ask': 561.18}",887,561.1,561.33,560.95,561.1
2025-03-10 21:00:00,2025-03-10T21:00:00,2025-03-10T21:00:00,"{'bid': 561.1, 'ask': 561.43}","{'bid': 561.05, 'ask': 561.2}","{'bid': 561.34, 'ask': 561.52}","{'bid': 560.95, 'ask': 561.1}",98,561.1,561.34,560.95,561.05
2025-03-10 21:15:00,2025-03-10T21:15:00,2025-03-10T21:15:00,"{'bid': 561.06, 'ask': 561.25}","{'bid': 560.82, 'ask': 561.11}","{'bid': 561.13, 'ask': 561.35}","{'bid': 560.75, 'ask': 560.95}",92,561.06,561.13,560.75,560.82
2025-03-10 21:30:00,2025-03-10T21:30:00,2025-03-10T21:30:00,"{'bid': 560.95, 'ask': 561.1}","{'bid': 560.74, 'ask': 560.91}","{'bid': 560.95, 'ask': 561.1}","{'bid': 560.46, 'ask': 560.69}",95,560.95,560.95,560.46,560.74
2025-03-10 21:45:00,2025-03-10T21:45:00,2025-03-10T21:45:00,"{'bid': 560.79, 'ask': 560.92}","{'bid': 560.21, 'ask': 560.38}","{'bid': 560.79, 'ask': 560.92}","{'bid': 560.17, 'ask': 560.32}",278,560.79,560.79,560.17,560.21
2025-03-10 22:00:00,2025-03-10T22:00:00,2025-03-10T22:00:00,"{'bid': 560.21, 'ask': 560.39}","{'bid': 559.5, 'ask': 559.71}","{'bid': 560.82, 'ask': 561.35}","{'bid': 558.55, 'ask': 559.04}",1326,560.21,560.82,558.55,559.5
2025-03-10 22:15:00,2025-03-10T22:15:00,2025-03-10T22:15:00,"{'bid': 559.48, 'ask': 559.68}","{'bid': 560.08, 'ask': 560.32}","{'bid': 560.29, 'ask': 560.75}","{'bid': 558.95, 'ask': 559.57}",1207,559.48,560.29,558.95,560.08
2025-03-10 22:30:00,2025-03-10T22:30:00,2025-03-10T22:30:00,"{'bid': 560.08, 'ask': 560.75}","{'bid': 560.41, 'ask': 560.6}","{'bid': 560.69, 'ask': 561.05}","{'bid': 559.95, 'ask': 560.08}",1008,560.08,560.69,559.95,560.41
2025-03-10 22:45:00,2025-03-10T22:45:00,2025-03-10T22:45:00,"{'bid': 560.41, 'ask': 560.61}","{'bid': 559.35, 'ask': 559.57}","{'bid': 560.51, 'ask': 561.05}","{'bid': 559.15, 'ask': 559.56}",798,560.41,560.51,559.15,559.35
2025-03-10 23:00:00,2025-03-10T23:00:00,2025-03-10T23:00:00,"{'bid': 559.38, 'ask': 559.56}","{'bid': 558.76, 'ask': 558.97}","{'bid': 559.78, 'ask': 560.05}","{'bid': 558.25, 'ask': 558.82}",977,559.38,559.78,558.25,558.76
2025-03-10 23:15:00,2025-03-10T23:15:00,2025-03-10T23:15:00,"{'bid': 558.77, 'ask': 558.97}","{'bid': 558.2, 'ask': 558.45}","{'bid': 558.88, 'ask': 559.25}","{'bid': 557.05, 'ask': 557.73}",1652,558.77,558.88,557.05,558.2
2025-03-10 23:30:00,2025-03-10T23:30:00,2025-03-10T23:30:00,"{'bid': 558.21, 'ask': 558.45}","{'bid': 558.19, 'ask': 558.4}","{'bid': 558.34, 'ask': 558.65}","{'bid': 556.61, 'ask': 556.91}",2165,558.21,558.34,556.61,558.19
2025-03-10 23:45:00,2025-03-10T23:45:00,2025-03-10T23:45:00,"{'bid': 558.2, 'ask': 558.42}","{'bid': 558.43, 'ask': 558.63}","{'bid': 558.78, 'ask': 558.99}","{'bid': 557.66, 'ask': 558.3}",1230,558.2,558.78,557.66,558.43
2025-03-11 08:00:00,2025-03-11T08:00:00,2025-03-11T08:00:00,"{'bid': 561.63, 'ask': 562.05}","{'bid': 562.35, 'ask': 562.55}","{'bid': 562.42, 'ask': 562.85}","{'bid': 560.95, 'ask': 561.38}",2468,561.63,562.42,560.95,562.35
2025-03-11 08:15:00,2025-03-11T08:15:00,2025-03-11T08:15:00,"{'bid': 562.36, 'ask': 562.55}","{'bid': 562.66, 'ask': 562.86}","{'bid': 562.68, 'ask': 563.05}","{'bid': 561.55, 'ask': 562.01}",1976,562.36,562.68,561.55,562.66
2025-03-11 08:30:00,2025-03-11T08:30:00,2025-03-11T08:30:00,"{'bid': 562.66, 'ask': 562.85}","{'bid': 562.37, 'ask': 562.58}","{'bid': 562.68, 'ask': 563.05}","{'bid': 561.85, 'ask': 562.26}",1472,562.66,562.68,561.85,562.37
2025-03-11 08:45:00,2025-03-11T08:45:00,2025-03-11T08:45:00,"{'bid': 562.38, 'ask': 562.58}","{'bid': 562.72, 'ask': 562.91}","{'bid': 562.72, 'ask': 563.05}","{'bid': 561.85, 'ask': 562.26}",1177,562.38,562.72,561.85,562.72
2025-03-11 09:00:00,2025-03-11T09:00:00,2025-03-11T09:00:00,"{'bid': 562.65, 'ask': 562.91}","{'bid': 562.49, 'ask': 562.68}","{'bid': 563.03, 'ask': 563.45}","{'bid': 561.85, 'ask': 562.31}",1753,562.65,563.03,561.85,562.49
2025-03-11 09:15:00,2025-03-11T09:15:00,2025-03-11T09:15:00,"{'bid': 562.5, 'ask': 562.68}","{'bid': 562.85, 'ask': 563.02}","{'bid': 562.91, 'ask': 563.15}","{'bid': 561.85, 'ask': 562.42}",1470,562.5,562.91,561.85,562.85
2025-03-11 09:30:00,2025-03-11T09:30:00,2025-03-11T09:30:00,"{'bid': 562.83, 'ask': 563.02}","{'bid': 562.47, 'ask': 562.64}","{'bid': 562.87, 'ask': 563.05}","{'bid': 561.85, 'ask': 562.34}",1387,562.83,562.87,561.85,562.47
2025-03-11 09:45:00,2025-03-11T09:45:00,2025-03-11T09:45:00,"{'bid': 562.48, 'ask': 562.66}","{'bid': 562.43, 'ask': 562.61}","{'bid': 562.69, 'ask': 563.05}","{'bid': 561.85, 'ask': 562.3}",1171,562.48,562.69,561.85,562.43
2025-03-11 10:00:00,2025-03-11T10:00:00,2025-03-11T10:00:00,"{'bid': 562.43, 'ask': 562.6}","{'bid': 562.24, 'ask': 562.43}","{'bid': 562.68, 'ask': 563.05}","{'bid': 561.25, 'ask': 561.79}",1775,562.43,562.68,561.25,562.24
2025-03-11 10:15:00,2025-03-11T10:15:00,2025-03-11T10:15:00,"{'bid': 562.24, 'ask': 562.42}","{'bid': 562.65, 'ask': 562.86}","{'bid': 562.78, 'ask': 563.05}","{'bid': 561.85, 'ask': 562.4}",1167,562.24,562.78,561.85,562.65
2025-03-11 10:30:00,2025-03-11T10:30:00,2025-03-11T10:30:00,"{'bid': 562.66, 'ask': 562.86}","{'bid': 562.27, 'ask': 562.46}","{'bid': 562.85, 'ask': 563.05}","{'bid': 561.85, 'ask': 562.39}",1161,562.66,562.85,561.85,562.27
2025-03-11 10:45:00,2025-03-11T10:45:00,2025-03-11T10:45:00,"{'bid': 562.28, 'ask': 562.46}","{'bid': 562.31, 'ask': 562.52}","{'bid': 562.54, 'ask': 562.85}","{'bid': 561.85, 'ask': 562.08}",1049,562.28,562.54,561.85,562.31
2025-03-11 11:00:00,2025-03-11T11:00:00,2025-03-11T11:00:00,"{'bid': 562.31, 'ask': 562.49}","{'bid': 561.85, 'ask': 562.04}","{'bid': 562.31, 'ask': 562.55}","{'bid': 560.65, 'ask': 561.28}",1746,562.31,562.31,560.65,561.85
2025-03-11 11:15:00,2025-03-11T11:15:00,2025-03-11T11:15:00,"{'bid': 561.86, 'ask': 562.04}","{'bid': 562.29, 'ask': 562.47}","{'bid': 562.5, 'ask': 562.86}","{'bid': 561.77, 'ask': 562.04}",1077,561.86,562.5,561.77,562.29
2025-03-11 11:30:00,2025-03-11T11:30:00,2025-03-11T11:30:00,"{'bid': 562.28, 'ask': 562.46}","{'bid': 563.31, 'ask': 563.44}","{'bid': 563.33, 'ask': 563.75}","{'bid': 562.19, 'ask': 562.37}",1377,562.28,563.33,562.19,563.31
2025-03-11 11:45:00,2025-03-11T11:45:00,2025-03-11T11:45:00,"{'bid': 562.75, 'ask': 563.42}","{'bid': 563.46, 'ask': 563.62}","{'bid': 563.56, 'ask': 564.05}","{'bid': 562.75, 'ask': 562.93}",1709,562.75,563.56,562.75,563.46
2025-03-11 12:00:00,2025-03-11T12:00:00,2025-03-11T12:00:00,"{'bid': 563.35, 'ask': 563.58}","{'bid': 560.95, 'ask': 561.1}","{'bid': 563.54, 'ask': 564.05}","{'bid': 560.95, 'ask': 561.09}",2513,563.35,563.54,560.95,560.95
2025-03-11 12:15:00,2025-03-11T12:15:00,2025-03-11T12:15:00,"{'bid': 560.95, 'ask': 561.09}","{'bid': 561.75, 'ask': 561.92}","{'bid': 562.46, 'ask': 562.8}","{'bid': 560.76, 'ask': 560.91}",2341,560.95,562.46,560.76,561.75
2025-03-11 12:30:00,2025-03-11T12:30:00,2025-03-11T12:30:00,"{'bid': 561.76, 'ask': 561.92}","{'bid': 560.92, 'ask': 561.08}","{'bid': 561.76, 'ask': 561.92}","{'bid': 560.53, 'ask': 560.75}",1977,561.76,561.76,560.53,560.92
2025-03-11 12:45:00,2025-03-11T12:45:00,2025-03-11T12:45:00,"{'bid': 560.9, 'ask': 561.06}","{'bid': 560.33, 'ask': 560.46}","{'bid': 560.92, 'ask': 561.06}","{'bid': 560.01, 'ask': 560.17}",2292,560.9,560.92,560.01,560.33
2025-03-11 13:00:00,2025-03-11T13:00:00,2025-03-11T13:00:00,"{'bid': 560.32, 'ask': 560.46}","{'bid': 560.25, 'ask': 560.39}","{'bid': 561.0, 'ask': 561.16}","{'bid': 560.02, 'ask': 560.17}",2160,560.32,561.0,560.02,560.25
2025-03-11 13:15:00,2025-03-11T13:15:00,2025-03-11T13:15:00,"{'bid': 560.25, 'ask': 560.38}","{'bid': 559.32, 'ask': 559.45}","{'bid': 560.35, 'ask': 560.75}","{'bid': 559.1, 'ask': 559.25}",2515,560.25,560.35,559.1,559.32
2025-03-11 13:30:00,2025-03-11T13:30:00,2025-03-11T13:30:00,"{'bid': 559.3, 'ask': 559.47}","{'bid': 560.63, 'ask': 560.76}","{'bid': 560.9, 'ask': 561.03}","{'bid': 558.25, 'ask': 558.4}",9639,559.3,560.9,558.25,560.63
2025-03-11 13:45:00,2025-03-11T13:45:00,2025-03-11T13:45:00,"{'bid': 560.62, 'ask': 560.75}","{'bid': 559.71, 'ask': 559.87}","{'bid': 561.68, 'ask': 561.81}","{'bid': 559.3, 'ask': 559.44}",7885,560.62,561.68,559.3,559.71
2025-03-11 14:00:00,2025-03-11T14:00:00,2025-03-11T14:00:00,"{'bid': 559.7, 'ask': 559.86}","{'bid': 557.88, 'ask': 558.01}","{'bid': 561.99, 'ask': 562.15}","{'bid': 556.29, 'ask': 556.42}",9422,559.7,561.99,556.29,557.88
2025-03-11 14:15:00,2025-03-11T14:15:00,2025-03-11T14:15:00,"{'bid': 557.87, 'ask': 557.99}","{'bid': 555.92, 'ask': 556.04}","{'bid': 558.78, 'ask': 558.92}","{'bid': 555.58, 'ask': 555.72}",8723,557.87,558.78,555.58,555.92
2025-03-11 14:30:00,2025-03-11T14:30:00,2025-03-11T14:30:00,"{'bid': 555.91, 'ask': 556.03}","{'bid': 555.2, 'ask': 555.33}","{'bid': 557.15, 'ask': 557.29}","{'bid': 553.98, 'ask': 554.13}",8232,555.91,557.15,553.98,555.2
2025-03-11 14:45:00,2025-03-11T14:45:00,2025-03-11T14:45:00,"{'bid': 555.17, 'ask': 555.3}","{'bid': 554.72, 'ask': 554.85}","{'bid': 556.97, 'ask': 557.1}","{'bid': 554.45, 'ask': 554.58}",8163,555.17,556.97,554.45,554.72
2025-03-11 15:00:00,2025-03-11T15:00:00,2025-03-11T15:00:00,"{'bid': 554.7, 'ask': 554.83}","{'bid': 557.8, 'ask': 557.95}","{'bid': 558.77, 'ask': 558.92}","{'bid': 554.11, 'ask': 554.24}",7737,554.7,558.77,554.11,557.8
2025-03-11 15:15:00,2025-03-11T15:15:00,2025-03-11T15:15:00,"{'bid': 557.83, 'ask': 557.97}","{'bid': 557.05, 'ask': 557.2}","{'bid': 558.66, 'ask': 558.8}","{'bid': 556.92, 'ask': 557.05}",7733,557.83,558.66,556.92,557.05
2025-03-11 15:30:00,2025-03-11T15:30:00,2025-03-11T15:30:00,"{'bid': 557.05, 'ask': 557.17}","{'bid': 559.31, 'ask': 559.45}","{'bid': 559.92, 'ask': 560.04}","{'bid': 556.78, 'ask': 556.9}",6945,557.05,559.92,556.78,559.31
2025-03-11 15:45:00,2025-03-11T15:45:00,2025-03-11T15:45:00,"{'bid': 559.29, 'ask': 559.42}","{'bid': 557.13, 'ask': 557.26}","{'bid': 559.53, 'ask': 559.66}","{'bid': 556.87, 'ask': 557.01}",6361,559.29,559.53,556.87,557.13
2025-03-11 16:00:00,2025-03-11T16:00:00,2025-03-11T16:00:00,"{'bid': 557.11, 'ask': 557.24}","{'bid': 554.88, 'ask': 555.02}","{'bid': 557.57, 'ask': 557.7}","{'bid': 554.69, 'ask': 554.83}",6713,557.11,557.57,554.69,554.88
2025-03-11 16:15:00,2025-03-11T16:15:00,2025-03-11T16:15:00,"{'bid': 554.91, 'ask': 555.03}","{'bid': 555.79, 'ask': 555.93}","{'bid': 556.53, 'ask': 556.65}","{'bid': 554.75, 'ask': 554.87}",6307,554.91,556.53,554.75,555.79
2025-03-11 16:30:00,2025-03-11T16:30:00,2025-03-11T16:30:00,"{'bid': 555.8, 'ask': 555.93}","{'bid': 555.21, 'ask': 555.35}","{'bid': 556.87, 'ask': 556.99}","{'bid': 554.77, 'ask': 554.91}",6304,555.8,556.87,554.77,555.21
2025-03-11 16:45:00,2025-03-11T16:45:00,2025-03-11T16:45:00,"{'bid': 555.24, 'ask': 555.38}","{'bid': 554.23, 'ask': 554.37}","{'bid': 555.83, 'ask': 555.95}","{'bid': 553.5, 'ask': 553.65}",5563,555.24,555.83,553.5,554.23
2025-03-11 17:00:00,2025-03-11T17:00:00,2025-03-11T17:00:00,"{'bid': 554.21, 'ask': 554.36}","{'bid': 553.31, 'ask': 553.45}","{'bid': 554.27, 'ask': 554.41}","{'bid': 553.14, 'ask': 553.29}",4811,554.21,554.27,553.14,553.31
2025-03-11 17:15:00,2025-03-11T17:15:00,2025-03-11T17:15:00,"{'bid': 553.3, 'ask': 553.45}","{'bid': 552.12, 'ask': 552.25}","{'bid': 554.2, 'ask': 554.32}","{'bid': 551.98, 'ask': 552.11}",5034,553.3,554.2,551.98,552.12
2025-03-11 17:30:00,2025-03-11T17:30:00,2025-03-11T17:30:00,"{'bid': 552.11, 'ask': 552.23}","{'bid': 553.79, 'ask': 553.91}","{'bid': 553.79, 'ask': 553.92}","{'bid': 551.97, 'ask': 552.09}",5494,552.11,553.79,551.97,553.79
2025-03-11 17:45:00,2025-03-11T17:45:00,2025-03-11T17:45:00,"{'bid': 553.77, 'ask': 553.89}","{'bid': 554.23, 'ask': 554.35}","{'bid': 555.32, 'ask': 555.44}","{'bid': 553.17, 'ask': 553.3}",5843,553.77,555.32,553.17,554.23
2025-03-11 18:00:00,2025-03-11T18:00:00,2025-03-11T18:00:00,"{'bid': 554.2, 'ask': 554.34}","{'bid': 557.74, 'ask': 557.88}","{'bid': 557.8, 'ask': 557.93}","{'bid': 554.04, 'ask': 554.19}",6927,554.2,557.8,554.04,557.74
2025-03-11 18:15:00,2025-03-11T18:15:00,2025-03-11T18:15:00,"{'bid': 557.72, 'ask': 557.85}","{'bid': 558.37, 'ask': 558.51}","{'bid': 559.25, 'ask': 559.39}","{'bid': 556.87, 'ask': 557.0}",6430,557.72,559.25,556.87,558.37
2025-03-11 18:30:00,2025-03-11T18:30:00,2025-03-11T18:30:00,"{'bid': 558.35, 'ask': 558.48}","{'bid': 560.64, 'ask': 560.76}","{'bid': 560.88, 'ask': 561.01}","{'bid': 557.27, 'ask': 557.41}",6760,558.35,560.88,557.27,560.64
2025-03-11 18:45:00,2025-03-11T18:45:00,2025-03-11T18:45:00,"{'bid': 560.63, 'ask': 560.77}","{'bid': 561.45, 'ask': 561.6}","{'bid': 562.8, 'ask': 562.92}","{'bid': 560.21, 'ask': 560.35}",7308,560.63,562.8,560.21,561.45
2025-03-11 19:00:00,2025-03-11T19:00:00,2025-03-11T19:00:00,"{'bid': 561.44, 'ask': 561.59}","{'bid': 560.21, 'ask': 560.36}","{'bid': 562.54, 'ask': 562.66}","{'bid': 559.65, 'ask': 559.77}",7723,561.44,562.54,559.65,560.21
2025-03-11 19:15:00,2025-03-11T19:15:00,2025-03-11T19:15:00,"{'bid': 560.24, 'ask': 560.37}","{'bid': 559.52, 'ask': 559.66}","{'bid': 560.86, 'ask': 561.0}","{'bid': 558.55, 'ask': 558.68}",7395,560.24,560.86,558.55,559.52
2025-03-11 19:30:00,2025-03-11T19:30:00,2025-03-11T19:30:00,"{'bid': 559.52, 'ask': 559.65}","{'bid': 559.45, 'ask': 559.58}","{'bid': 560.28, 'ask': 560.42}","{'bid': 558.14, 'ask': 558.29}",7552,559.52,560.28,558.14,559.45
2025-03-11 19:45:00,2025-03-11T19:45:00,2025-03-11T19:45:00,"{'bid': 559.43, 'ask': 559.56}","{'bid': 556.12, 'ask': 556.24}","{'bid': 559.93, 'ask': 560.06}","{'bid': 555.95, 'ask': 556.07}",7803,559.43,559.93,555.95,556.12
2025-03-11 20:00:00,2025-03-11T20:00:00,2025-03-11T20:00:00,"{'bid': 556.11, 'ask': 556.24}","{'bid': 557.15, 'ask': 557.28}","{'bid': 557.38, 'ask': 557.54}","{'bid': 555.71, 'ask': 555.86}",3618,556.11,557.38,555.71,557.15
2025-03-11 20:15:00,2025-03-11T20:15:00,2025-03-11T20:15:00,"{'bid': 557.16, 'ask': 557.31}","{'bid': 556.33, 'ask': 556.49}","{'bid': 557.17, 'ask': 557.44}","{'bid': 555.98, 'ask': 556.31}",1385,557.16,557.17,555.98,556.33
2025-03-11 20:30:00,2025-03-11T20:30:00,2025-03-11T20:30:00,"{'bid': 556.37, 'ask': 556.54}","{'bid': 556.28, 'ask': 556.42}","{'bid': 556.46, 'ask': 556.85}","{'bid': 555.65, 'ask': 555.92}",1109,556.37,556.46,555.65,556.28
2025-03-11 20:45:00,2025-03-11T20:45:00,2025-03-11T20:45:00,"{'bid': 556.32, 'ask': 556.49}","{'bid': 556.12, 'ask': 556.55}","{'bid': 556.58, 'ask': 557.03}","{'bid': 555.65, 'ask': 555.88}",1078,556.32,556.58,555.65,556.12
2025-03-11 21:00:00,2025-03-11T21:00:00,2025-03-11T21:00:00,"{'bid': 556.12, 'ask': 557.03}","{'bid': 555.96, 'ask': 556.41}","{'bid': 556.45, 'ask': 557.03}","{'bid': 555.96, 'ask': 556.2}",53,556.12,556.45,555.96,555.96
2025-03-11 21:15:00,2025-03-11T21:15:00,2025-03-11T21:15:00,"{'bid': 556.07, 'ask': 556.33}","{'bid': 556.12, 'ask': 556.35}","{'bid': 556.12, 'ask': 556.41}","{'bid': 555.96, 'ask': 556.16}",26,556.07,556.12,555.96,556.12
2025-03-11 21:30:00,2025-03-11T21:30:00,2025-03-11T21:30:00,"{'bid': 556.14, 'ask': 556.35}","{'bid': 556.22, 'ask': 556.4}","{'bid': 556.28, 'ask': 556.52}","{'bid': 555.96, 'ask': 556.35}",46,556.14,556.28,555.96,556.22
2025-03-11 21:45:00,2025-03-11T21:45:00,2025-03-11T21:45:00,"{'bid': 556.22, 'ask': 556.41}","{'bid': 555.96, 'ask': 556.41}","{'bid': 556.28, 'ask': 556.5}","{'bid': 555.96, 'ask': 556.29}",74,556.22,556.28,555.96,555.96
2025-03-11 22:00:00,2025-03-11T22:00:00,2025-03-11T22:00:00,"{'bid': 555.96, 'ask': 556.5}","{'bid': 557.08, 'ask': 557.32}","{'bid': 557.11, 'ask': 557.75}","{'bid': 555.96, 'ask': 556.13}",916,555.96,557.11,555.96,557.08
2025-03-11 22:15:00,2025-03-11T22:15:00,2025-03-11T22:15:00,"{'bid': 557.08, 'ask': 557.69}","{'bid': 556.83, 'ask': 557.05}","{'bid': 557.11, 'ask': 557.69}","{'bid': 556.15, 'ask': 556.67}",707,557.08,557.11,556.15,556.83
2025-03-11 22:30:00,2025-03-11T22:30:00,2025-03-11T22:30:00,"{'bid': 556.83, 'ask': 557.11}","{'bid': 557.4, 'ask': 557.61}","{'bid': 557.6, 'ask': 558.05}","{'bid': 556.15, 'ask': 556.8}",627,556.83,557.6,556.15,557.4
2025-03-11 22:45:00,2025-03-11T22:45:00,2025-03-11T22:45:00,"{'bid': 557.41, 'ask': 557.61}","{'bid': 557.62, 'ask': 557.79}","{'bid': 557.87, 'ask': 558.06}","{'bid': 557.36, 'ask': 557.6}",490,557.41,557.87,557.36,557.62
2025-03-11 23:00:00,2025-03-11T23:00:00,2025-03-11T23:00:00,"{'bid': 557.62, 'ask': 557.78}","{'bid': 557.55, 'ask': 557.77}","{'bid': 557.71, 'ask': 558.05}","{'bid': 556.75, 'ask': 557.45}",678,557.62,557.71,556.75,557.55
2025-03-11 23:15:00,2025-03-11T23:15:00,2025-03-11T23:15:00,"{'bid': 557.55, 'ask': 557.76}","{'bid': 557.16, 'ask': 557.4}","{'bid': 557.57, 'ask': 557.81}","{'bid': 556.95, 'ask': 557.15}",607,557.55,557.57,556.95,557.16
2025-03-11 23:30:00,2025-03-11T23:30:00,2025-03-11T23:30:00,"{'bid': 557.16, 'ask': 557.37}","{'bid': 557.12, 'ask': 557.38}","{'bid': 557.2, 'ask': 557.75}","{'bid': 556.45, 'ask': 556.84}",702,557.16,557.2,556.45,557.12
2025-03-11 23:45:00,2025-03-11T23:45:00,2025-03-11T23:45:00,"{'bid': 557.11, 'ask': 557.38}","{'bid': 557.75, 'ask': 557.95}","{'bid': 557.83, 'ask': 558.35}","{'bid': 556.87, 'ask': 557.29}",588,557.11,557.83,556.87,557.75
2025-03-12 08:00:00,2025-03-12T08:00:00,2025-03-12T08:00:00,"{'bid': 558.12, 'ask': 558.35}","{'bid': 557.88, 'ask': 558.1}","{'bid': 558.72, 'ask': 559.05}","{'bid': 557.05, 'ask': 557.69}",2140,558.12,558.72,557.05,557.88
2025-03-12 08:15:00,2025-03-12T08:15:00,2025-03-12T08:15:00,"{'bid': 557.88, 'ask': 558.08}","{'bid': 557.44, 'ask': 557.65}","{'bid': 558.0, 'ask': 558.64}","{'bid': 556.75, 'ask': 557.29}",1559,557.88,558.0,556.75,557.44
2025-03-12 08:30:00,2025-03-12T08:30:00,2025-03-12T08:30:00,"{'bid': 557.43, 'ask': 557.64}","{'bid': 558.86, 'ask': 559.05}","{'bid': 558.94, 'ask': 559.17}","{'bid': 557.35, 'ask': 557.6}",1400,557.43,558.94,557.35,558.86
2025-03-12 08:45:00,2025-03-12T08:45:00,2025-03-12T08:45:00,"{'bid': 558.85, 'ask': 559.05}","{'bid': 559.61, 'ask': 559.8}","{'bid': 559.78, 'ask': 560.05}","{'bid': 558.56, 'ask': 558.92}",1491,558.85,559.78,558.56,559.61
2025-03-12 09:00:00,2025-03-12T09:00:00,2025-03-12T09:00:00,"{'bid': 559.61, 'ask': 559.78}","{'bid': 559.4, 'ask': 559.63}","{'bid': 559.82, 'ask': 560.05}","{'bid': 558.85, 'ask': 559.45}",1475,559.61,559.82,558.85,559.4
2025-03-12 09:15:00,2025-03-12T09:15:00,2025-03-12T09:15:00,"{'bid': 558.85, 'ask': 559.56}","{'bid': 559.69, 'ask': 559.85}","{'bid': 559.78, 'ask': 560.05}","{'bid': 558.85, 'ask': 559.45}",1045,558.85,559.78,558.85,559.69
2025-03-12 09:30:00,2025-03-12T09:30:00,2025-03-12T09:30:00,"{'bid': 559.69, 'ask': 559.86}","{'bid': 559.26, 'ask': 559.47}","{'bid': 560.08, 'ask': 560.45}","{'bid': 558.85, 'ask': 559.47}",1152,559.69,560.08,558.85,559.26
2025-03-12 09:45:00,2025-03-12T09:45:00,2025-03-12T09:45:00,"{'bid': 559.27, 'ask': 559.46}","{'bid': 560.03, 'ask': 560.2}","{'bid': 560.09, 'ask': 560.45}","{'bid': 558.85, 'ask': 559.4}",1049,559.27,560.09,558.85,560.03
2025-03-12 10:00:00,2025-03-12T10:00:00,2025-03-12T10:00:00,"{'bid': 560.03, 'ask': 560.21}","{'bid': 559.29, 'ask': 559.47}","{'bid': 560.16, 'ask': 560.75}","{'bid': 558.85, 'ask': 559.31}",951,560.03,560.16,558.85,559.29
2025-03-12 10:15:00,2025-03-12T10:15:00,2025-03-12T10:15:00,"{'bid': 559.3, 'ask': 559.48}","{'bid': 559.23, 'ask': 559.44}","{'bid': 559.38, 'ask': 559.85}","{'bid': 558.85, 'ask': 559.24}",863,559.3,559.38,558.85,559.23
2025-03-12 10:30:00,2025-03-12T10:30:00,2025-03-12T10:30:00,"{'bid': 559.23, 'ask': 559.43}","{'bid': 559.65, 'ask': 559.84}","{'bid': 559.92, 'ask': 560.45}","{'bid': 558.85, 'ask': 559.41}",915,559.23,559.92,558.85,559.65
2025-03-12 10:45:00,2025-03-12T10:45:00,2025-03-12T10:45:00,"{'bid': 559.64, 'ask': 559.81}","{'bid': 559.86, 'ask': 560.03}","{'bid': 560.2, 'ask': 560.75}","{'bid': 559.45, 'ask': 559.78}",836,559.64,560.2,559.45,559.86
2025-03-12 11:00:00,2025-03-12T11:00:00,2025-03-12T11:00:00,"{'bid': 559.84, 'ask': 560.02}","{'bid': 560.47, 'ask': 560.67}","{'bid': 560.66, 'ask': 561.05}","{'bid': 559.47, 'ask': 559.97}",995,559.84,560.66,559.47,560.47
2025-03-12 11:15:00,2025-03-12T11:15:00,2025-03-12T11:15:00,"{'bid': 560.49, 'ask': 560.69}","{'bid': 560.72, 'ask': 560.9}","{'bid': 560.99, 'ask': 561.25}","{'bid': 560.25, 'ask': 560.61}",992,560.49,560.99,560.25,560.72
2025-03-12 11:30:00,2025-03-12T11:30:00,2025-03-12T11:30:00,"{'bid': 560.74, 'ask': 560.91}","{'bid': 560.82, 'ask': 561.0}","{'bid': 561.2, 'ask': 561.65}","{'bid': 560.56, 'ask': 560.76}",1325,560.74,561.2,560.56,560.82
2025-03-12 11:45:00,2025-03-12T11:45:00,2025-03-12T11:45:00,"{'bid': 560.84, 'ask': 561.0}","{'bid': 560.63, 'ask': 560.78}","{'bid': 560.89, 'ask': 561.35}","{'bid': 560.25, 'ask': 560.58}",1570,560.84,560.89,560.25,560.63
2025-03-12 12:00:00,2025-03-12T12:00:00,2025-03-12T12:00:00,"{'bid': 560.63, 'ask': 560.79}","{'bid': 560.39, 'ask': 560.56}","{'bid': 560.63, 'ask': 560.89}","{'bid': 559.99, 'ask': 560.32}",1540,560.63,560.63,559.99,560.39
2025-03-12 12:15:00,2025-03-12T12:15:00,2025-03-12T12:15:00,"{'bid': 560.39, 'ask': 560.55}","{'bid': 560.87, 'ask': 561.49}","{'bid': 561.06, 'ask': 561.65}","{'bid': 560.05, 'ask': 560.5}",1840,560.39,561.06,560.05,560.87
2025-03-12 12:30:00,2025-03-12T12:30:00,2025-03-12T12:30:00,"{'bid': 560.55, 'ask': 562.02}","{'bid': 561.38, 'ask': 561.56}","{'bid': 565.92, 'ask': 567.02}","{'bid': 560.55, 'ask': 561.41}",5566,560.55,565.92,560.55,561.38
2025-03-12 12:45:00,2025-03-12T12:45:00,2025-03-12T12:45:00,"{'bid': 560.95, 'ask': 561.56}","{'bid': 562.86, 'ask': 563.03}","{'bid': 563.09, 'ask': 563.45}","{'bid': 560.85, 'ask': 561.14}",3514,560.95,563.09,560.85,562.86
2025-03-12 13:00:00,2025-03-12T13:00:00,2025-03-12T13:00:00,"{'bid': 562.88, 'ask': 563.04}","{'bid': 561.97, 'ask': 562.14}","{'bid': 563.11, 'ask': 563.45}","{'bid': 561.82, 'ask': 561.95}",2906,562.88,563.11,561.82,561.97
2025-03-12 13:15:00,2025-03-12T13:15:00,2025-03-12T13:15:00,"{'bid': 561.94, 'ask': 562.12}","{'bid': 562.09, 'ask': 562.22}","{'bid': 562.24, 'ask': 562.39}","{'bid': 561.27, 'ask': 561.51}",3183,561.94,562.24,561.27,562.09
2025-03-12 13:30:00,2025-03-12T13:30:00,2025-03-12T13:30:00,"{'bid': 562.1, 'ask': 562.38}","{'bid': 560.56, 'ask': 560.7}","{'bid': 563.05, 'ask': 563.18}","{'bid': 560.0, 'ask': 560.15}",9052,562.1,563.05,560.0,560.56
2025-03-12 13:45:00,2025-03-12T13:45:00,2025-03-12T13:45:00,"{'bid': 560.59, 'ask': 560.71}","{'bid': 559.41, 'ask': 559.56}","{'bid': 561.72, 'ask': 561.85}","{'bid': 558.3, 'ask': 558.42}",7738,560.59,561.72,558.3,559.41
2025-03-12 14:00:00,2025-03-12T14:00:00,2025-03-12T14:00:00,"{'bid': 559.39, 'ask': 559.53}","{'bid': 559.31, 'ask': 559.45}","{'bid': 560.5, 'ask': 560.64}","{'bid': 557.91, 'ask': 558.05}",6647,559.39,560.5,557.91,559.31
2025-03-12 14:15:00,2025-03-12T14:15:00,2025-03-12T14:15:00,"{'bid': 559.32, 'ask': 559.47}","{'bid': 558.95, 'ask': 559.11}","{'bid': 559.67, 'ask': 559.83}","{'bid': 557.96, 'ask': 558.1}",5941,559.32,559.67,557.96,558.95
2025-03-12 14:30:00,2025-03-12T14:30:00,2025-03-12T14:30:00,"{'bid': 558.97, 'ask': 559.13}","{'bid': 556.49, 'ask': 556.62}","{'bid': 559.23, 'ask': 559.38}","{'bid': 556.22, 'ask': 556.35}",6322,558.97,559.23,556.22,556.49
2025-03-12 14:45:00,2025-03-12T14:45:00,2025-03-12T14:45:00,"{'bid': 556.51, 'ask': 556.64}","{'bid': 555.55, 'ask': 555.68}","{'bid': 557.48, 'ask': 557.61}","{'bid': 555.43, 'ask': 555.57}",5874,556.51,557.48,555.43,555.55
2025-03-12 15:00:00,2025-03-12T15:00:00,2025-03-12T15:00:00,"{'bid': 555.54, 'ask': 555.66}","{'bid': 554.82, 'ask': 554.95}","{'bid': 555.79, 'ask': 555.92}","{'bid': 553.63, 'ask': 553.77}",5860,555.54,555.79,553.63,554.82
2025-03-12 15:15:00,2025-03-12T15:15:00,2025-03-12T15:15:00,"{'bid': 554.84, 'ask': 554.96}","{'bid': 556.84, 'ask': 556.96}","{'bid': 557.14, 'ask': 557.27}","{'bid': 554.32, 'ask': 554.44}",5678,554.84,557.14,554.32,556.84
2025-03-12 15:30:00,2025-03-12T15:30:00,2025-03-12T15:30:00,"{'bid': 556.85, 'ask': 556.98}","{'bid': 557.81, 'ask': 557.93}","{'bid': 558.14, 'ask': 558.27}","{'bid': 556.51, 'ask': 556.63}",5094,556.85,558.14,556.51,557.81
2025-03-12 15:45:00,2025-03-12T15:45:00,2025-03-12T15:45:00,"{'bid': 557.83, 'ask': 557.95}","{'bid': 559.05, 'ask': 559.19}","{'bid': 559.16, 'ask': 559.29}","{'bid': 557.45, 'ask': 557.58}",5086,557.83,559.16,557.45,559.05
2025-03-12 16:00:00,2025-03-12T16:00:00,2025-03-12T16:00:00,"{'bid': 559.07, 'ask': 559.2}","{'bid': 560.37, 'ask': 560.51}","{'bid': 560.53, 'ask': 560.69}","{'bid': 558.17, 'ask': 558.29}",5127,559.07,560.53,558.17,560.37
2025-03-12 16:15:00,2025-03-12T16:15:00,2025-03-12T16:15:00,"{'bid': 560.37, 'ask': 560.52}","{'bid': 560.19, 'ask': 560.33}","{'bid': 560.79, 'ask': 560.92}","{'bid': 559.71, 'ask': 559.83}",4970,560.37,560.79,559.71,560.19
2025-03-12 16:30:00,2025-03-12T16:30:00,2025-03-12T16:30:00,"{'bid': 560.21, 'ask': 560.34}","{'bid': 558.88, 'ask': 559.02}","{'bid': 561.2, 'ask': 561.32}","{'bid': 558.64, 'ask': 558.76}",5012,560.21,561.2,558.64,558.88
2025-03-12 16:45:00,2025-03-12T16:45:00,2025-03-12T16:45:00,"{'bid': 558.88, 'ask': 559.01}","{'bid': 559.01, 'ask': 559.15}","{'bid': 560.88, 'ask': 561.01}","{'bid': 558.66, 'ask': 558.79}",5231,558.88,560.88,558.66,559.01
2025-03-12 17:00:00,2025-03-12T17:00:00,2025-03-12T17:00:00,"{'bid': 559.03, 'ask': 559.15}","{'bid': 560.47, 'ask': 560.59}","{'bid': 560.49, 'ask': 560.61}","{'bid': 558.6, 'ask': 558.73}",4901,559.03,560.49,558.6,560.47
2025-03-12 17:15:00,2025-03-12T17:15:00,2025-03-12T17:15:00,"{'bid': 560.45, 'ask': 560.59}","{'bid': 561.34, 'ask': 561.47}","{'bid': 561.38, 'ask': 561.51}","{'bid': 559.75, 'ask': 559.88}",4012,560.45,561.38,559.75,561.34
2025-03-12 17:30:00,2025-03-12T17:30:00,2025-03-12T17:30:00,"{'bid': 561.31, 'ask': 561.45}","{'bid': 560.64, 'ask': 560.76}","{'bid': 561.71, 'ask': 561.84}","{'bid': 560.61, 'ask': 560.73}",3980,561.31,561.71,560.61,560.64
2025-03-12 17:45:00,2025-03-12T17:45:00,2025-03-12T17:45:00,"{'bid': 560.62, 'ask': 560.75}","{'bid': 557.94, 'ask': 558.06}","{'bid': 561.23, 'ask': 561.35}","{'bid': 557.86, 'ask': 558.0}",5281,560.62,561.23,557.86,557.94
2025-03-12 18:00:00,2025-03-12T18:00:00,2025-03-12T18:00:00,"{'bid': 557.96, 'ask': 558.08}","{'bid': 559.32, 'ask': 559.47}","{'bid': 559.49, 'ask': 559.62}","{'bid': 557.75, 'ask': 557.88}",5018,557.96,559.49,557.75,559.32
2025-03-12 18:15:00,2025-03-12T18:15:00,2025-03-12T18:15:00,"{'bid': 559.33, 'ask': 559.47}","{'bid': 560.14, 'ask': 560.26}","{'bid': 560.17, 'ask': 560.3}","{'bid': 559.07, 'ask': 559.19}",4186,559.33,560.17,559.07,560.14
2025-03-12 18:30:00,2025-03-12T18:30:00,2025-03-12T18:30:00,"{'bid': 560.16, 'ask': 560.28}","{'bid': 561.12, 'ask': 561.24}","{'bid': 561.21, 'ask': 561.33}","{'bid': 559.83, 'ask': 559.96}",3941,560.16,561.21,559.83,561.12
2025-03-12 18:45:00,2025-03-12T18:45:00,2025-03-12T18:45:00,"{'bid': 561.12, 'ask': 561.25}","{'bid': 561.17, 'ask': 561.31}","{'bid': 561.84, 'ask': 561.97}","{'bid': 560.33, 'ask': 560.45}",3921,561.12,561.84,560.33,561.17
2025-03-12 19:00:00,2025-03-12T19:00:00,2025-03-12T19:00:00,"{'bid': 561.16, 'ask': 561.31}","{'bid': 560.15, 'ask': 560.28}","{'bid': 561.16, 'ask': 561.31}","{'bid': 559.83, 'ask': 559.97}",4715,561.16,561.16,559.83,560.15
2025-03-12 19:15:00,2025-03-12T19:15:00,2025-03-12T19:15:00,"{'bid': 560.13, 'ask': 560.26}","{'bid': 559.57, 'ask': 559.69}","{'bid': 560.46, 'ask': 560.6}","{'bid': 558.82, 'ask': 558.95}",5272,560.13,560.46,558.82,559.57
2025-03-12 19:30:00,2025-03-12T19:30:00,2025-03-12T19:30:00,"{'bid': 559.58, 'ask': 559.71}","{'bid': 559.24, 'ask': 559.37}","{'bid': 560.21, 'ask': 560.35}","{'bid': 558.37, 'ask': 558.5}",5379,559.58,560.21,558.37,559.24
2025-03-12 19:45:00,2025-03-12T19:45:00,2025-03-12T19:45:00,"{'bid': 559.24, 'ask': 559.36}","{'bid': 558.82, 'ask': 558.94}","{'bid': 559.87, 'ask': 560.01}","{'bid': 558.11, 'ask': 558.23}",6307,559.24,559.87,558.11,558.82
2025-03-12 20:00:00,2025-03-12T20:00:00,2025-03-12T20:00:00,"{'bid': 558.81, 'ask': 558.94}","{'bid': 558.25, 'ask': 558.39}","{'bid': 558.93, 'ask': 559.54}","{'bid': 558.11, 'ask': 558.31}",2470,558.81,558.93,558.11,558.25
2025-03-12 20:15:00,2025-03-12T20:15:00,2025-03-12T20:15:00,"{'bid': 558.23, 'ask': 558.38}","{'bid': 558.49, 'ask': 558.65}","{'bid': 558.6, 'ask': 558.91}","{'bid': 558.2, 'ask': 558.38}",964,558.23,558.6,558.2,558.49
2025-03-12 20:30:00,2025-03-12T20:30:00,2025-03-12T20:30:00,"{'bid': 558.49, 'ask': 558.64}","{'bid': 558.22, 'ask': 558.37}","{'bid': 558.68, 'ask': 558.81}","{'bid': 558.04, 'ask': 558.19}",618,558.49,558.68,558.04,558.22
2025-03-12 20:45:00,2025-03-12T20:45:00,2025-03-12T20:45:00,"{'bid': 558.24, 'ask': 558.38}","{'bid': 558.21, 'ask': 558.94}","{'bid': 558.38, 'ask': 558.94}","{'bid': 558.05, 'ask': 558.24}",680,558.24,558.38,558.05,558.21
2025-03-12 21:00:00,2025-03-12T21:00:00,2025-03-12T21:00:00,"{'bid': 558.21, 'ask': 559.15}","{'bid': 558.37, 'ask': 558.55}","{'bid': 558.43, 'ask': 559.15}","{'bid': 558.21, 'ask': 558.48}",49,558.21,558.43,558.21,558.37
2025-03-12 21:15:00,2025-03-12T21:15:00,2025-03-12T21:15:00,"{'bid': 558.38, 'ask': 558.55}","{'bid': 558.35, 'ask': 558.58}","{'bid': 558.43, 'ask': 558.58}","{'bid': 558.15, 'ask': 558.45}",61,558.38,558.43,558.15,558.35
2025-03-12 21:30:00,2025-03-12T21:30:00,2025-03-12T21:30:00,"{'bid': 558.32, 'ask': 558.58}","{'bid': 558.33, 'ask': 558.57}","{'bid': 558.51, 'ask': 558.66}","{'bid': 558.32, 'ask': 558.56}",23,558.32,558.51,558.32,558.33
2025-03-12 21:45:00,2025-03-12T21:45:00,2025-03-12T21:45:00,"{'bid': 558.33, 'ask': 558.61}","{'bid': 558.3, 'ask': 558.57}","{'bid': 558.45, 'ask': 558.62}","{'bid': 558.3, 'ask': 558.45}",45,558.33,558.45,558.3,558.3
2025-03-12 22:00:00,2025-03-12T22:00:00,2025-03-12T22:00:00,"{'bid': 558.3, 'ask': 558.47}","{'bid': 558.84, 'ask': 559.04}","{'bid': 558.9, 'ask': 559.35}","{'bid': 558.03, 'ask': 558.27}",689,558.3,558.9,558.03,558.84
2025-03-12 22:15:00,2025-03-12T22:15:00,2025-03-12T22:15:00,"{'bid': 558.84, 'ask': 559.07}","{'bid': 559.34, 'ask': 559.49}","{'bid': 559.59, 'ask': 560.05}","{'bid': 558.84, 'ask': 559.07}",471,558.84,559.59,558.84,559.34
2025-03-12 22:30:00,2025-03-12T22:30:00,2025-03-12T22:30:00,"{'bid': 559.35, 'ask': 559.49}","{'bid': 559.31, 'ask': 559.54}","{'bid': 559.38, 'ask': 559.6}","{'bid': 558.25, 'ask': 559.15}",563,559.35,559.38,558.25,559.31
2025-03-12 22:45:00,2025-03-12T22:45:00,2025-03-12T22:45:00,"{'bid': 559.29, 'ask': 559.54}","{'bid': 559.4, 'ask': 559.6}","{'bid': 559.51, 'ask': 559.82}","{'bid': 558.55, 'ask': 559.16}",537,559.29,559.51,558.55,559.4
2025-03-12 23:00:00,2025-03-12T23:00:00,2025-03-12T23:00:00,"{'bid': 559.39, 'ask': 559.6}","{'bid': 559.87, 'ask': 560.1}","{'bid': 560.08, 'ask': 560.75}","{'bid': 558.95, 'ask': 559.58}",623,559.39,560.08,558.95,559.87
2025-03-12 23:15:00,2025-03-12T23:15:00,2025-03-12T23:15:00,"{'bid': 559.82, 'ask': 560.07}","{'bid': 559.9, 'ask': 560.12}","{'bid': 559.98, 'ask': 560.75}","{'bid': 559.15, 'ask': 559.9}",435,559.82,559.98,559.15,559.9
2025-03-12 23:30:00,2025-03-12T23:30:00,2025-03-12T23:30:00,"{'bid': 559.9, 'ask': 560.75}","{'bid': 560.17, 'ask': 560.32}","{'bid': 560.37, 'ask': 560.75}","{'bid': 559.74, 'ask': 560.01}",590,559.9,560.37,559.74,560.17
2025-03-12 23:45:00,2025-03-12T23:45:00,2025-03-12T23:45:00,"{'bid': 560.17, 'ask': 560.31}","{'bid': 560.57, 'ask': 560.76}","{'bid': 560.65, 'ask': 561.35}","{'bid': 559.74, 'ask': 560.24}",688,560.17,560.65,559.74,560.57
2025-03-13 08:00:00,2025-03-13T08:00:00,2025-03-13T08:00:00,"{'bid': 555.42, 'ask': 556.25}","{'bid': 555.48, 'ask': 555.68}","{'bid': 556.04, 'ask': 556.85}","{'bid': 554.71, 'ask': 555.25}",2555,555.42,556.04,554.71,555.48
2025-03-13 08:15:00,2025-03-13T08:15:00,2025-03-13T08:15:00,"{'bid': 555.5, 'ask': 555.76}","{'bid': 556.07, 'ask': 556.25}","{'bid': 556.11, 'ask': 556.55}","{'bid': 554.06, 'ask': 554.84}",2571,555.5,556.11,554.06,556.07
2025-03-13 08:30:00,2025-03-13T08:30:00,2025-03-13T08:30:00,"{'bid': 556.05, 'ask': 556.24}","{'bid': 555.99, 'ask': 556.19}","{'bid': 556.23, 'ask': 556.99}","{'bid': 554.95, 'ask': 555.65}",1610,556.05,556.23,554.95,555.99
2025-03-13 08:45:00,2025-03-13T08:45:00,2025-03-13T08:45:00,"{'bid': 555.98, 'ask': 556.2}","{'bid': 556.63, 'ask': 556.82}","{'bid': 556.68, 'ask': 557.05}","{'bid': 555.31, 'ask': 556.11}",1212,555.98,556.68,555.31,556.63
2025-03-13 09:00:00,2025-03-13T09:00:00,2025-03-13T09:00:00,"{'bid': 556.62, 'ask': 556.84}","{'bid': 556.99, 'ask': 557.22}","{'bid': 557.0, 'ask': 557.65}","{'bid': 555.3, 'ask': 556.0}",1505,556.62,557.0,555.3,556.99
2025-03-13 09:15:00,2025-03-13T09:15:00,2025-03-13T09:15:00,"{'bid': 557.0, 'ask': 557.2}","{'bid': 557.74, 'ask': 557.91}","{'bid': 557.95, 'ask': 558.65}","{'bid': 556.75, 'ask': 557.1}",1637,557.0,557.95,556.75,557.74
2025-03-13 09:30:00,2025-03-13T09:30:00,2025-03-13T09:30:00,"{'bid': 557.75, 'ask': 557.97}","{'bid': 558.48, 'ask': 558.66}","{'bid': 558.5, 'ask': 559.05}","{'bid': 557.05, 'ask': 557.89}",1191,557.75,558.5,557.05,558.48
2025-03-13 09:45:00,2025-03-13T09:45:00,2025-03-13T09:45:00,"{'bid': 558.49, 'ask': 558.66}","{'bid': 559.06, 'ask': 559.24}","{'bid': 559.13, 'ask': 559.34}","{'bid': 557.95, 'ask': 558.58}",1152,558.49,559.13,557.95,559.06
2025-03-13 10:00:00,2025-03-13T10:00:00,2025-03-13T10:00:00,"{'bid': 559.07, 'ask': 559.24}","{'bid': 559.18, 'ask': 559.4}","{'bid': 559.39, 'ask': 560.05}","{'bid': 558.25, 'ask': 558.99}",980,559.07,559.39,558.25,559.18
2025-03-13 10:15:00,2025-03-13T10:15:00,2025-03-13T10:15:00,"{'bid': 559.18, 'ask': 559.41}","{'bid': 559.28, 'ask': 559.48}","{'bid': 559.56, 'ask': 560.05}","{'bid': 558.25, 'ask': 559.08}",791,559.18,559.56,558.25,559.28
2025-03-13 10:30:00,2025-03-13T10:30:00,2025-03-13T10:30:00,"{'bid': 559.29, 'ask': 559.48}","{'bid': 559.46, 'ask': 559.65}","{'bid': 559.49, 'ask': 560.05}","{'bid': 558.55, 'ask': 559.28}",752,559.29,559.49,558.55,559.46
2025-03-13 10:45:00,2025-03-13T10:45:00,2025-03-13T10:45:00,"{'bid': 559.46, 'ask': 559.64}","{'bid': 558.58, 'ask': 558.77}","{'bid': 559.53, 'ask': 560.05}","{'bid': 557.95, 'ask': 558.39}",1001,559.46,559.53,557.95,558.58
2025-03-13 11:00:00,2025-03-13T11:00:00,2025-03-13T11:00:00,"{'bid': 558.58, 'ask': 558.79}","{'bid': 558.27, 'ask': 558.43}","{'bid': 558.89, 'ask': 559.55}","{'bid': 557.95, 'ask': 558.1}",1611,558.58,558.89,557.95,558.27
2025-03-13 11:15:00,2025-03-13T11:15:00,2025-03-13T11:15:00,"{'bid': 558.27, 'ask': 558.42}","{'bid': 557.81, 'ask': 558.0}","{'bid': 558.78, 'ask': 559.05}","{'bid': 556.75, 'ask': 557.47}",1313,558.27,558.78,556.75,557.81
2025-03-13 11:30:00,2025-03-13T11:30:00,2025-03-13T11:30:00,"{'bid': 557.81, 'ask': 557.98}","{'bid': 557.06, 'ask': 557.23}","{'bid': 558.25, 'ask': 558.95}","{'bid': 556.45, 'ask': 557.12}",1500,557.81,558.25,556.45,557.06
2025-03-13 11:45:00,2025-03-13T11:45:00,2025-03-13T11:45:00,"{'bid': 557.05, 'ask': 557.23}","{'bid': 557.07, 'ask': 557.85}","{'bid': 558.1, 'ask': 558.89}","{'bid': 556.15, 'ask': 556.81}",2257,557.05,558.1,556.15,557.07
2025-03-13 12:00:00,2025-03-13T12:00:00,2025-03-13T12:00:00,"{'bid': 557.08, 'ask': 557.86}","{'bid': 556.27, 'ask': 556.44}","{'bid': 557.76, 'ask': 558.65}","{'bid': 555.84, 'ask': 556.33}",2962,557.08,557.76,555.84,556.27
2025-03-13 12:15:00,2025-03-13T12:15:00,2025-03-13T12:15:00,"{'bid': 556.29, 'ask': 556.43}","{'bid': 556.97, 'ask': 558.92}","{'bid': 557.24, 'ask': 559.05}","{'bid': 556.24, 'ask': 556.38}",2132,556.29,557.24,556.24,556.97
2025-03-13 12:30:00,2025-03-13T12:30:00,2025-03-13T12:30:00,"{'bid': 556.99, 'ask': 558.92}","{'bid': 557.83, 'ask': 557.99}","{'bid': 558.72, 'ask': 559.05}","{'bid': 556.37, 'ask': 557.35}",3902,556.99,558.72,556.37,557.83
2025-03-13 12:45:00,2025-03-13T12:45:00,2025-03-13T12:45:00,"{'bid': 557.82, 'ask': 557.98}","{'bid': 558.08, 'ask': 558.24}","{'bid': 558.09, 'ask': 558.52}","{'bid': 556.55, 'ask': 557.27}",2393,557.82,558.09,556.55,558.08
2025-03-13 13:00:00,2025-03-13T13:00:00,2025-03-13T13:00:00,"{'bid': 558.09, 'ask': 558.24}","{'bid': 558.1, 'ask': 558.25}","{'bid': 558.88, 'ask': 559.05}","{'bid': 557.76, 'ask': 558.21}",2406,558.09,558.88,557.76,558.1
2025-03-13 13:15:00,2025-03-13T13:15:00,2025-03-13T13:15:00,"{'bid': 558.1, 'ask': 558.26}","{'bid': 558.38, 'ask': 558.53}","{'bid': 558.85, 'ask': 559.25}","{'bid': 557.76, 'ask': 558.1}",1938,558.1,558.85,557.76,558.38
2025-03-13 13:30:00,2025-03-13T13:30:00,2025-03-13T13:30:00,"{'bid': 558.39, 'ask': 558.54}","{'bid': 557.01, 'ask': 557.13}","{'bid': 558.65, 'ask': 559.15}","{'bid': 557.01, 'ask': 557.13}",8562,558.39,558.65,557.01,557.01
2025-03-13 13:45:00,2025-03-13T13:45:00,2025-03-13T13:45:00,"{'bid': 557.02, 'ask': 557.15}","{'bid': 554.99, 'ask': 555.13}","{'bid': 557.46, 'ask': 557.61}","{'bid': 554.39, 'ask': 554.51}",7195,557.02,557.46,554.39,554.99
2025-03-13 14:00:00,2025-03-13T14:00:00,2025-03-13T14:00:00,"{'bid': 554.96, 'ask': 555.11}","{'bid': 557.58, 'ask': 557.73}","{'bid': 557.62, 'ask': 557.77}","{'bid': 554.37, 'ask': 554.51}",7632,554.96,557.62,554.37,557.58
2025-03-13 14:15:00,2025-03-13T14:15:00,2025-03-13T14:15:00,"{'bid': 557.56, 'ask': 557.71}","{'bid': 557.06, 'ask': 557.18}","{'bid': 559.04, 'ask': 559.19}","{'bid': 556.92, 'ask': 557.06}",6542,557.56,559.04,556.92,557.06
2025-03-13 14:30:00,2025-03-13T14:30:00,2025-03-13T14:30:00,"{'bid': 557.07, 'ask': 557.2}","{'bid': 556.31, 'ask': 556.45}","{'bid': 558.31, 'ask': 558.45}","{'bid': 555.73, 'ask': 555.85}",6065,557.07,558.31,555.73,556.31
2025-03-13 14:45:00,2025-03-13T14:45:00,2025-03-13T14:45:00,"{'bid': 556.29, 'ask': 556.42}","{'bid': 555.93, 'ask': 556.05}","{'bid': 557.3, 'ask': 557.42}","{'bid': 555.5, 'ask': 555.62}",5388,556.29,557.3,555.5,555.93
2025-03-13 15:00:00,2025-03-13T15:00:00,2025-03-13T15:00:00,"{'bid': 555.95, 'ask': 556.07}","{'bid': 554.97, 'ask': 555.1}","{'bid': 556.9, 'ask': 557.04}","{'bid': 554.6, 'ask': 554.74}",5259,555.95,556.9,554.6,554.97
2025-03-13 15:15:00,2025-03-13T15:15:00,2025-03-13T15:15:00,"{'bid': 554.99, 'ask': 555.11}","{'bid': 554.23, 'ask': 554.35}","{'bid': 555.33, 'ask': 555.45}","{'bid': 554.07, 'ask': 554.21}",4765,554.99,555.33,554.07,554.23
2025-03-13 15:30:00,2025-03-13T15:30:00,2025-03-13T15:30:00,"{'bid': 554.2, 'ask': 554.33}","{'bid': 554.21, 'ask': 554.35}","{'bid': 555.0, 'ask': 555.17}","{'bid': 552.47, 'ask': 552.59}",5567,554.2,555.0,552.47,554.21
2025-03-13 15:45:00,2025-03-13T15:45:00,2025-03-13T15:45:00,"{'bid': 554.22, 'ask': 554.36}","{'bid': 552.42, 'ask': 552.54}","{'bid': 554.49, 'ask': 554.61}","{'bid': 552.3, 'ask': 552.44}",5441,554.22,554.49,552.3,552.42
2025-03-13 16:00:00,2025-03-13T16:00:00,2025-03-13T16:00:00,"{'bid': 552.44, 'ask': 552.56}","{'bid': 552.9, 'ask': 553.03}","{'bid': 554.0, 'ask': 554.12}","{'bid': 552.21, 'ask': 552.34}",5244,552.44,554.0,552.21,552.9
2025-03-13 16:15:00,2025-03-13T16:15:00,2025-03-13T16:15:00,"{'bid': 552.91, 'ask': 553.03}","{'bid': 552.53, 'ask': 552.67}","{'bid': 553.25, 'ask': 553.37}","{'bid': 552.26, 'ask': 552.39}",4495,552.91,553.25,552.26,552.53
2025-03-13 16:30:00,2025-03-13T16:30:00,2025-03-13T16:30:00,"{'bid': 552.53, 'ask': 552.66}","{'bid': 553.09, 'ask': 553.21}","{'bid': 554.5, 'ask': 554.63}","{'bid': 552.14, 'ask': 552.27}",5004,552.53,554.5,552.14,553.09
2025-03-13 16:45:00,2025-03-13T16:45:00,2025-03-13T16:45:00,"{'bid': 553.08, 'ask': 553.2}","{'bid': 552.52, 'ask': 552.67}","{'bid': 553.31, 'ask': 553.44}","{'bid': 551.29, 'ask': 551.42}",5185,553.08,553.31,551.29,552.52
2025-03-13 17:00:00,2025-03-13T17:00:00,2025-03-13T17:00:00,"{'bid': 552.53, 'ask': 552.67}","{'bid': 551.5, 'ask': 551.63}","{'bid': 553.27, 'ask': 553.39}","{'bid': 551.22, 'ask': 551.34}",3884,552.53,553.27,551.22,551.5
2025-03-13 17:15:00,2025-03-13T17:15:00,2025-03-13T17:15:00,"{'bid': 551.51, 'ask': 551.65}","{'bid': 551.05, 'ask': 551.19}","{'bid': 551.55, 'ask': 551.67}","{'bid': 550.3, 'ask': 550.43}",4123,551.51,551.55,550.3,551.05
2025-03-13 17:30:00,2025-03-13T17:30:00,2025-03-13T17:30:00,"{'bid': 551.05, 'ask': 551.17}","{'bid': 550.0, 'ask': 550.12}","{'bid': 551.17, 'ask': 551.3}","{'bid': 549.94, 'ask': 550.07}",3997,551.05,551.17,549.94,550.0
2025-03-13 17:45:00,2025-03-13T17:45:00,2025-03-13T17:45:00,"{'bid': 549.97, 'ask': 550.11}","{'bid': 550.02, 'ask': 550.14}","{'bid': 550.84, 'ask': 550.97}","{'bid': 549.64, 'ask': 549.76}",3906,549.97,550.84,549.64,550.02
2025-03-13 18:00:00,2025-03-13T18:00:00,2025-03-13T18:00:00,"{'bid': 549.99, 'ask': 550.13}","{'bid': 552.79, 'ask': 552.91}","{'bid': 553.18, 'ask': 553.31}","{'bid': 549.9, 'ask': 550.03}",5010,549.99,553.18,549.9,552.79
2025-03-13 18:15:00,2025-03-13T18:15:00,2025-03-13T18:15:00,"{'bid': 552.78, 'ask': 552.91}","{'bid': 552.98, 'ask': 553.11}","{'bid': 552.99, 'ask': 553.11}","{'bid': 551.77, 'ask': 551.9}",4356,552.78,552.99,551.77,552.98
2025-03-13 18:30:00,2025-03-13T18:30:00,2025-03-13T18:30:00,"{'bid': 553.0, 'ask': 553.12}","{'bid': 553.96, 'ask': 554.09}","{'bid': 554.12, 'ask': 554.24}","{'bid': 552.47, 'ask': 552.6}",4240,553.0,554.12,552.47,553.96
2025-03-13 18:45:00,2025-03-13T18:45:00,2025-03-13T18:45:00,"{'bid': 553.98, 'ask': 554.11}","{'bid': 553.85, 'ask': 553.99}","{'bid': 554.24, 'ask': 554.37}","{'bid': 552.76, 'ask': 552.9}",4517,553.98,554.24,552.76,553.85
2025-03-13 19:00:00,2025-03-13T19:00:00,2025-03-13T19:00:00,"{'bid': 553.84, 'ask': 553.98}","{'bid': 552.83, 'ask': 552.97}","{'bid': 554.55, 'ask': 554.68}","{'bid': 552.13, 'ask': 552.26}",4887,553.84,554.55,552.13,552.83
2025-03-13 19:15:00,2025-03-13T19:15:00,2025-03-13T19:15:00,"{'bid': 552.83, 'ask': 552.96}","{'bid': 551.41, 'ask': 551.53}","{'bid': 553.25, 'ask': 553.38}","{'bid': 550.84, 'ask': 550.98}",4983,552.83,553.25,550.84,551.41
2025-03-13 19:30:00,2025-03-13T19:30:00,2025-03-13T19:30:00,"{'bid': 551.43, 'ask': 551.55}","{'bid': 551.06, 'ask': 551.18}","{'bid': 551.98, 'ask': 552.11}","{'bid': 550.3, 'ask': 550.44}",5771,551.43,551.98,550.3,551.06
2025-03-13 19:45:00,2025-03-13T19:45:00,2025-03-13T19:45:00,"{'bid': 551.05, 'ask': 551.18}","{'bid': 551.44, 'ask': 551.56}","{'bid': 551.55, 'ask': 551.68}","{'bid': 550.1, 'ask': 550.22}",6529,551.05,551.55,550.1,551.44
2025-03-13 20:00:00,2025-03-13T20:00:00,2025-03-13T20:00:00,"{'bid': 551.43, 'ask': 551.56}","{'bid': 553.0, 'ask': 553.12}","{'bid': 553.08, 'ask': 553.29}","{'bid': 551.34, 'ask': 551.47}",2067,551.43,553.08,551.34,553.0
2025-03-13 20:15:00,2025-03-13T20:15:00,2025-03-13T20:15:00,"{'bid': 552.98, 'ask': 553.12}","{'bid': 552.77, 'ask': 552.93}","{'bid': 553.15, 'ask': 553.29}","{'bid': 552.49, 'ask': 552.66}",876,552.98,553.15,552.49,552.77
2025-03-13 20:30:00,2025-03-13T20:30:00,2025-03-13T20:30:00,"{'bid': 552.8, 'ask': 552.95}","{'bid': 552.44, 'ask': 552.59}","{'bid': 552.9, 'ask': 553.05}","{'bid': 552.4, 'ask': 552.53}",567,552.8,552.9,552.4,552.44
2025-03-13 20:45:00,2025-03-13T20:45:00,2025-03-13T20:45:00,"{'bid': 552.44, 'ask': 552.57}","{'bid': 552.38, 'ask': 552.6}","{'bid': 552.66, 'ask': 552.94}","{'bid': 552.35, 'ask': 552.55}",464,552.44,552.66,552.35,552.38
2025-03-13 21:00:00,2025-03-13T21:00:00,2025-03-13T21:00:00,"{'bid': 552.38, 'ask': 552.69}","{'bid': 551.9, 'ask': 552.11}","{'bid': 552.43, 'ask': 552.69}","{'bid': 551.85, 'ask': 552.02}",69,552.38,552.43,551.85,551.9
2025-03-13 21:15:00,2025-03-13T21:15:00,2025-03-13T21:15:00,"{'bid': 551.9, 'ask': 552.05}","{'bid': 551.76, 'ask': 552.04}","{'bid': 551.95, 'ask': 552.15}","{'bid': 551.7, 'ask': 551.92}",88,551.9,551.95,551.7,551.76
2025-03-13 21:30:00,2025-03-13T21:30:00,2025-03-13T21:30:00,"{'bid': 551.76, 'ask': 552.01}","{'bid': 551.95, 'ask': 552.12}","{'bid': 552.03, 'ask': 552.21}","{'bid': 551.76, 'ask': 552.01}",64,551.76,552.03,551.76,551.95
2025-03-13 21:45:00,2025-03-13T21:45:00,2025-03-13T21:45:00,"{'bid': 551.95, 'ask': 552.15}","{'bid': 551.79, 'ask': 552.57}","{'bid': 552.41, 'ask': 552.57}","{'bid': 551.79, 'ask': 552.15}",50,551.95,552.41,551.79,551.79
2025-03-13 22:00:00,2025-03-13T22:00:00,2025-03-13T22:00:00,"{'bid': 551.47, 'ask': 552.57}","{'bid': 553.63, 'ask': 553.85}","{'bid': 553.72, 'ask': 554.45}","{'bid': 551.47, 'ask': 552.57}",817,551.47,553.72,551.47,553.63
2025-03-13 22:15:00,2025-03-13T22:15:00,2025-03-13T22:15:00,"{'bid': 553.63, 'ask': 553.84}","{'bid': 553.32, 'ask': 553.51}","{'bid': 553.71, 'ask': 553.93}","{'bid': 552.95, 'ask': 553.13}",529,553.63,553.71,552.95,553.32
2025-03-13 22:30:00,2025-03-13T22:30:00,2025-03-13T22:30:00,"{'bid': 553.34, 'ask': 553.53}","{'bid': 553.85, 'ask': 554.08}","{'bid': 554.05, 'ask': 554.75}","{'bid': 553.24, 'ask': 553.46}",548,553.34,554.05,553.24,553.85
2025-03-13 22:45:00,2025-03-13T22:45:00,2025-03-13T22:45:00,"{'bid': 553.85, 'ask': 554.06}","{'bid': 553.83, 'ask': 554.05}","{'bid': 554.26, 'ask': 555.03}","{'bid': 553.71, 'ask': 553.92}",386,553.85,554.26,553.71,553.83
2025-03-13 23:00:00,2025-03-13T23:00:00,2025-03-13T23:00:00,"{'bid': 553.84, 'ask': 554.05}","{'bid': 554.18, 'ask': 554.39}","{'bid': 554.4, 'ask': 554.8}","{'bid': 553.65, 'ask': 553.84}",425,553.84,554.4,553.65,554.18
2025-03-13 23:15:00,2025-03-13T23:15:00,2025-03-13T23:15:00,"{'bid': 554.19, 'ask': 554.39}","{'bid': 554.02, 'ask': 554.23}","{'bid': 554.21, 'ask': 554.44}","{'bid': 553.72, 'ask': 553.94}",453,554.19,554.21,553.72,554.02
2025-03-13 23:30:00,2025-03-13T23:30:00,2025-03-13T23:30:00,"{'bid': 554.01, 'ask': 554.19}","{'bid': 553.83, 'ask': 554.06}","{'bid': 554.18, 'ask': 554.4}","{'bid': 553.58, 'ask': 553.8}",412,554.01,554.18,553.58,553.83
2025-03-13 23:45:00,2025-03-13T23:45:00,2025-03-13T23:45:00,"{'bid': 553.84, 'ask': 554.06}","{'bid': 553.83, 'ask': 554.17}","{'bid': 554.15, 'ask': 554.34}","{'bid': 553.73, 'ask': 553.98}",406,553.84,554.15,553.73,553.83
2025-03-14 08:00:00,2025-03-14T08:00:00,2025-03-14T08:00:00,"{'bid': 554.39, 'ask': 554.63}","{'bid': 554.99, 'ask': 555.2}","{'bid': 555.1, 'ask': 555.65}","{'bid': 553.51, 'ask': 554.34}",2060,554.39,555.1,553.51,554.99
2025-03-14 08:15:00,2025-03-14T08:15:00,2025-03-14T08:15:00,"{'bid': 554.96, 'ask': 555.2}","{'bid': 555.76, 'ask': 555.99}","{'bid': 555.99, 'ask': 556.54}","{'bid': 554.35, 'ask': 555.1}",1416,554.96,555.99,554.35,555.76
2025-03-14 08:30:00,2025-03-14T08:30:00,2025-03-14T08:30:00,"{'bid': 555.77, 'ask': 555.98}","{'bid': 555.52, 'ask': 555.75}","{'bid': 555.95, 'ask': 556.25}","{'bid': 554.65, 'ask': 555.36}",1196,555.77,555.95,554.65,555.52
2025-03-14 08:45:00,2025-03-14T08:45:00,2025-03-14T08:45:00,"{'bid': 555.52, 'ask': 555.76}","{'bid': 555.53, 'ask': 555.76}","{'bid': 555.82, 'ask': 556.55}","{'bid': 554.79, 'ask': 555.57}",824,555.52,555.82,554.79,555.53
2025-03-14 09:00:00,2025-03-14T09:00:00,2025-03-14T09:00:00,"{'bid': 555.57, 'ask': 556.25}","{'bid': 555.77, 'ask': 555.97}","{'bid': 556.11, 'ask': 556.85}","{'bid': 554.95, 'ask': 555.8}",1068,555.57,556.11,554.95,555.77
2025-03-14 09:15:00,2025-03-14T09:15:00,2025-03-14T09:15:00,"{'bid': 555.73, 'ask': 555.95}","{'bid': 555.89, 'ask': 556.05}","{'bid': 556.18, 'ask': 556.85}","{'bid': 555.65, 'ask': 555.9}",922,555.73,556.18,555.65,555.89
2025-03-14 09:30:00,2025-03-14T09:30:00,2025-03-14T09:30:00,"{'bid': 555.86, 'ask': 556.02}","{'bid': 555.67, 'ask': 555.87}","{'bid': 556.04, 'ask': 556.45}","{'bid': 554.97, 'ask': 555.73}",1129,555.86,556.04,554.97,555.67
2025-03-14 09:45:00,2025-03-14T09:45:00,2025-03-14T09:45:00,"{'bid': 555.67, 'ask': 555.85}","{'bid': 555.72, 'ask': 555.93}","{'bid': 556.06, 'ask': 556.45}","{'bid': 555.01, 'ask': 555.68}",802,555.67,556.06,555.01,555.72
2025-03-14 10:00:00,2025-03-14T10:00:00,2025-03-14T10:00:00,"{'bid': 555.74, 'ask': 555.93}","{'bid': 555.29, 'ask': 555.51}","{'bid': 555.91, 'ask': 556.2}","{'bid': 554.65, 'ask': 555.41}",733,555.74,555.91,554.65,555.29
2025-03-14 10:15:00,2025-03-14T10:15:00,2025-03-14T10:15:00,"{'bid': 555.29, 'ask': 555.5}","{'bid': 555.31, 'ask': 555.51}","{'bid': 555.51, 'ask': 555.73}","{'bid': 554.65, 'ask': 555.33}",884,555.29,555.51,554.65,555.31
2025-03-14 10:30:00,2025-03-14T10:30:00,2025-03-14T10:30:00,"{'bid': 555.3, 'ask': 555.51}","{'bid': 555.24, 'ask': 555.44}","{'bid': 555.3, 'ask': 555.61}","{'bid': 554.18, 'ask': 554.91}",1109,555.3,555.3,554.18,555.24
2025-03-14 10:45:00,2025-03-14T10:45:00,2025-03-14T10:45:00,"{'bid': 555.26, 'ask': 555.46}","{'bid': 556.13, 'ask': 556.33}","{'bid': 556.71, 'ask': 557.44}","{'bid': 554.95, 'ask': 555.39}",1824,555.26,556.71,554.95,556.13
2025-03-14 11:00:00,2025-03-14T11:00:00,2025-03-14T11:00:00,"{'bid': 555.85, 'ask': 556.34}","{'bid': 555.7, 'ask': 555.93}","{'bid': 556.37, 'ask': 557.15}","{'bid': 555.14, 'ask': 555.88}",1436,555.85,556.37,555.14,555.7
2025-03-14 11:15:00,2025-03-14T11:15:00,2025-03-14T11:15:00,"{'bid': 555.71, 'ask': 555.96}","{'bid': 555.83, 'ask': 556.0}","{'bid': 555.88, 'ask': 556.55}","{'bid': 554.78, 'ask': 555.49}",916,555.71,555.88,554.78,555.83
2025-03-14 11:30:00,2025-03-14T11:30:00,2025-03-14T11:30:00,"{'bid': 555.78, 'ask': 556.0}","{'bid': 556.34, 'ask': 556.55}","{'bid': 556.41, 'ask': 557.15}","{'bid': 555.25, 'ask': 555.88}",794,555.78,556.41,555.25,556.34
2025-03-14 11:45:00,2025-03-14T11:45:00,2025-03-14T11:45:00,"{'bid': 556.34, 'ask': 556.54}","{'bid': 556.41, 'ask': 556.57}","{'bid': 556.72, 'ask': 557.25}","{'bid': 556.24, 'ask': 556.45}",878,556.34,556.72,556.24,556.41
2025-03-14 12:00:00,2025-03-14T12:00:00,2025-03-14T12:00:00,"{'bid': 556.42, 'ask': 556.66}","{'bid': 556.5, 'ask': 556.67}","{'bid': 556.75, 'ask': 557.22}","{'bid': 555.86, 'ask': 556.39}",1594,556.42,556.75,555.86,556.5
2025-03-14 12:15:00,2025-03-14T12:15:00,2025-03-14T12:15:00,"{'bid': 556.52, 'ask': 556.69}","{'bid': 557.52, 'ask': 557.68}","{'bid': 557.52, 'ask': 557.73}","{'bid': 555.95, 'ask': 556.58}",1358,556.52,557.52,555.95,557.52
2025-03-14 12:30:00,2025-03-14T12:30:00,2025-03-14T12:30:00,"{'bid': 557.52, 'ask': 557.67}","{'bid': 556.77, 'ask': 556.92}","{'bid': 557.62, 'ask': 558.05}","{'bid': 556.56, 'ask': 556.87}",1553,557.52,557.62,556.56,556.77
2025-03-14 12:45:00,2025-03-14T12:45:00,2025-03-14T12:45:00,"{'bid': 556.76, 'ask': 556.92}","{'bid': 557.0, 'ask': 557.15}","{'bid': 557.3, 'ask': 557.6}","{'bid': 556.76, 'ask': 556.92}",1106,556.76,557.3,556.76,557.0
2025-03-14 13:00:00,2025-03-14T13:00:00,2025-03-14T13:00:00,"{'bid': 557.0, 'ask': 557.13}","{'bid': 556.58, 'ask': 556.74}","{'bid': 557.18, 'ask': 557.75}","{'bid': 556.56, 'ask': 556.72}",1297,557.0,557.18,556.56,556.58
2025-03-14 13:15:00,2025-03-14T13:15:00,2025-03-14T13:15:00,"{'bid': 556.59, 'ask': 556.74}","{'bid': 556.06, 'ask': 556.22}","{'bid': 556.64, 'ask': 556.77}","{'bid': 555.3, 'ask': 556.02}",1516,556.59,556.64,555.3,556.06
2025-03-14 13:30:00,2025-03-14T13:30:00,2025-03-14T13:30:00,"{'bid': 556.03, 'ask': 556.22}","{'bid': 558.17, 'ask': 558.29}","{'bid': 558.21, 'ask': 558.34}","{'bid': 555.75, 'ask': 555.88}",6738,556.03,558.21,555.75,558.17
2025-03-14 13:45:00,2025-03-14T13:45:00,2025-03-14T13:45:00,"{'bid': 558.16, 'ask': 558.29}","{'bid': 558.37, 'ask': 558.49}","{'bid': 559.63, 'ask': 559.75}","{'bid': 558.07, 'ask': 558.22}",4830,558.16,559.63,558.07,558.37
2025-03-14 14:00:00,2025-03-14T14:00:00,2025-03-14T14:00:00,"{'bid': 558.39, 'ask': 558.53}","{'bid': 556.62, 'ask': 556.75}","{'bid': 558.82, 'ask': 558.95}","{'bid': 555.38, 'ask': 555.79}",7213,558.39,558.82,555.38,556.62
2025-03-14 14:15:00,2025-03-14T14:15:00,2025-03-14T14:15:00,"{'bid': 556.6, 'ask': 556.73}","{'bid': 556.93, 'ask': 557.06}","{'bid': 557.57, 'ask': 557.71}","{'bid': 555.83, 'ask': 555.96}",5889,556.6,557.57,555.83,556.93
2025-03-14 14:30:00,2025-03-14T14:30:00,2025-03-14T14:30:00,"{'bid': 556.92, 'ask': 557.05}","{'bid': 558.63, 'ask': 558.75}","{'bid': 558.78, 'ask': 558.91}","{'bid': 556.8, 'ask': 556.93}",5422,556.92,558.78,556.8,558.63
2025-03-14 14:45:00,2025-03-14T14:45:00,2025-03-14T14:45:00,"{'bid': 558.65, 'ask': 558.77}","{'bid': 560.18, 'ask': 560.3}","{'bid': 560.18, 'ask': 560.3}","{'bid': 558.55, 'ask': 558.68}",4588,558.65,560.18,558.55,560.18
2025-03-14 15:00:00,2025-03-14T15:00:00,2025-03-14T15:00:00,"{'bid': 560.15, 'ask': 560.3}","{'bid': 560.26, 'ask': 560.39}","{'bid': 560.82, 'ask': 560.95}","{'bid': 559.89, 'ask': 560.02}",4408,560.15,560.82,559.89,560.26
2025-03-14 15:15:00,2025-03-14T15:15:00,2025-03-14T15:15:00,"{'bid': 560.27, 'ask': 560.41}","{'bid': 560.99, 'ask': 561.12}","{'bid': 561.45, 'ask': 561.57}","{'bid': 560.27, 'ask': 560.4}",3869,560.27,561.45,560.27,560.99
2025-03-14 15:30:00,2025-03-14T15:30:00,2025-03-14T15:30:00,"{'bid': 561.01, 'ask': 561.13}","{'bid': 562.23, 'ask': 562.35}","{'bid': 562.24, 'ask': 562.38}","{'bid': 561.0, 'ask': 561.12}",3358,561.01,562.24,561.0,562.23
2025-03-14 15:45:00,2025-03-14T15:45:00,2025-03-14T15:45:00,"{'bid': 562.25, 'ask': 562.38}","{'bid': 562.06, 'ask': 562.19}","{'bid': 562.37, 'ask': 562.5}","{'bid': 561.17, 'ask': 561.3}",3954,562.25,562.37,561.17,562.06
2025-03-14 16:00:00,2025-03-14T16:00:00,2025-03-14T16:00:00,"{'bid': 562.06, 'ask': 562.2}","{'bid': 560.74, 'ask': 560.88}","{'bid': 562.15, 'ask': 562.27}","{'bid': 560.52, 'ask': 560.65}",3686,562.06,562.15,560.52,560.74
2025-03-14 16:15:00,2025-03-14T16:15:00,2025-03-14T16:15:00,"{'bid': 560.72, 'ask': 560.85}","{'bid': 560.14, 'ask': 560.28}","{'bid': 561.18, 'ask': 561.31}","{'bid': 559.97, 'ask': 560.09}",3894,560.72,561.18,559.97,560.14
2025-03-14 16:30:00,2025-03-14T16:30:00,2025-03-14T16:30:00,"{'bid': 560.15, 'ask': 560.28}","{'bid': 561.6, 'ask': 561.74}","{'bid': 561.71, 'ask': 561.84}","{'bid': 559.98, 'ask': 560.11}",3482,560.15,561.71,559.98,561.6
2025-03-14 16:45:00,2025-03-14T16:45:00,2025-03-14T16:45:00,"{'bid': 561.61, 'ask': 561.75}","{'bid': 562.01, 'ask': 562.14}","{'bid': 562.37, 'ask': 562.49}","{'bid': 561.26, 'ask': 561.38}",3234,561.61,562.37,561.26,562.01
2025-03-14 17:00:00,2025-03-14T17:00:00,2025-03-14T17:00:00,"{'bid': 562.0, 'ask': 562.12}","{'bid': 561.82, 'ask': 561.95}","{'bid': 562.73, 'ask': 562.86}","{'bid': 561.66, 'ask': 561.78}",3605,562.0,562.73,561.66,561.82
2025-03-14 17:15:00,2025-03-14T17:15:00,2025-03-14T17:15:00,"{'bid': 561.81, 'ask': 561.95}","{'bid': 561.38, 'ask': 561.51}","{'bid': 562.32, 'ask': 562.44}","{'bid': 561.15, 'ask': 561.28}",3261,561.81,562.32,561.15,561.38
2025-03-14 17:30:00,2025-03-14T17:30:00,2025-03-14T17:30:00,"{'bid': 561.37, 'ask': 561.5}","{'bid': 560.73, 'ask': 560.86}","{'bid': 561.87, 'ask': 562.0}","{'bid': 560.65, 'ask': 560.78}",3318,561.37,561.87,560.65,560.73
2025-03-14 17:45:00,2025-03-14T17:45:00,2025-03-14T17:45:00,"{'bid': 560.72, 'ask': 560.84}","{'bid': 560.55, 'ask': 560.69}","{'bid': 561.34, 'ask': 561.48}","{'bid': 560.43, 'ask': 560.56}",3295,560.72,561.34,560.43,560.55
2025-03-14 18:00:00,2025-03-14T18:00:00,2025-03-14T18:00:00,"{'bid': 560.57, 'ask': 560.7}","{'bid': 560.66, 'ask': 560.79}","{'bid': 561.67, 'ask': 561.8}","{'bid': 560.56, 'ask': 560.7}",3299,560.57,561.67,560.56,560.66
2025-03-14 18:15:00,2025-03-14T18:15:00,2025-03-14T18:15:00,"{'bid': 560.68, 'ask': 560.81}","{'bid': 560.63, 'ask': 560.75}","{'bid': 560.9, 'ask': 561.03}","{'bid': 560.18, 'ask': 560.3}",3197,560.68,560.9,560.18,560.63
2025-03-14 18:30:00,2025-03-14T18:30:00,2025-03-14T18:30:00,"{'bid': 560.63, 'ask': 560.76}","{'bid': 561.97, 'ask': 562.1}","{'bid': 562.19, 'ask': 562.32}","{'bid': 560.63, 'ask': 560.76}",2860,560.63,562.19,560.63,561.97
2025-03-14 18:45:00,2025-03-14T18:45:00,2025-03-14T18:45:00,"{'bid': 561.98, 'ask': 562.11}","{'bid': 561.71, 'ask': 561.85}","{'bid': 562.41, 'ask': 562.53}","{'bid': 561.2, 'ask': 561.32}",2754,561.98,562.41,561.2,561.71
2025-03-14 19:00:00,2025-03-14T19:00:00,2025-03-14T19:00:00,"{'bid': 561.73, 'ask': 561.86}","{'bid': 562.64, 'ask': 562.77}","{'bid': 562.68, 'ask': 562.81}","{'bid': 561.41, 'ask': 561.53}",2638,561.73,562.68,561.41,562.64
2025-03-14 19:15:00,2025-03-14T19:15:00,2025-03-14T19:15:00,"{'bid': 562.63, 'ask': 562.75}","{'bid': 561.74, 'ask': 561.86}","{'bid': 562.65, 'ask': 562.78}","{'bid': 561.65, 'ask': 561.78}",3195,562.63,562.65,561.65,561.74
2025-03-14 19:30:00,2025-03-14T19:30:00,2025-03-14T19:30:00,"{'bid': 561.75, 'ask': 561.89}","{'bid': 561.9, 'ask': 562.03}","{'bid': 562.27, 'ask': 562.39}","{'bid': 561.31, 'ask': 561.44}",3207,561.75,562.27,561.31,561.9
2025-03-14 19:45:00,2025-03-14T19:45:00,2025-03-14T19:45:00,"{'bid': 561.9, 'ask': 562.02}","{'bid': 562.72, 'ask': 562.84}","{'bid': 563.76, 'ask': 563.89}","{'bid': 561.69, 'ask': 561.81}",4472,561.9,563.76,561.69,562.72
2025-03-14 20:00:00,2025-03-14T20:00:00,2025-03-14T20:00:00,"{'bid': 562.74, 'ask': 562.87}","{'bid': 561.55, 'ask': 561.69}","{'bid': 562.81, 'ask': 562.94}","{'bid': 561.47, 'ask': 561.6}",2267,562.74,562.81,561.47,561.55
2025-03-14 20:15:00,2025-03-14T20:15:00,2025-03-14T20:15:00,"{'bid': 561.53, 'ask': 561.69}","{'bid': 561.51, 'ask': 561.67}","{'bid': 561.8, 'ask': 561.95}","{'bid': 561.07, 'ask': 561.22}",703,561.53,561.8,561.07,561.51
2025-03-14 20:30:00,2025-03-14T20:30:00,2025-03-14T20:30:00,"{'bid': 561.56, 'ask': 561.69}","{'bid': 561.66, 'ask': 561.81}","{'bid': 561.82, 'ask': 561.95}","{'bid': 561.46, 'ask': 561.62}",499,561.56,561.82,561.46,561.66
2025-03-14 20:45:00,2025-03-14T20:45:00,2025-03-14T20:45:00,"{'bid': 561.66, 'ask': 561.82}","{'bid': 561.68, 'ask': 561.95}","{'bid': 561.78, 'ask': 561.95}","{'bid': 561.45, 'ask': 561.67}",573,561.66,561.78,561.45,561.68
2025-03-17 08:00:00,2025-03-17T08:00:00,2025-03-17T08:00:00,"{'bid': 559.73, 'ask': 560.3}","{'bid': 559.79, 'ask': 560.02}","{'bid': 559.95, 'ask': 560.45}","{'bid': 559.16, 'ask': 559.52}",1357,559.73,559.95,559.16,559.79
2025-03-17 08:15:00,2025-03-17T08:15:00,2025-03-17T08:15:00,"{'bid': 559.8, 'ask': 560.02}","{'bid': 560.15, 'ask': 560.39}","{'bid': 560.34, 'ask': 560.75}","{'bid': 559.17, 'ask': 559.58}",1253,559.8,560.34,559.17,560.15
2025-03-17 08:30:00,2025-03-17T08:30:00,2025-03-17T08:30:00,"{'bid': 560.15, 'ask': 560.37}","{'bid': 560.21, 'ask': 560.45}","{'bid': 560.22, 'ask': 560.75}","{'bid': 559.3, 'ask': 559.82}",1108,560.15,560.22,559.3,560.21
2025-03-17 08:45:00,2025-03-17T08:45:00,2025-03-17T08:45:00,"{'bid': 560.19, 'ask': 560.42}","{'bid': 560.26, 'ask': 560.51}","{'bid': 560.46, 'ask': 560.9}","{'bid': 559.9, 'ask': 560.32}",990,560.19,560.46,559.9,560.26
2025-03-17 09:00:00,2025-03-17T09:00:00,2025-03-17T09:00:00,"{'bid': 560.21, 'ask': 560.51}","{'bid': 560.33, 'ask': 560.54}","{'bid': 560.66, 'ask': 561.05}","{'bid': 559.75, 'ask': 560.21}",1101,560.21,560.66,559.75,560.33
2025-03-17 09:15:00,2025-03-17T09:15:00,2025-03-17T09:15:00,"{'bid': 560.33, 'ask': 560.56}","{'bid': 560.45, 'ask': 560.68}","{'bid': 560.48, 'ask': 561.05}","{'bid': 559.75, 'ask': 560.23}",854,560.33,560.48,559.75,560.45
2025-03-17 09:30:00,2025-03-17T09:30:00,2025-03-17T09:30:00,"{'bid': 560.45, 'ask': 560.67}","{'bid': 560.46, 'ask': 560.69}","{'bid': 560.75, 'ask': 561.05}","{'bid': 560.05, 'ask': 560.43}",838,560.45,560.75,560.05,560.46
2025-03-17 09:45:00,2025-03-17T09:45:00,2025-03-17T09:45:00,"{'bid': 560.46, 'ask': 560.68}","{'bid': 560.37, 'ask': 560.6}","{'bid': 560.74, 'ask': 561.04}","{'bid': 560.25, 'ask': 560.53}",705,560.46,560.74,560.25,560.37
2025-03-17 10:00:00,2025-03-17T10:00:00,2025-03-17T10:00:00,"{'bid': 560.35, 'ask': 560.57}","{'bid': 560.85, 'ask': 561.09}","{'bid': 560.92, 'ask': 561.16}","{'bid': 559.75, 'ask': 560.39}",831,560.35,560.92,559.75,560.85
2025-03-17 10:15:00,2025-03-17T10:15:00,2025-03-17T10:15:00,"{'bid': 560.86, 'ask': 561.09}","{'bid': 561.12, 'ask': 561.34}","{'bid': 561.13, 'ask': 561.65}","{'bid': 560.36, 'ask': 561.02}",614,560.86,561.13,560.36,561.12
2025-03-17 10:30:00,2025-03-17T10:30:00,2025-03-17T10:30:00,"{'bid': 561.1, 'ask': 561.33}","{'bid': 561.26, 'ask': 561.47}","{'bid': 561.56, 'ask': 561.95}","{'bid': 560.68, 'ask': 561.19}",598,561.1,561.56,560.68,561.26
2025-03-17 10:45:00,2025-03-17T10:45:00,2025-03-17T10:45:00,"{'bid': 561.28, 'ask': 561.47}","{'bid': 561.73, 'ask': 561.91}","{'bid': 561.85, 'ask': 562.25}","{'bid': 560.96, 'ask': 561.47}",553,561.28,561.85,560.96,561.73
2025-03-17 11:00:00,2025-03-17T11:00:00,2025-03-17T11:00:00,"{'bid': 561.72, 'ask': 561.91}","{'bid': 562.17, 'ask': 562.39}","{'bid': 562.28, 'ask': 562.55}","{'bid': 561.26, 'ask': 561.87}",543,561.72,562.28,561.26,562.17
2025-03-17 11:15:00,2025-03-17T11:15:00,2025-03-17T11:15:00,"{'bid': 562.18, 'ask': 562.39}","{'bid': 561.99, 'ask': 562.14}","{'bid': 562.44, 'ask': 562.64}","{'bid': 561.86, 'ask': 562.12}",557,562.18,562.44,561.86,561.99
2025-03-17 11:30:00,2025-03-17T11:30:00,2025-03-17T11:30:00,"{'bid': 561.99, 'ask': 562.15}","{'bid': 561.9, 'ask': 562.09}","{'bid': 562.35, 'ask': 562.6}","{'bid': 561.25, 'ask': 561.81}",718,561.99,562.35,561.25,561.9
2025-03-17 11:45:00,2025-03-17T11:45:00,2025-03-17T11:45:00,"{'bid': 561.88, 'ask': 562.09}","{'bid': 561.41, 'ask': 561.6}","{'bid': 561.97, 'ask': 562.25}","{'bid': 560.95, 'ask': 561.58}",621,561.88,561.97,560.95,561.41
2025-03-17 12:00:00,2025-03-17T12:00:00,2025-03-17T12:00:00,"{'bid': 561.42, 'ask': 561.62}","{'bid': 561.16, 'ask': 561.35}","{'bid': 561.53, 'ask': 561.95}","{'bid': 560.8, 'ask': 560.98}",1261,561.42,561.53,560.8,561.16
2025-03-17 12:15:00,2025-03-17T12:15:00,2025-03-17T12:15:00,"{'bid': 561.17, 'ask': 561.36}","{'bid': 560.8, 'ask': 561.46}","{'bid': 561.43, 'ask': 561.95}","{'bid': 560.8, 'ask': 561.12}",1260,561.17,561.43,560.8,560.8
2025-03-17 12:30:00,2025-03-17T12:30:00,2025-03-17T12:30:00,"{'bid': 560.93, 'ask': 561.46}","{'bid': 563.51, 'ask': 563.66}","{'bid': 563.85, 'ask': 564.04}","{'bid': 560.05, 'ask': 560.75}",2612,560.93,563.85,560.05,563.51
2025-03-17 12:45:00,2025-03-17T12:45:00,2025-03-17T12:45:00,"{'bid': 563.49, 'ask': 563.66}","{'bid': 563.15, 'ask': 563.27}","{'bid': 563.66, 'ask': 563.8}","{'bid': 562.7, 'ask': 563.09}",1681,563.49,563.66,562.7,563.15
2025-03-17 13:00:00,2025-03-17T13:00:00,2025-03-17T13:00:00,"{'bid': 563.13, 'ask': 563.27}","{'bid': 562.97, 'ask': 563.14}","{'bid': 563.23, 'ask': 563.36}","{'bid': 562.42, 'ask': 562.58}",1711,563.13,563.23,562.42,562.97
2025-03-17 13:15:00,2025-03-17T13:15:00,2025-03-17T13:15:00,"{'bid': 562.96, 'ask': 563.13}","{'bid': 562.64, 'ask': 562.82}","{'bid': 562.98, 'ask': 563.27}","{'bid': 562.15, 'ask': 562.31}",1606,562.96,562.98,562.15,562.64
2025-03-17 13:30:00,2025-03-17T13:30:00,2025-03-17T13:30:00,"{'bid': 562.66, 'ask': 562.94}","{'bid': 565.8, 'ask': 565.93}","{'bid': 566.07, 'ask': 566.2}","{'bid': 562.16, 'ask': 562.42}",6812,562.66,566.07,562.16,565.8
2025-03-17 13:45:00,2025-03-17T13:45:00,2025-03-17T13:45:00,"{'bid': 565.81, 'ask': 565.93}","{'bid': 565.62, 'ask': 565.74}","{'bid': 566.3, 'ask': 566.44}","{'bid': 564.3, 'ask': 564.43}",6254,565.81,566.3,564.3,565.62
2025-03-17 14:00:00,2025-03-17T14:00:00,2025-03-17T14:00:00,"{'bid': 565.59, 'ask': 565.75}","{'bid': 566.12, 'ask': 566.26}","{'bid': 566.22, 'ask': 566.34}","{'bid': 564.24, 'ask': 564.38}",5989,565.59,566.22,564.24,566.12
2025-03-17 14:15:00,2025-03-17T14:15:00,2025-03-17T14:15:00,"{'bid': 566.15, 'ask': 566.3}","{'bid': 564.54, 'ask': 564.68}","{'bid': 566.21, 'ask': 566.35}","{'bid': 564.49, 'ask': 564.62}",5093,566.15,566.21,564.49,564.54
2025-03-17 14:30:00,2025-03-17T14:30:00,2025-03-17T14:30:00,"{'bid': 564.56, 'ask': 564.69}","{'bid': 565.47, 'ask': 565.6}","{'bid': 565.61, 'ask': 565.74}","{'bid': 563.88, 'ask': 564.01}",4845,564.56,565.61,563.88,565.47
2025-03-17 14:45:00,2025-03-17T14:45:00,2025-03-17T14:45:00,"{'bid': 565.46, 'ask': 565.6}","{'bid': 563.93, 'ask': 564.07}","{'bid': 565.51, 'ask': 565.63}","{'bid': 563.62, 'ask': 563.74}",4137,565.46,565.51,563.62,563.93
2025-03-17 15:00:00,2025-03-17T15:00:00,2025-03-17T15:00:00,"{'bid': 563.93, 'ask': 564.08}","{'bid': 564.44, 'ask': 564.58}","{'bid': 564.54, 'ask': 564.68}","{'bid': 563.41, 'ask': 563.53}",4205,563.93,564.54,563.41,564.44
2025-03-17 15:15:00,2025-03-17T15:15:00,2025-03-17T15:15:00,"{'bid': 564.47, 'ask': 564.59}","{'bid': 564.06, 'ask': 564.2}","{'bid': 565.16, 'ask': 565.28}","{'bid': 563.99, 'ask': 564.11}",3507,564.47,565.16,563.99,564.06
2025-03-17 15:30:00,2025-03-17T15:30:00,2025-03-17T15:30:00,"{'bid': 564.07, 'ask': 564.21}","{'bid': 563.26, 'ask': 563.39}","{'bid': 564.42, 'ask': 564.54}","{'bid': 562.75, 'ask': 562.88}",4150,564.07,564.42,562.75,563.26
2025-03-17 15:45:00,2025-03-17T15:45:00,2025-03-17T15:45:00,"{'bid': 563.28, 'ask': 563.4}","{'bid': 563.76, 'ask': 563.88}","{'bid': 564.29, 'ask': 564.41}","{'bid': 563.09, 'ask': 563.22}",3186,563.28,564.29,563.09,563.76
2025-03-17 16:00:00,2025-03-17T16:00:00,2025-03-17T16:00:00,"{'bid': 563.76, 'ask': 563.89}","{'bid': 564.89, 'ask': 565.03}","{'bid': 565.2, 'ask': 565.32}","{'bid': 563.23, 'ask': 563.35}",3196,563.76,565.2,563.23,564.89
2025-03-17 16:15:00,2025-03-17T16:15:00,2025-03-17T16:15:00,"{'bid': 564.89, 'ask': 565.02}","{'bid': 563.77, 'ask': 563.9}","{'bid': 564.98, 'ask': 565.11}","{'bid': 563.65, 'ask': 563.77}",2983,564.89,564.98,563.65,563.77
2025-03-17 16:30:00,2025-03-17T16:30:00,2025-03-17T16:30:00,"{'bid': 563.8, 'ask': 563.93}","{'bid': 563.8, 'ask': 563.93}","{'bid': 564.64, 'ask': 564.76}","{'bid': 563.55, 'ask': 563.69}",3168,563.8,564.64,563.55,563.8
2025-03-17 16:45:00,2025-03-17T16:45:00,2025-03-17T16:45:00,"{'bid': 563.82, 'ask': 563.95}","{'bid': 564.53, 'ask': 564.66}","{'bid': 564.87, 'ask': 565.0}","{'bid': 563.39, 'ask': 563.53}",2842,563.82,564.87,563.39,564.53
2025-03-17 17:00:00,2025-03-17T17:00:00,2025-03-17T17:00:00,"{'bid': 564.52, 'ask': 564.64}","{'bid': 565.05, 'ask': 565.18}","{'bid': 565.07, 'ask': 565.19}","{'bid': 563.9, 'ask': 564.04}",2593,564.52,565.07,563.9,565.05
2025-03-17 17:15:00,2025-03-17T17:15:00,2025-03-17T17:15:00,"{'bid': 565.04, 'ask': 565.18}","{'bid': 565.76, 'ask': 565.88}","{'bid': 565.93, 'ask': 566.05}","{'bid': 564.71, 'ask': 564.83}",2538,565.04,565.93,564.71,565.76
2025-03-17 17:30:00,2025-03-17T17:30:00,2025-03-17T17:30:00,"{'bid': 565.75, 'ask': 565.88}","{'bid': 566.86, 'ask': 566.98}","{'bid': 567.06, 'ask': 567.19}","{'bid': 565.56, 'ask': 565.69}",2650,565.75,567.06,565.56,566.86
2025-03-17 17:45:00,2025-03-17T17:45:00,2025-03-17T17:45:00,"{'bid': 566.87, 'ask': 566.99}","{'bid': 567.05, 'ask': 567.18}","{'bid': 567.31, 'ask': 567.43}","{'bid': 566.42, 'ask': 566.54}",2374,566.87,567.31,566.42,567.05
2025-03-17 18:00:00,2025-03-17T18:00:00,2025-03-17T18:00:00,"{'bid': 567.03, 'ask': 567.16}","{'bid': 568.32, 'ask': 568.44}","{'bid': 568.45, 'ask': 568.57}","{'bid': 567.02, 'ask': 567.15}",2869,567.03,568.45,567.02,568.32
2025-03-17 18:15:00,2025-03-17T18:15:00,2025-03-17T18:15:00,"{'bid': 568.33, 'ask': 568.46}","{'bid': 568.59, 'ask': 568.73}","{'bid': 568.85, 'ask': 568.97}","{'bid': 568.03, 'ask': 568.16}",2490,568.33,568.85,568.03,568.59
2025-03-17 18:30:00,2025-03-17T18:30:00,2025-03-17T18:30:00,"{'bid': 568.59, 'ask': 568.72}","{'bid': 568.89, 'ask': 569.02}","{'bid': 569.08, 'ask': 569.21}","{'bid': 568.43, 'ask': 568.55}",2236,568.59,569.08,568.43,568.89
2025-03-17 18:45:00,2025-03-17T18:45:00,2025-03-17T18:45:00,"{'bid': 568.88, 'ask': 569.02}","{'bid': 569.11, 'ask': 569.25}","{'bid': 569.64, 'ask': 569.77}","{'bid': 568.8, 'ask': 568.93}",2269,568.88,569.64,568.8,569.11
2025-03-17 19:00:00,2025-03-17T19:00:00,2025-03-17T19:00:00,"{'bid': 569.11, 'ask': 569.24}","{'bid': 568.62, 'ask': 568.76}","{'bid': 569.24, 'ask': 569.38}","{'bid': 568.37, 'ask': 568.5}",2888,569.11,569.24,568.37,568.62
2025-03-17 19:15:00,2025-03-17T19:15:00,2025-03-17T19:15:00,"{'bid': 568.63, 'ask': 568.76}","{'bid': 568.98, 'ask': 569.11}","{'bid': 569.04, 'ask': 569.16}","{'bid': 568.33, 'ask': 568.46}",2854,568.63,569.04,568.33,568.98
2025-03-17 19:30:00,2025-03-17T19:30:00,2025-03-17T19:30:00,"{'bid': 568.99, 'ask': 569.12}","{'bid': 568.84, 'ask': 568.96}","{'bid': 569.23, 'ask': 569.35}","{'bid': 568.45, 'ask': 568.57}",3070,568.99,569.23,568.45,568.84
2025-03-17 19:45:00,2025-03-17T19:45:00,2025-03-17T19:45:00,"{'bid': 568.83, 'ask': 568.96}","{'bid': 566.92, 'ask': 567.05}","{'bid': 568.92, 'ask': 569.05}","{'bid': 566.78, 'ask': 566.9}",4749,568.83,568.92,566.78,566.92
2025-03-17 20:00:00,2025-03-17T20:00:00,2025-03-17T20:00:00,"{'bid': 566.91, 'ask': 567.03}","{'bid': 566.66, 'ask': 566.78}","{'bid': 567.09, 'ask': 567.21}","{'bid': 566.29, 'ask': 566.44}",1868,566.91,567.09,566.29,566.66
2025-03-17 20:15:00,2025-03-17T20:15:00,2025-03-17T20:15:00,"{'bid': 566.68, 'ask': 566.83}","{'bid': 566.92, 'ask': 567.07}","{'bid': 566.94, 'ask': 567.11}","{'bid': 566.45, 'ask': 566.6}",671,566.68,566.94,566.45,566.92
2025-03-17 20:30:00,2025-03-17T20:30:00,2025-03-17T20:30:00,"{'bid': 566.9, 'ask': 567.07}","{'bid': 566.86, 'ask': 567.0}","{'bid': 567.07, 'ask': 567.2}","{'bid': 566.8, 'ask': 566.96}",346,566.9,567.07,566.8,566.86
2025-03-17 20:45:00,2025-03-17T20:45:00,2025-03-17T20:45:00,"{'bid': 566.85, 'ask': 567.0}","{'bid': 566.92, 'ask': 567.08}","{'bid': 567.0, 'ask': 567.12}","{'bid': 566.55, 'ask': 566.85}",373,566.85,567.0,566.55,566.92
2025-03-17 21:00:00,2025-03-17T21:00:00,2025-03-17T21:00:00,"{'bid': 566.96, 'ask': 567.08}","{'bid': 566.92, 'ask': 567.1}","{'bid': 566.97, 'ask': 567.1}","{'bid': 566.92, 'ask': 567.07}",7,566.96,566.97,566.92,566.92
2025-03-17 21:15:00,2025-03-17T21:15:00,2025-03-17T21:15:00,"{'bid': 566.96, 'ask': 567.1}","{'bid': 566.58, 'ask': 567.03}","{'bid': 567.0, 'ask': 567.12}","{'bid': 566.58, 'ask': 566.7}",55,566.96,567.0,566.58,566.58
2025-03-17 21:30:00,2025-03-17T21:30:00,2025-03-17T21:30:00,"{'bid': 566.58, 'ask': 566.7}","{'bid': 566.79, 'ask': 566.96}","{'bid': 566.85, 'ask': 567.02}","{'bid': 566.58, 'ask': 566.7}",44,566.58,566.85,566.58,566.79
2025-03-17 21:45:00,2025-03-17T21:45:00,2025-03-17T21:45:00,"{'bid': 566.84, 'ask': 566.97}","{'bid': 566.84, 'ask': 566.98}","{'bid': 566.89, 'ask': 567.04}","{'bid': 566.79, 'ask': 566.93}",42,566.84,566.89,566.79,566.84
2025-03-17 22:00:00,2025-03-17T22:00:00,2025-03-17T22:00:00,"{'bid': 566.81, 'ask': 566.98}","{'bid': 567.13, 'ask': 567.35}","{'bid': 567.34, 'ask': 567.87}","{'bid': 566.7, 'ask': 566.94}",468,566.81,567.34,566.7,567.13
2025-03-17 22:15:00,2025-03-17T22:15:00,2025-03-17T22:15:00,"{'bid': 567.12, 'ask': 567.35}","{'bid': 567.13, 'ask': 567.36}","{'bid': 567.25, 'ask': 567.5}","{'bid': 566.35, 'ask': 567.06}",626,567.12,567.25,566.35,567.13
2025-03-17 22:30:00,2025-03-17T22:30:00,2025-03-17T22:30:00,"{'bid': 567.13, 'ask': 567.35}","{'bid': 567.39, 'ask': 567.59}","{'bid': 567.45, 'ask': 568.06}","{'bid': 567.04, 'ask': 567.35}",446,567.13,567.45,567.04,567.39
2025-03-17 22:45:00,2025-03-17T22:45:00,2025-03-17T22:45:00,"{'bid': 567.47, 'ask': 567.59}","{'bid': 567.39, 'ask': 567.6}","{'bid': 567.47, 'ask': 567.65}","{'bid': 567.14, 'ask': 567.44}",260,567.47,567.47,567.14,567.39
2025-03-17 23:00:00,2025-03-17T23:00:00,2025-03-17T23:00:00,"{'bid': 567.37, 'ask': 567.6}","{'bid': 566.71, 'ask': 566.93}","{'bid': 567.42, 'ask': 567.65}","{'bid': 566.24, 'ask': 566.91}",452,567.37,567.42,566.24,566.71
2025-03-17 23:15:00,2025-03-17T23:15:00,2025-03-17T23:15:00,"{'bid': 566.72, 'ask': 566.91}","{'bid': 566.9, 'ask': 567.11}","{'bid': 567.0, 'ask': 567.65}","{'bid': 566.12, 'ask': 566.86}",534,566.72,567.0,566.12,566.9
2025-03-17 23:30:00,2025-03-17T23:30:00,2025-03-17T23:30:00,"{'bid': 566.92, 'ask': 567.11}","{'bid': 566.92, 'ask': 567.14}","{'bid': 567.0, 'ask': 567.19}","{'bid': 566.46, 'ask': 567.03}",308,566.92,567.0,566.46,566.92
2025-03-17 23:45:00,2025-03-17T23:45:00,2025-03-17T23:45:00,"{'bid': 566.93, 'ask': 567.19}","{'bid': 566.8, 'ask': 567.03}","{'bid': 567.14, 'ask': 567.65}","{'bid': 566.46, 'ask': 566.99}",346,566.93,567.14,566.46,566.8
2025-03-18 08:00:00,2025-03-18T08:00:00,2025-03-18T08:00:00,"{'bid': 565.75, 'ask': 565.98}","{'bid': 566.22, 'ask': 566.44}","{'bid': 566.24, 'ask': 566.6}","{'bid': 565.3, 'ask': 565.74}",1475,565.75,566.24,565.3,566.22
2025-03-18 08:15:00,2025-03-18T08:15:00,2025-03-18T08:15:00,"{'bid': 566.19, 'ask': 566.44}","{'bid': 566.61, 'ask': 566.84}","{'bid': 566.69, 'ask': 567.05}","{'bid': 565.9, 'ask': 566.4}",1149,566.19,566.69,565.9,566.61
2025-03-18 08:30:00,2025-03-18T08:30:00,2025-03-18T08:30:00,"{'bid': 566.61, 'ask': 566.83}","{'bid': 566.67, 'ask': 566.88}","{'bid': 567.28, 'ask': 567.65}","{'bid': 566.36, 'ask': 566.78}",1319,566.61,567.28,566.36,566.67
2025-03-18 08:45:00,2025-03-18T08:45:00,2025-03-18T08:45:00,"{'bid': 566.64, 'ask': 566.88}","{'bid': 566.93, 'ask': 567.14}","{'bid': 566.94, 'ask': 567.35}","{'bid': 566.2, 'ask': 566.6}",943,566.64,566.94,566.2,566.93
2025-03-18 09:00:00,2025-03-18T09:00:00,2025-03-18T09:00:00,"{'bid': 566.95, 'ask': 567.15}","{'bid': 566.95, 'ask': 567.18}","{'bid': 567.05, 'ask': 567.65}","{'bid': 566.35, 'ask': 566.88}",901,566.95,567.05,566.35,566.95
2025-03-18 09:15:00,2025-03-18T09:15:00,2025-03-18T09:15:00,"{'bid': 566.96, 'ask': 567.17}","{'bid': 566.97, 'ask': 567.2}","{'bid': 567.26, 'ask': 567.65}","{'bid': 566.35, 'ask': 566.93}",760,566.96,567.26,566.35,566.97
2025-03-18 09:30:00,2025-03-18T09:30:00,2025-03-18T09:30:00,"{'bid': 566.99, 'ask': 567.65}","{'bid': 566.7, 'ask': 566.91}","{'bid': 567.06, 'ask': 567.65}","{'bid': 566.35, 'ask': 566.71}",964,566.99,567.06,566.35,566.7
2025-03-18 09:45:00,2025-03-18T09:45:00,2025-03-18T09:45:00,"{'bid': 566.69, 'ask': 566.9}","{'bid': 566.1, 'ask': 566.31}","{'bid': 566.77, 'ask': 567.35}","{'bid': 565.97, 'ask': 566.22}",843,566.69,566.77,565.97,566.1
2025-03-18 10:00:00,2025-03-18T10:00:00,2025-03-18T10:00:00,"{'bid': 565.95, 'ask': 566.3}","{'bid': 565.29, 'ask': 565.5}","{'bid': 566.13, 'ask': 566.75}","{'bid': 564.55, 'ask': 565.18}",1360,565.95,566.13,564.55,565.29
2025-03-18 10:15:00,2025-03-18T10:15:00,2025-03-18T10:15:00,"{'bid': 565.27, 'ask': 565.5}","{'bid': 565.36, 'ask': 565.57}","{'bid': 565.56, 'ask': 566.05}","{'bid': 563.95, 'ask': 564.49}",1726,565.27,565.56,563.95,565.36
2025-03-18 10:30:00,2025-03-18T10:30:00,2025-03-18T10:30:00,"{'bid': 565.35, 'ask': 565.57}","{'bid': 565.37, 'ask': 565.6}","{'bid': 565.43, 'ask': 565.85}","{'bid': 564.25, 'ask': 564.86}",1496,565.35,565.43,564.25,565.37
2025-03-18 10:45:00,2025-03-18T10:45:00,2025-03-18T10:45:00,"{'bid': 565.4, 'ask': 565.63}","{'bid': 565.74, 'ask': 565.95}","{'bid': 565.83, 'ask': 566.05}","{'bid': 564.85, 'ask': 565.5}",859,565.4,565.83,564.85,565.74
2025-03-18 11:00:00,2025-03-18T11:00:00,2025-03-18T11:00:00,"{'bid': 565.8, 'ask': 566.03}","{'bid': 565.9, 'ask': 566.14}","{'bid': 566.23, 'ask': 566.75}","{'bid': 565.35, 'ask': 565.65}",1180,565.8,566.23,565.35,565.9
2025-03-18 11:15:00,2025-03-18T11:15:00,2025-03-18T11:15:00,"{'bid': 565.92, 'ask': 566.14}","{'bid': 565.36, 'ask': 565.57}","{'bid': 566.03, 'ask': 566.45}","{'bid': 565.34, 'ask': 565.56}",910,565.92,566.03,565.34,565.36
2025-03-18 11:30:00,2025-03-18T11:30:00,2025-03-18T11:30:00,"{'bid': 565.33, 'ask': 565.58}","{'bid': 565.13, 'ask': 565.33}","{'bid': 565.4, 'ask': 565.85}","{'bid': 564.55, 'ask': 564.9}",978,565.33,565.4,564.55,565.13
2025-03-18 11:45:00,2025-03-18T11:45:00,2025-03-18T11:45:00,"{'bid': 565.16, 'ask': 565.37}","{'bid': 566.01, 'ask': 566.16}","{'bid': 566.19, 'ask': 566.75}","{'bid': 564.86, 'ask': 565.34}",1181,565.16,566.19,564.86,566.01
2025-03-18 12:00:00,2025-03-18T12:00:00,2025-03-18T12:00:00,"{'bid': 566.0, 'ask': 566.16}","{'bid': 565.46, 'ask': 565.62}","{'bid': 566.0, 'ask': 566.45}","{'bid': 565.06, 'ask': 565.22}",1518,566.0,566.0,565.06,565.46
2025-03-18 12:15:00,2025-03-18T12:15:00,2025-03-18T12:15:00,"{'bid': 565.46, 'ask': 565.64}","{'bid': 565.06, 'ask': 565.82}","{'bid': 565.77, 'ask': 565.96}","{'bid': 565.06, 'ask': 565.25}",1305,565.46,565.77,565.06,565.06
2025-03-18 12:30:00,2025-03-18T12:30:00,2025-03-18T12:30:00,"{'bid': 565.63, 'ask': 566.0}","{'bid': 565.35, 'ask': 565.5}","{'bid': 566.07, 'ask': 567.03}","{'bid': 565.07, 'ask': 565.26}",1734,565.63,566.07,565.07,565.35
2025-03-18 12:45:00,2025-03-18T12:45:00,2025-03-18T12:45:00,"{'bid': 565.36, 'ask': 565.51}","{'bid': 564.48, 'ask': 564.63}","{'bid': 565.65, 'ask': 565.83}","{'bid': 564.26, 'ask': 564.5}",1517,565.36,565.65,564.26,564.48
2025-03-18 13:00:00,2025-03-18T13:00:00,2025-03-18T13:00:00,"{'bid': 564.48, 'ask': 564.62}","{'bid': 564.69, 'ask': 564.89}","{'bid': 564.8, 'ask': 565.01}","{'bid': 564.06, 'ask': 564.2}",2108,564.48,564.8,564.06,564.69
2025-03-18 13:15:00,2025-03-18T13:15:00,2025-03-18T13:15:00,"{'bid': 564.69, 'ask': 564.84}","{'bid': 564.74, 'ask': 564.89}","{'bid': 564.98, 'ask': 565.14}","{'bid': 564.11, 'ask': 564.33}",2314,564.69,564.98,564.11,564.74
2025-03-18 13:30:00,2025-03-18T13:30:00,2025-03-18T13:30:00,"{'bid': 564.74, 'ask': 564.91}","{'bid': 561.66, 'ask': 561.81}","{'bid': 564.95, 'ask': 565.08}","{'bid': 561.61, 'ask': 561.75}",6682,564.74,564.95,561.61,561.66
2025-03-18 13:45:00,2025-03-18T13:45:00,2025-03-18T13:45:00,"{'bid': 561.67, 'ask': 561.8}","{'bid': 560.72, 'ask': 560.85}","{'bid': 562.23, 'ask': 562.35}","{'bid': 560.56, 'ask': 560.69}",8076,561.67,562.23,560.56,560.72
2025-03-18 14:00:00,2025-03-18T14:00:00,2025-03-18T14:00:00,"{'bid': 560.73, 'ask': 560.85}","{'bid': 560.47, 'ask': 560.59}","{'bid': 561.61, 'ask': 561.73}","{'bid': 560.19, 'ask': 560.33}",6728,560.73,561.61,560.19,560.47
2025-03-18 14:15:00,2025-03-18T14:15:00,2025-03-18T14:15:00,"{'bid': 560.49, 'ask': 560.61}","{'bid': 561.25, 'ask': 561.38}","{'bid': 561.42, 'ask': 561.54}","{'bid': 560.09, 'ask': 560.22}",5527,560.49,561.42,560.09,561.25
2025-03-18 14:30:00,2025-03-18T14:30:00,2025-03-18T14:30:00,"{'bid': 561.24, 'ask': 561.38}","{'bid': 561.09, 'ask': 561.23}","{'bid': 562.0, 'ask': 562.13}","{'bid': 560.79, 'ask': 560.91}",5159,561.24,562.0,560.79,561.09
2025-03-18 14:45:00,2025-03-18T14:45:00,2025-03-18T14:45:00,"{'bid': 561.08, 'ask': 561.22}","{'bid': 560.71, 'ask': 560.84}","{'bid': 561.56, 'ask': 561.68}","{'bid': 560.26, 'ask': 560.38}",4601,561.08,561.56,560.26,560.71
2025-03-18 15:00:00,2025-03-18T15:00:00,2025-03-18T15:00:00,"{'bid': 560.73, 'ask': 560.86}","{'bid': 560.17, 'ask': 560.29}","{'bid': 560.86, 'ask': 560.99}","{'bid': 559.27, 'ask': 559.4}",4947,560.73,560.86,559.27,560.17
2025-03-18 15:15:00,2025-03-18T15:15:00,2025-03-18T15:15:00,"{'bid': 560.17, 'ask': 560.3}","{'bid': 559.92, 'ask': 560.05}","{'bid': 560.56, 'ask': 560.69}","{'bid': 559.6, 'ask': 559.72}",4419,560.17,560.56,559.6,559.92
2025-03-18 15:30:00,2025-03-18T15:30:00,2025-03-18T15:30:00,"{'bid': 559.91, 'ask': 560.04}","{'bid': 560.19, 'ask': 560.32}","{'bid': 560.75, 'ask': 560.88}","{'bid': 559.65, 'ask': 559.78}",4034,559.91,560.75,559.65,560.19
2025-03-18 15:45:00,2025-03-18T15:45:00,2025-03-18T15:45:00,"{'bid': 560.17, 'ask': 560.31}","{'bid': 559.55, 'ask': 559.67}","{'bid': 560.51, 'ask': 560.64}","{'bid': 559.01, 'ask': 559.14}",3532,560.17,560.51,559.01,559.55
2025-03-18 16:00:00,2025-03-18T16:00:00,2025-03-18T16:00:00,"{'bid': 559.56, 'ask': 559.68}","{'bid': 560.97, 'ask': 561.09}","{'bid': 561.04, 'ask': 561.16}","{'bid': 559.35, 'ask': 559.48}",3221,559.56,561.04,559.35,560.97
2025-03-18 16:15:00,2025-03-18T16:15:00,2025-03-18T16:15:00,"{'bid': 560.97, 'ask': 561.1}","{'bid': 561.62, 'ask': 561.74}","{'bid': 561.62, 'ask': 561.74}","{'bid': 560.26, 'ask': 560.38}",3072,560.97,561.62,560.26,561.62
2025-03-18 16:30:00,2025-03-18T16:30:00,2025-03-18T16:30:00,"{'bid': 561.61, 'ask': 561.74}","{'bid': 560.07, 'ask': 560.19}","{'bid': 561.75, 'ask': 561.87}","{'bid': 560.0, 'ask': 560.13}",3782,561.61,561.75,560.0,560.07
2025-03-18 16:45:00,2025-03-18T16:45:00,2025-03-18T16:45:00,"{'bid': 560.05, 'ask': 560.19}","{'bid': 560.8, 'ask': 560.92}","{'bid': 561.16, 'ask': 561.29}","{'bid': 559.25, 'ask': 559.38}",4063,560.05,561.16,559.25,560.8
2025-03-18 17:00:00,2025-03-18T17:00:00,2025-03-18T17:00:00,"{'bid': 560.78, 'ask': 560.91}","{'bid': 560.97, 'ask': 561.1}","{'bid': 561.09, 'ask': 561.21}","{'bid': 559.76, 'ask': 559.88}",3484,560.78,561.09,559.76,560.97
2025-03-18 17:15:00,2025-03-18T17:15:00,2025-03-18T17:15:00,"{'bid': 560.98, 'ask': 561.1}","{'bid': 560.49, 'ask': 560.62}","{'bid': 561.16, 'ask': 561.29}","{'bid': 559.2, 'ask': 559.34}",4447,560.98,561.16,559.2,560.49
2025-03-18 17:30:00,2025-03-18T17:30:00,2025-03-18T17:30:00,"{'bid': 560.51, 'ask': 560.63}","{'bid': 560.81, 'ask': 560.94}","{'bid': 561.42, 'ask': 561.55}","{'bid': 559.95, 'ask': 560.09}",4111,560.51,561.42,559.95,560.81
2025-03-18 17:45:00,2025-03-18T17:45:00,2025-03-18T17:45:00,"{'bid': 560.82, 'ask': 560.95}","{'bid': 560.75, 'ask': 560.89}","{'bid': 561.49, 'ask': 561.62}","{'bid': 560.41, 'ask': 560.54}",3478,560.82,561.49,560.41,560.75
2025-03-18 18:00:00,2025-03-18T18:00:00,2025-03-18T18:00:00,"{'bid': 560.75, 'ask': 560.88}","{'bid': 559.77, 'ask': 559.89}","{'bid': 560.88, 'ask': 561.0}","{'bid': 559.67, 'ask': 559.8}",4157,560.75,560.88,559.67,559.77
2025-03-18 18:15:00,2025-03-18T18:15:00,2025-03-18T18:15:00,"{'bid': 559.76, 'ask': 559.88}","{'bid': 560.43, 'ask': 560.56}","{'bid': 561.28, 'ask': 561.4}","{'bid': 559.71, 'ask': 559.84}",3842,559.76,561.28,559.71,560.43
2025-03-18 18:30:00,2025-03-18T18:30:00,2025-03-18T18:30:00,"{'bid': 560.44, 'ask': 560.56}","{'bid': 560.73, 'ask': 560.86}","{'bid': 561.31, 'ask': 561.44}","{'bid': 560.36, 'ask': 560.48}",3338,560.44,561.31,560.36,560.73
2025-03-18 18:45:00,2025-03-18T18:45:00,2025-03-18T18:45:00,"{'bid': 560.72, 'ask': 560.84}","{'bid': 561.33, 'ask': 561.45}","{'bid': 562.14, 'ask': 562.27}","{'bid': 560.72, 'ask': 560.84}",3942,560.72,562.14,560.72,561.33
2025-03-18 19:00:00,2025-03-18T19:00:00,2025-03-18T19:00:00,"{'bid': 561.32, 'ask': 561.44}","{'bid': 561.04, 'ask': 561.16}","{'bid': 561.37, 'ask': 561.5}","{'bid': 560.51, 'ask': 560.63}",3664,561.32,561.37,560.51,561.04
2025-03-18 19:15:00,2025-03-18T19:15:00,2025-03-18T19:15:00,"{'bid': 561.04, 'ask': 561.17}","{'bid': 561.05, 'ask': 561.18}","{'bid': 561.65, 'ask': 561.78}","{'bid': 560.55, 'ask': 560.67}",3606,561.04,561.65,560.55,561.05
2025-03-18 19:30:00,2025-03-18T19:30:00,2025-03-18T19:30:00,"{'bid': 561.06, 'ask': 561.19}","{'bid': 560.61, 'ask': 560.74}","{'bid': 561.4, 'ask': 561.53}","{'bid': 560.39, 'ask': 560.52}",3891,561.06,561.4,560.39,560.61
2025-03-18 19:45:00,2025-03-18T19:45:00,2025-03-18T19:45:00,"{'bid': 560.62, 'ask': 560.74}","{'bid': 560.88, 'ask': 561.0}","{'bid': 561.22, 'ask': 561.34}","{'bid': 559.78, 'ask': 559.91}",5366,560.62,561.22,559.78,560.88
2025-03-18 20:00:00,2025-03-18T20:00:00,2025-03-18T20:00:00,"{'bid': 560.9, 'ask': 561.03}","{'bid': 561.26, 'ask': 561.41}","{'bid': 561.68, 'ask': 562.25}","{'bid': 560.9, 'ask': 561.03}",1538,560.9,561.68,560.9,561.26
2025-03-18 20:15:00,2025-03-18T20:15:00,2025-03-18T20:15:00,"{'bid': 561.19, 'ask': 561.38}","{'bid': 560.97, 'ask': 561.13}","{'bid': 561.3, 'ask': 561.63}","{'bid': 560.83, 'ask': 560.95}",604,561.19,561.3,560.83,560.97
2025-03-18 20:30:00,2025-03-18T20:30:00,2025-03-18T20:30:00,"{'bid': 560.99, 'ask': 561.14}","{'bid': 560.9, 'ask': 561.06}","{'bid': 561.03, 'ask': 561.24}","{'bid': 560.7, 'ask': 560.92}",335,560.99,561.03,560.7,560.9
2025-03-18 20:45:00,2025-03-18T20:45:00,2025-03-18T20:45:00,"{'bid': 560.9, 'ask': 561.09}","{'bid': 560.84, 'ask': 561.0}","{'bid': 560.99, 'ask': 561.24}","{'bid': 560.7, 'ask': 560.85}",361,560.9,560.99,560.7,560.84
2025-03-18 21:00:00,2025-03-18T21:00:00,2025-03-18T21:00:00,"{'bid': 560.81, 'ask': 561.0}","{'bid': 560.8, 'ask': 560.99}","{'bid': 560.95, 'ask': 561.14}","{'bid': 560.7, 'ask': 560.95}",54,560.81,560.95,560.7,560.8
2025-03-18 21:15:00,2025-03-18T21:15:00,2025-03-18T21:15:00,"{'bid': 560.79, 'ask': 560.99}","{'bid': 560.8, 'ask': 561.01}","{'bid': 560.86, 'ask': 561.04}","{'bid': 560.79, 'ask': 560.92}",21,560.79,560.86,560.79,560.8
2025-03-18 21:30:00,2025-03-18T21:30:00,2025-03-18T21:30:00,"{'bid': 560.8, 'ask': 561.04}","{'bid': 560.88, 'ask': 561.06}","{'bid': 560.88, 'ask': 561.06}","{'bid': 560.8, 'ask': 560.97}",18,560.8,560.88,560.8,560.88
2025-03-18 21:45:00,2025-03-18T21:45:00,2025-03-18T21:45:00,"{'bid': 560.87, 'ask': 561.06}","{'bid': 560.87, 'ask': 561.25}","{'bid': 560.98, 'ask': 561.25}","{'bid': 560.87, 'ask': 561.05}",29,560.87,560.98,560.87,560.87
2025-03-18 22:00:00,2025-03-18T22:00:00,2025-03-18T22:00:00,"{'bid': 560.87, 'ask': 561.28}","{'bid': 560.29, 'ask': 560.5}","{'bid': 560.89, 'ask': 561.28}","{'bid': 559.9, 'ask': 560.38}",538,560.87,560.89,559.9,560.29
2025-03-18 22:15:00,2025-03-18T22:15:00,2025-03-18T22:15:00,"{'bid': 560.29, 'ask': 560.75}","{'bid': 559.92, 'ask': 560.13}","{'bid': 560.41, 'ask': 560.9}","{'bid': 559.6, 'ask': 560.11}",471,560.29,560.41,559.6,559.92
2025-03-18 22:30:00,2025-03-18T22:30:00,2025-03-18T22:30:00,"{'bid': 559.94, 'ask': 560.14}","{'bid': 560.59, 'ask': 560.8}","{'bid': 560.62, 'ask': 561.04}","{'bid': 559.6, 'ask': 560.11}",345,559.94,560.62,559.6,560.59
2025-03-18 22:45:00,2025-03-18T22:45:00,2025-03-18T22:45:00,"{'bid': 560.59, 'ask': 560.79}","{'bid': 560.89, 'ask': 561.1}","{'bid': 561.16, 'ask': 561.31}","{'bid': 560.5, 'ask': 560.76}",472,560.59,561.16,560.5,560.89
2025-03-18 23:00:00,2025-03-18T23:00:00,2025-03-18T23:00:00,"{'bid': 560.89, 'ask': 561.11}","{'bid': 561.0, 'ask': 561.19}","{'bid': 561.13, 'ask': 561.31}","{'bid': 560.65, 'ask': 561.11}",392,560.89,561.13,560.65,561.0
2025-03-18 23:15:00,2025-03-18T23:15:00,2025-03-18T23:15:00,"{'bid': 561.0, 'ask': 561.17}","{'bid': 560.7, 'ask': 560.94}","{'bid': 561.0, 'ask': 561.3}","{'bid': 560.45, 'ask': 560.74}",520,561.0,561.0,560.45,560.7
2025-03-18 23:30:00,2025-03-18T23:30:00,2025-03-18T23:30:00,"{'bid': 560.7, 'ask': 561.2}","{'bid': 560.97, 'ask': 561.2}","{'bid': 561.13, 'ask': 561.31}","{'bid': 560.45, 'ask': 560.8}",431,560.7,561.13,560.45,560.97
2025-03-18 23:45:00,2025-03-18T23:45:00,2025-03-18T23:45:00,"{'bid': 560.96, 'ask': 561.2}","{'bid': 561.05, 'ask': 561.25}","{'bid': 561.18, 'ask': 561.4}","{'bid': 560.65, 'ask': 561.1}",375,560.96,561.18,560.65,561.05
2025-03-19 08:00:00,2025-03-19T08:00:00,2025-03-19T08:00:00,"{'bid': 560.18, 'ask': 560.41}","{'bid': 560.85, 'ask': 561.09}","{'bid': 561.05, 'ask': 561.5}","{'bid': 559.9, 'ask': 560.32}",2017,560.18,561.05,559.9,560.85
2025-03-19 08:15:00,2025-03-19T08:15:00,2025-03-19T08:15:00,"{'bid': 560.88, 'ask': 561.12}","{'bid': 561.28, 'ask': 561.49}","{'bid': 561.37, 'ask': 561.78}","{'bid': 560.35, 'ask': 560.71}",1282,560.88,561.37,560.35,561.28
2025-03-19 08:30:00,2025-03-19T08:30:00,2025-03-19T08:30:00,"{'bid': 561.29, 'ask': 561.51}","{'bid': 561.42, 'ask': 561.63}","{'bid': 561.84, 'ask': 562.25}","{'bid': 561.21, 'ask': 561.43}",1087,561.29,561.84,561.21,561.42
2025-03-19 08:45:00,2025-03-19T08:45:00,2025-03-19T08:45:00,"{'bid': 561.4, 'ask': 561.63}","{'bid': 561.24, 'ask': 561.48}","{'bid': 561.6, 'ask': 562.1}","{'bid': 560.95, 'ask': 561.45}",875,561.4,561.6,560.95,561.24
2025-03-19 09:00:00,2025-03-19T09:00:00,2025-03-19T09:00:00,"{'bid': 561.24, 'ask': 561.47}","{'bid': 560.81, 'ask': 561.01}","{'bid': 561.46, 'ask': 561.95}","{'bid': 560.65, 'ask': 560.99}",1071,561.24,561.46,560.65,560.81
2025-03-19 09:15:00,2025-03-19T09:15:00,2025-03-19T09:15:00,"{'bid': 560.79, 'ask': 561.01}","{'bid': 561.61, 'ask': 561.82}","{'bid': 561.66, 'ask': 562.25}","{'bid': 560.75, 'ask': 560.96}",900,560.79,561.66,560.75,561.61
2025-03-19 09:30:00,2025-03-19T09:30:00,2025-03-19T09:30:00,"{'bid': 561.61, 'ask': 561.81}","{'bid': 561.94, 'ask': 562.17}","{'bid': 562.05, 'ask': 562.55}","{'bid': 561.51, 'ask': 561.72}",710,561.61,562.05,561.51,561.94
2025-03-19 09:45:00,2025-03-19T09:45:00,2025-03-19T09:45:00,"{'bid': 561.94, 'ask': 562.15}","{'bid': 562.21, 'ask': 562.4}","{'bid': 562.33, 'ask': 562.85}","{'bid': 561.55, 'ask': 562.08}",739,561.94,562.33,561.55,562.21
2025-03-19 10:00:00,2025-03-19T10:00:00,2025-03-19T10:00:00,"{'bid': 562.19, 'ask': 562.41}","{'bid': 562.39, 'ask': 562.6}","{'bid': 562.54, 'ask': 563.03}","{'bid': 561.85, 'ask': 562.37}",920,562.19,562.54,561.85,562.39
2025-03-19 10:15:00,2025-03-19T10:15:00,2025-03-19T10:15:00,"{'bid': 562.39, 'ask': 562.61}","{'bid': 562.42, 'ask': 562.62}","{'bid': 562.44, 'ask': 562.85}","{'bid': 561.85, 'ask': 562.37}",779,562.39,562.44,561.85,562.42
2025-03-19 10:30:00,2025-03-19T10:30:00,2025-03-19T10:30:00,"{'bid': 562.41, 'ask': 562.62}","{'bid': 562.2, 'ask': 562.4}","{'bid': 562.67, 'ask': 563.05}","{'bid': 561.85, 'ask': 562.33}",820,562.41,562.67,561.85,562.2
2025-03-19 10:45:00,2025-03-19T10:45:00,2025-03-19T10:45:00,"{'bid': 562.2, 'ask': 562.41}","{'bid': 562.19, 'ask': 562.4}","{'bid': 562.34, 'ask': 562.85}","{'bid': 561.85, 'ask': 562.13}",568,562.2,562.34,561.85,562.19
2025-03-19 11:00:00,2025-03-19T11:00:00,2025-03-19T11:00:00,"{'bid': 562.15, 'ask': 562.38}","{'bid': 562.51, 'ask': 562.72}","{'bid': 562.54, 'ask': 563.05}","{'bid': 561.87, 'ask': 562.31}",565,562.15,562.54,561.87,562.51
2025-03-19 11:15:00,2025-03-19T11:15:00,2025-03-19T11:15:00,"{'bid': 562.51, 'ask': 562.7}","{'bid': 562.39, 'ask': 562.51}","{'bid': 562.55, 'ask': 563.05}","{'bid': 561.87, 'ask': 562.45}",548,562.51,562.55,561.87,562.39
2025-03-19 11:30:00,2025-03-19T11:30:00,2025-03-19T11:30:00,"{'bid': 562.39, 'ask': 562.6}","{'bid': 562.76, 'ask': 562.95}","{'bid': 562.81, 'ask': 563.05}","{'bid': 562.25, 'ask': 562.5}",564,562.39,562.81,562.25,562.76
2025-03-19 11:45:00,2025-03-19T11:45:00,2025-03-19T11:45:00,"{'bid': 562.74, 'ask': 562.94}","{'bid': 562.38, 'ask': 562.58}","{'bid': 562.75, 'ask': 563.05}","{'bid': 561.55, 'ask': 562.0}",1011,562.74,562.75,561.55,562.38
2025-03-19 12:00:00,2025-03-19T12:00:00,2025-03-19T12:00:00,"{'bid': 562.37, 'ask': 562.57}","{'bid': 562.11, 'ask': 562.27}","{'bid': 562.61, 'ask': 562.77}","{'bid': 561.85, 'ask': 562.16}",915,562.37,562.61,561.85,562.11
2025-03-19 12:15:00,2025-03-19T12:15:00,2025-03-19T12:15:00,"{'bid': 562.1, 'ask': 562.26}","{'bid': 561.74, 'ask': 561.9}","{'bid': 562.4, 'ask': 562.75}","{'bid': 561.53, 'ask': 561.74}",1149,562.1,562.4,561.53,561.74
2025-03-19 12:30:00,2025-03-19T12:30:00,2025-03-19T12:30:00,"{'bid': 561.73, 'ask': 561.89}","{'bid': 561.98, 'ask': 562.17}","{'bid': 562.0, 'ask': 562.33}","{'bid': 561.47, 'ask': 561.64}",919,561.73,562.0,561.47,561.98
2025-03-19 12:45:00,2025-03-19T12:45:00,2025-03-19T12:45:00,"{'bid': 561.99, 'ask': 562.16}","{'bid': 561.99, 'ask': 562.16}","{'bid': 562.27, 'ask': 562.42}","{'bid': 561.7, 'ask': 561.94}",793,561.99,562.27,561.7,561.99
2025-03-19 13:00:00,2025-03-19T13:00:00,2025-03-19T13:00:00,"{'bid': 562.02, 'ask': 562.18}","{'bid': 561.93, 'ask': 562.09}","{'bid': 562.25, 'ask': 562.41}","{'bid': 561.55, 'ask': 561.85}",924,562.02,562.25,561.55,561.93
2025-03-19 13:15:00,2025-03-19T13:15:00,2025-03-19T13:15:00,"{'bid': 561.94, 'ask': 562.09}","{'bid': 562.71, 'ask': 562.88}","{'bid': 562.73, 'ask': 563.05}","{'bid': 561.72, 'ask': 561.88}",1509,561.94,562.73,561.72,562.71
2025-03-19 13:30:00,2025-03-19T13:30:00,2025-03-19T13:30:00,"{'bid': 562.79, 'ask': 563.0}","{'bid': 561.84, 'ask': 561.97}","{'bid': 563.16, 'ask': 563.3}","{'bid': 561.57, 'ask': 561.7}",5879,562.79,563.16,561.57,561.84
2025-03-19 13:45:00,2025-03-19T13:45:00,2025-03-19T13:45:00,"{'bid': 561.83, 'ask': 561.97}","{'bid': 563.89, 'ask': 564.03}","{'bid': 564.37, 'ask': 564.51}","{'bid': 561.78, 'ask': 561.91}",4918,561.83,564.37,561.78,563.89
2025-03-19 14:00:00,2025-03-19T14:00:00,2025-03-19T14:00:00,"{'bid': 563.86, 'ask': 564.01}","{'bid': 564.83, 'ask': 564.96}","{'bid': 565.31, 'ask': 565.43}","{'bid': 563.86, 'ask': 564.01}",3953,563.86,565.31,563.86,564.83
2025-03-19 14:15:00,2025-03-19T14:15:00,2025-03-19T14:15:00,"{'bid': 564.85, 'ask': 564.97}","{'bid': 564.42, 'ask': 564.55}","{'bid': 565.14, 'ask': 565.26}","{'bid': 564.34, 'ask': 564.47}",3631,564.85,565.14,564.34,564.42
2025-03-19 14:30:00,2025-03-19T14:30:00,2025-03-19T14:30:00,"{'bid': 564.41, 'ask': 564.53}","{'bid': 563.9, 'ask': 564.03}","{'bid': 564.79, 'ask': 564.92}","{'bid': 563.68, 'ask': 563.8}",3416,564.41,564.79,563.68,563.9
2025-03-19 14:45:00,2025-03-19T14:45:00,2025-03-19T14:45:00,"{'bid': 563.9, 'ask': 564.04}","{'bid': 563.44, 'ask': 563.57}","{'bid': 564.15, 'ask': 564.27}","{'bid': 563.24, 'ask': 563.37}",3145,563.9,564.15,563.24,563.44
2025-03-19 15:00:00,2025-03-19T15:00:00,2025-03-19T15:00:00,"{'bid': 563.45, 'ask': 563.58}","{'bid': 564.54, 'ask': 564.67}","{'bid': 564.69, 'ask': 564.82}","{'bid': 563.29, 'ask': 563.41}",2581,563.45,564.69,563.29,564.54
2025-03-19 15:15:00,2025-03-19T15:15:00,2025-03-19T15:15:00,"{'bid': 564.56, 'ask': 564.69}","{'bid': 564.52, 'ask': 564.65}","{'bid': 564.69, 'ask': 564.83}","{'bid': 563.52, 'ask': 563.65}",2520,564.56,564.69,563.52,564.52
2025-03-19 15:30:00,2025-03-19T15:30:00,2025-03-19T15:30:00,"{'bid': 564.52, 'ask': 564.66}","{'bid': 565.06, 'ask': 565.19}","{'bid': 565.18, 'ask': 565.3}","{'bid': 564.29, 'ask': 564.42}",2172,564.52,565.18,564.29,565.06
2025-03-19 15:45:00,2025-03-19T15:45:00,2025-03-19T15:45:00,"{'bid': 565.07, 'ask': 565.2}","{'bid': 565.72, 'ask': 565.84}","{'bid': 566.23, 'ask': 566.35}","{'bid': 564.93, 'ask': 565.06}",2362,565.07,566.23,564.93,565.72
2025-03-19 16:00:00,2025-03-19T16:00:00,2025-03-19T16:00:00,"{'bid': 565.7, 'ask': 565.82}","{'bid': 565.26, 'ask': 565.39}","{'bid': 566.14, 'ask': 566.27}","{'bid': 565.13, 'ask': 565.26}",2362,565.7,566.14,565.13,565.26
2025-03-19 16:15:00,2025-03-19T16:15:00,2025-03-19T16:15:00,"{'bid': 565.26, 'ask': 565.4}","{'bid': 565.49, 'ask': 565.61}","{'bid': 565.57, 'ask': 565.7}","{'bid': 564.98, 'ask': 565.11}",2004,565.26,565.57,564.98,565.49
2025-03-19 16:30:00,2025-03-19T16:30:00,2025-03-19T16:30:00,"{'bid': 565.46, 'ask': 565.59}","{'bid': 565.03, 'ask': 565.15}","{'bid': 565.58, 'ask': 565.71}","{'bid': 564.81, 'ask': 564.94}",2086,565.46,565.58,564.81,565.03
2025-03-19 16:45:00,2025-03-19T16:45:00,2025-03-19T16:45:00,"{'bid': 565.02, 'ask': 565.15}","{'bid': 564.88, 'ask': 565.01}","{'bid': 565.34, 'ask': 565.46}","{'bid': 564.61, 'ask': 564.73}",1850,565.02,565.34,564.61,564.88
2025-03-19 17:00:00,2025-03-19T17:00:00,2025-03-19T17:00:00,"{'bid': 564.89, 'ask': 565.02}","{'bid': 563.59, 'ask': 563.73}","{'bid': 565.1, 'ask': 565.23}","{'bid': 563.49, 'ask': 563.62}",2327,564.89,565.1,563.49,563.59
2025-03-19 17:15:00,2025-03-19T17:15:00,2025-03-19T17:15:00,"{'bid': 563.6, 'ask': 563.73}","{'bid': 563.3, 'ask': 563.42}","{'bid': 563.9, 'ask': 564.03}","{'bid': 563.23, 'ask': 563.35}",2381,563.6,563.9,563.23,563.3
2025-03-19 17:30:00,2025-03-19T17:30:00,2025-03-19T17:30:00,"{'bid': 563.3, 'ask': 563.43}","{'bid': 563.54, 'ask': 563.67}","{'bid': 564.19, 'ask': 564.31}","{'bid': 562.85, 'ask': 562.97}",2630,563.3,564.19,562.85,563.54
2025-03-19 17:45:00,2025-03-19T17:45:00,2025-03-19T17:45:00,"{'bid': 563.54, 'ask': 563.66}","{'bid': 563.12, 'ask': 563.25}","{'bid': 563.68, 'ask': 563.81}","{'bid': 562.62, 'ask': 562.77}",2578,563.54,563.68,562.62,563.12
2025-03-19 18:00:00,2025-03-19T18:00:00,2025-03-19T18:00:00,"{'bid': 563.13, 'ask': 563.28}","{'bid': 565.1, 'ask': 565.22}","{'bid': 565.55, 'ask': 565.69}","{'bid': 562.07, 'ask': 562.66}",6205,563.13,565.55,562.07,565.1
2025-03-19 18:15:00,2025-03-19T18:15:00,2025-03-19T18:15:00,"{'bid': 565.08, 'ask': 565.21}","{'bid': 564.55, 'ask': 564.69}","{'bid': 565.81, 'ask': 565.94}","{'bid': 564.29, 'ask': 564.43}",4484,565.08,565.81,564.29,564.55
2025-03-19 18:30:00,2025-03-19T18:30:00,2025-03-19T18:30:00,"{'bid': 564.54, 'ask': 564.68}","{'bid': 566.88, 'ask': 567.02}","{'bid': 567.15, 'ask': 567.28}","{'bid': 564.5, 'ask': 564.63}",5586,564.54,567.15,564.5,566.88
2025-03-19 18:45:00,2025-03-19T18:45:00,2025-03-19T18:45:00,"{'bid': 566.87, 'ask': 567.01}","{'bid': 568.18, 'ask': 568.32}","{'bid': 568.46, 'ask': 568.59}","{'bid': 566.34, 'ask': 566.48}",5545,566.87,568.46,566.34,568.18
2025-03-19 19:00:00,2025-03-19T19:00:00,2025-03-19T19:00:00,"{'bid': 568.17, 'ask': 568.31}","{'bid': 569.97, 'ask': 570.1}","{'bid': 570.88, 'ask': 571.01}","{'bid': 568.1, 'ask': 568.22}",5625,568.17,570.88,568.1,569.97
2025-03-19 19:15:00,2025-03-19T19:15:00,2025-03-19T19:15:00,"{'bid': 569.98, 'ask': 570.11}","{'bid': 567.15, 'ask': 567.29}","{'bid': 570.3, 'ask': 570.42}","{'bid': 566.52, 'ask': 566.65}",5882,569.98,570.3,566.52,567.15
2025-03-19 19:30:00,2025-03-19T19:30:00,2025-03-19T19:30:00,"{'bid': 567.15, 'ask': 567.28}","{'bid': 569.16, 'ask': 569.29}","{'bid': 569.28, 'ask': 569.42}","{'bid': 566.87, 'ask': 567.01}",5700,567.15,569.28,566.87,569.16
2025-03-19 19:45:00,2025-03-19T19:45:00,2025-03-19T19:45:00,"{'bid': 569.18, 'ask': 569.3}","{'bid': 566.89, 'ask': 567.02}","{'bid': 569.29, 'ask': 569.43}","{'bid': 566.63, 'ask': 566.75}",6291,569.18,569.29,566.63,566.89
2025-03-19 20:00:00,2025-03-19T20:00:00,2025-03-19T20:00:00,"{'bid': 566.9, 'ask': 567.03}","{'bid': 567.33, 'ask': 567.47}","{'bid': 567.57, 'ask': 567.73}","{'bid': 566.9, 'ask': 567.03}",1654,566.9,567.57,566.9,567.33
2025-03-19 20:15:00,2025-03-19T20:15:00,2025-03-19T20:15:00,"{'bid': 567.33, 'ask': 567.49}","{'bid': 567.12, 'ask': 567.28}","{'bid': 567.48, 'ask': 567.79}","{'bid': 567.01, 'ask': 567.2}",562,567.33,567.48,567.01,567.12
2025-03-19 20:30:00,2025-03-19T20:30:00,2025-03-19T20:30:00,"{'bid': 567.11, 'ask': 567.27}","{'bid': 566.99, 'ask': 567.15}","{'bid': 567.19, 'ask': 567.89}","{'bid': 566.95, 'ask': 567.09}",408,567.11,567.19,566.95,566.99
2025-03-19 20:45:00,2025-03-19T20:45:00,2025-03-19T20:45:00,"{'bid': 566.95, 'ask': 567.12}","{'bid': 566.94, 'ask': 567.1}","{'bid': 567.06, 'ask': 567.29}","{'bid': 566.89, 'ask': 567.02}",441,566.95,567.06,566.89,566.94
2025-03-19 21:00:00,2025-03-19T21:00:00,2025-03-19T21:00:00,"{'bid': 566.91, 'ask': 567.15}","{'bid': 567.11, 'ask': 567.24}","{'bid': 567.11, 'ask': 567.24}","{'bid': 566.91, 'ask': 567.09}",36,566.91,567.11,566.91,567.11
2025-03-19 21:15:00,2025-03-19T21:15:00,2025-03-19T21:15:00,"{'bid': 567.12, 'ask': 567.25}","{'bid': 567.08, 'ask': 567.28}","{'bid': 567.17, 'ask': 567.29}","{'bid': 567.07, 'ask': 567.24}",43,567.12,567.17,567.07,567.08
2025-03-19 21:30:00,2025-03-19T21:30:00,2025-03-19T21:30:00,"{'bid': 567.08, 'ask': 567.29}","{'bid': 567.11, 'ask': 567.33}","{'bid': 567.2, 'ask': 567.34}","{'bid': 567.08, 'ask': 567.21}",29,567.08,567.2,567.08,567.11
2025-03-19 21:45:00,2025-03-19T21:45:00,2025-03-19T21:45:00,"{'bid': 567.13, 'ask': 567.33}","{'bid': 567.17, 'ask': 567.36}","{'bid': 567.17, 'ask': 567.4}","{'bid': 567.09, 'ask': 567.22}",32,567.13,567.17,567.09,567.17
2025-03-19 22:00:00,2025-03-19T22:00:00,2025-03-19T22:00:00,"{'bid': 567.16, 'ask': 567.36}","{'bid': 567.95, 'ask': 568.2}","{'bid': 567.97, 'ask': 568.85}","{'bid': 567.03, 'ask': 567.16}",675,567.16,567.97,567.03,567.95
2025-03-19 22:15:00,2025-03-19T22:15:00,2025-03-19T22:15:00,"{'bid': 567.96, 'ask': 568.2}","{'bid': 567.97, 'ask': 568.17}","{'bid': 568.05, 'ask': 568.47}","{'bid': 567.72, 'ask': 567.93}",397,567.96,568.05,567.72,567.97
2025-03-19 22:30:00,2025-03-19T22:30:00,2025-03-19T22:30:00,"{'bid': 567.97, 'ask': 568.47}","{'bid': 568.03, 'ask': 568.47}","{'bid': 568.25, 'ask': 568.47}","{'bid': 567.82, 'ask': 568.06}",442,567.97,568.25,567.82,568.03
2025-03-19 22:45:00,2025-03-19T22:45:00,2025-03-19T22:45:00,"{'bid': 568.15, 'ask': 568.37}","{'bid': 568.24, 'ask': 568.46}","{'bid': 568.61, 'ask': 569.05}","{'bid': 568.03, 'ask': 568.35}",526,568.15,568.61,568.03,568.24
2025-03-19 23:00:00,2025-03-19T23:00:00,2025-03-19T23:00:00,"{'bid': 568.26, 'ask': 568.46}","{'bid': 568.13, 'ask': 568.31}","{'bid': 568.34, 'ask': 568.55}","{'bid': 568.05, 'ask': 568.26}",532,568.26,568.34,568.05,568.13
2025-03-19 23:15:00,2025-03-19T23:15:00,2025-03-19T23:15:00,"{'bid': 568.14, 'ask': 568.31}","{'bid': 568.27, 'ask': 568.48}","{'bid': 568.31, 'ask': 568.55}","{'bid': 568.06, 'ask': 568.26}",284,568.14,568.31,568.06,568.27
2025-03-19 23:30:00,2025-03-19T23:30:00,2025-03-19T23:30:00,"{'bid': 568.28, 'ask': 568.48}","{'bid': 568.37, 'ask': 568.54}","{'bid': 568.47, 'ask': 568.64}","{'bid': 568.07, 'ask': 568.31}",357,568.28,568.47,568.07,568.37
2025-03-19 23:45:00,2025-03-19T23:45:00,2025-03-19T23:45:00,"{'bid': 568.37, 'ask': 568.55}","{'bid': 568.64, 'ask': 568.84}","{'bid': 568.71, 'ask': 569.45}","{'bid': 568.37, 'ask': 568.54}",401,568.37,568.71,568.37,568.64
2025-03-20 08:00:00,2025-03-20T08:00:00,2025-03-20T08:00:00,"{'bid': 568.99, 'ask': 569.27}","{'bid': 569.6, 'ask': 569.82}","{'bid': 569.6, 'ask': 570.05}","{'bid': 568.45, 'ask': 569.17}",1456,568.99,569.6,568.45,569.6
2025-03-20 08:15:00,2025-03-20T08:15:00,2025-03-20T08:15:00,"{'bid': 569.59, 'ask': 569.82}","{'bid': 569.57, 'ask': 569.78}","{'bid': 569.67, 'ask': 570.05}","{'bid': 568.75, 'ask': 569.62}",694,569.59,569.67,568.75,569.57
2025-03-20 08:30:00,2025-03-20T08:30:00,2025-03-20T08:30:00,"{'bid': 569.56, 'ask': 570.04}","{'bid': 569.53, 'ask': 569.72}","{'bid': 569.73, 'ask': 570.05}","{'bid': 568.75, 'ask': 569.67}",721,569.56,569.73,568.75,569.53
2025-03-20 08:45:00,2025-03-20T08:45:00,2025-03-20T08:45:00,"{'bid': 569.53, 'ask': 569.73}","{'bid': 569.29, 'ask': 569.51}","{'bid': 569.59, 'ask': 569.85}","{'bid': 568.75, 'ask': 569.39}",756,569.53,569.59,568.75,569.29
2025-03-20 09:00:00,2025-03-20T09:00:00,2025-03-20T09:00:00,"{'bid': 569.31, 'ask': 569.54}","{'bid': 568.82, 'ask': 569.03}","{'bid': 569.38, 'ask': 569.85}","{'bid': 568.45, 'ask': 569.01}",1086,569.31,569.38,568.45,568.82
2025-03-20 09:15:00,2025-03-20T09:15:00,2025-03-20T09:15:00,"{'bid': 568.81, 'ask': 569.03}","{'bid': 568.1, 'ask': 568.29}","{'bid': 568.91, 'ask': 569.75}","{'bid': 567.55, 'ask': 568.26}",1278,568.81,568.91,567.55,568.1
2025-03-20 09:30:00,2025-03-20T09:30:00,2025-03-20T09:30:00,"{'bid': 568.1, 'ask': 568.3}","{'bid': 567.58, 'ask': 567.84}","{'bid': 568.17, 'ask': 568.85}","{'bid': 566.95, 'ask': 567.63}",1604,568.1,568.17,566.95,567.58
2025-03-20 09:45:00,2025-03-20T09:45:00,2025-03-20T09:45:00,"{'bid': 567.59, 'ask': 567.82}","{'bid': 566.97, 'ask': 567.16}","{'bid': 567.62, 'ask': 568.55}","{'bid': 566.05, 'ask': 566.79}",1741,567.59,567.62,566.05,566.97
2025-03-20 10:00:00,2025-03-20T10:00:00,2025-03-20T10:00:00,"{'bid': 567.02, 'ask': 567.94}","{'bid': 565.23, 'ask': 565.42}","{'bid': 567.02, 'ask': 567.94}","{'bid': 564.25, 'ask': 565.1}",2249,567.02,567.02,564.25,565.23
2025-03-20 10:15:00,2025-03-20T10:15:00,2025-03-20T10:15:00,"{'bid': 565.21, 'ask': 565.38}","{'bid': 563.11, 'ask': 563.3}","{'bid': 565.26, 'ask': 565.55}","{'bid': 561.85, 'ask': 562.54}",3932,565.21,565.26,561.85,563.11
2025-03-20 10:30:00,2025-03-20T10:30:00,2025-03-20T10:30:00,"{'bid': 563.1, 'ask': 563.3}","{'bid': 562.82, 'ask': 563.02}","{'bid': 563.66, 'ask': 564.05}","{'bid': 561.9, 'ask': 562.63}",3199,563.1,563.66,561.9,562.82
2025-03-20 10:45:00,2025-03-20T10:45:00,2025-03-20T10:45:00,"{'bid': 562.81, 'ask': 563.01}","{'bid': 564.14, 'ask': 564.35}","{'bid': 564.37, 'ask': 564.58}","{'bid': 562.25, 'ask': 562.98}",2228,562.81,564.37,562.25,564.14
2025-03-20 11:00:00,2025-03-20T11:00:00,2025-03-20T11:00:00,"{'bid': 564.14, 'ask': 564.34}","{'bid': 564.53, 'ask': 564.77}","{'bid': 564.58, 'ask': 564.95}","{'bid': 563.38, 'ask': 564.09}",1747,564.14,564.58,563.38,564.53
2025-03-20 11:15:00,2025-03-20T11:15:00,2025-03-20T11:15:00,"{'bid': 564.54, 'ask': 564.77}","{'bid': 564.16, 'ask': 564.35}","{'bid': 565.03, 'ask': 565.55}","{'bid': 563.95, 'ask': 564.26}",1535,564.54,565.03,563.95,564.16
2025-03-20 11:30:00,2025-03-20T11:30:00,2025-03-20T11:30:00,"{'bid': 564.13, 'ask': 564.34}","{'bid': 564.91, 'ask': 565.08}","{'bid': 564.98, 'ask': 565.85}","{'bid': 563.34, 'ask': 563.84}",1661,564.13,564.98,563.34,564.91
2025-03-20 11:45:00,2025-03-20T11:45:00,2025-03-20T11:45:00,"{'bid': 564.91, 'ask': 565.09}","{'bid': 565.07, 'ask': 565.34}","{'bid': 565.25, 'ask': 565.85}","{'bid': 564.45, 'ask': 564.96}",1295,564.91,565.25,564.45,565.07
2025-03-20 12:00:00,2025-03-20T12:00:00,2025-03-20T12:00:00,"{'bid': 565.11, 'ask': 565.85}","{'bid': 564.71, 'ask': 564.89}","{'bid': 565.23, 'ask': 566.1}","{'bid': 564.63, 'ask': 564.84}",1691,565.11,565.23,564.63,564.71
2025-03-20 12:15:00,2025-03-20T12:15:00,2025-03-20T12:15:00,"{'bid': 564.72, 'ask': 564.89}","{'bid': 564.46, 'ask': 564.73}","{'bid': 564.82, 'ask': 565.18}","{'bid': 563.96, 'ask': 564.41}",1476,564.72,564.82,563.96,564.46
2025-03-20 12:30:00,2025-03-20T12:30:00,2025-03-20T12:30:00,"{'bid': 564.46, 'ask': 564.8}","{'bid': 564.69, 'ask': 564.86}","{'bid': 565.06, 'ask': 565.24}","{'bid': 564.4, 'ask': 564.58}",1605,564.46,565.06,564.4,564.69
2025-03-20 12:45:00,2025-03-20T12:45:00,2025-03-20T12:45:00,"{'bid': 564.7, 'ask': 564.87}","{'bid': 564.25, 'ask': 564.41}","{'bid': 564.88, 'ask': 565.04}","{'bid': 563.95, 'ask': 564.36}",1255,564.7,564.88,563.95,564.25
2025-03-20 13:00:00,2025-03-20T13:00:00,2025-03-20T13:00:00,"{'bid': 564.25, 'ask': 564.44}","{'bid': 563.96, 'ask': 564.12}","{'bid': 564.27, 'ask': 564.65}","{'bid': 563.35, 'ask': 563.6}",1905,564.25,564.27,563.35,563.96
2025-03-20 13:15:00,2025-03-20T13:15:00,2025-03-20T13:15:00,"{'bid': 563.96, 'ask': 564.11}","{'bid': 563.22, 'ask': 563.38}","{'bid': 564.11, 'ask': 564.65}","{'bid': 562.75, 'ask': 563.26}",1642,563.96,564.11,562.75,563.22
2025-03-20 13:30:00,2025-03-20T13:30:00,2025-03-20T13:30:00,"{'bid': 563.23, 'ask': 563.39}","{'bid': 565.11, 'ask': 565.23}","{'bid': 565.43, 'ask': 565.55}","{'bid': 562.55, 'ask': 562.67}",6231,563.23,565.43,562.55,565.11
2025-03-20 13:45:00,2025-03-20T13:45:00,2025-03-20T13:45:00,"{'bid': 565.1, 'ask': 565.22}","{'bid': 566.54, 'ask': 566.67}","{'bid': 566.7, 'ask': 566.83}","{'bid': 565.03, 'ask': 565.16}",4372,565.1,566.7,565.03,566.54
2025-03-20 14:00:00,2025-03-20T14:00:00,2025-03-20T14:00:00,"{'bid': 566.57, 'ask': 566.7}","{'bid': 568.17, 'ask': 568.31}","{'bid': 568.65, 'ask': 568.78}","{'bid': 566.4, 'ask': 566.52}",5141,566.57,568.65,566.4,568.17
2025-03-20 14:15:00,2025-03-20T14:15:00,2025-03-20T14:15:00,"{'bid': 568.18, 'ask': 568.32}","{'bid': 569.43, 'ask': 569.57}","{'bid': 569.99, 'ask': 570.12}","{'bid': 567.6, 'ask': 567.73}",4305,568.18,569.99,567.6,569.43
2025-03-20 14:30:00,2025-03-20T14:30:00,2025-03-20T14:30:00,"{'bid': 569.42, 'ask': 569.54}","{'bid': 570.22, 'ask': 570.35}","{'bid': 570.43, 'ask': 570.55}","{'bid': 568.78, 'ask': 568.91}",4058,569.42,570.43,568.78,570.22
2025-03-20 14:45:00,2025-03-20T14:45:00,2025-03-20T14:45:00,"{'bid': 570.22, 'ask': 570.34}","{'bid': 569.34, 'ask': 569.47}","{'bid': 570.5, 'ask': 570.63}","{'bid': 569.13, 'ask': 569.26}",3876,570.22,570.5,569.13,569.34
2025-03-20 15:00:00,2025-03-20T15:00:00,2025-03-20T15:00:00,"{'bid': 569.33, 'ask': 569.47}","{'bid': 569.57, 'ask': 569.7}","{'bid': 569.84, 'ask': 569.96}","{'bid': 568.76, 'ask': 568.88}",4000,569.33,569.84,568.76,569.57
2025-03-20 15:15:00,2025-03-20T15:15:00,2025-03-20T15:15:00,"{'bid': 569.55, 'ask': 569.68}","{'bid': 568.89, 'ask': 569.01}","{'bid': 569.66, 'ask': 569.79}","{'bid': 568.63, 'ask': 568.75}",3308,569.55,569.66,568.63,568.89
2025-03-20 15:30:00,2025-03-20T15:30:00,2025-03-20T15:30:00,"{'bid': 568.87, 'ask': 569.0}","{'bid': 568.99, 'ask': 569.11}","{'bid': 569.14, 'ask': 569.27}","{'bid': 567.62, 'ask': 567.76}",3590,568.87,569.14,567.62,568.99
2025-03-20 15:45:00,2025-03-20T15:45:00,2025-03-20T15:45:00,"{'bid': 568.99, 'ask': 569.12}","{'bid': 568.1, 'ask': 568.23}","{'bid': 569.51, 'ask': 569.64}","{'bid': 567.99, 'ask': 568.11}",2666,568.99,569.51,567.99,568.1
2025-03-20 16:00:00,2025-03-20T16:00:00,2025-03-20T16:00:00,"{'bid': 568.08, 'ask': 568.21}","{'bid': 567.92, 'ask': 568.05}","{'bid': 569.32, 'ask': 569.47}","{'bid': 567.21, 'ask': 567.33}",3383,568.08,569.32,567.21,567.92
2025-03-20 16:15:00,2025-03-20T16:15:00,2025-03-20T16:15:00,"{'bid': 567.94, 'ask': 568.07}","{'bid': 566.17, 'ask': 566.29}","{'bid': 567.96, 'ask': 568.08}","{'bid': 565.9, 'ask': 566.04}",3444,567.94,567.96,565.9,566.17
2025-03-20 16:30:00,2025-03-20T16:30:00,2025-03-20T16:30:00,"{'bid': 566.14, 'ask': 566.27}","{'bid': 566.04, 'ask': 566.16}","{'bid': 566.99, 'ask': 567.11}","{'bid': 565.82, 'ask': 565.95}",3902,566.14,566.99,565.82,566.04
2025-03-20 16:45:00,2025-03-20T16:45:00,2025-03-20T16:45:00,"{'bid': 566.04, 'ask': 566.17}","{'bid': 565.81, 'ask': 565.93}","{'bid': 566.61, 'ask': 566.73}","{'bid': 565.56, 'ask': 565.68}",3166,566.04,566.61,565.56,565.81
2025-03-20 17:00:00,2025-03-20T17:00:00,2025-03-20T17:00:00,"{'bid': 565.79, 'ask': 565.93}","{'bid': 566.88, 'ask': 567.01}","{'bid': 567.15, 'ask': 567.28}","{'bid': 565.73, 'ask': 565.85}",2721,565.79,567.15,565.73,566.88
2025-03-20 17:15:00,2025-03-20T17:15:00,2025-03-20T17:15:00,"{'bid': 566.86, 'ask': 566.99}","{'bid': 564.66, 'ask': 564.79}","{'bid': 566.92, 'ask': 567.04}","{'bid': 564.63, 'ask': 564.75}",2999,566.86,566.92,564.63,564.66
2025-03-20 17:30:00,2025-03-20T17:30:00,2025-03-20T17:30:00,"{'bid': 564.68, 'ask': 564.8}","{'bid': 565.86, 'ask': 565.98}","{'bid': 565.9, 'ask': 566.03}","{'bid': 564.58, 'ask': 564.71}",2966,564.68,565.9,564.58,565.86
2025-03-20 17:45:00,2025-03-20T17:45:00,2025-03-20T17:45:00,"{'bid': 565.85, 'ask': 565.98}","{'bid': 565.11, 'ask': 565.23}","{'bid': 566.44, 'ask': 566.56}","{'bid': 564.75, 'ask': 564.87}",2741,565.85,566.44,564.75,565.11
2025-03-20 18:00:00,2025-03-20T18:00:00,2025-03-20T18:00:00,"{'bid': 565.11, 'ask': 565.24}","{'bid': 565.63, 'ask': 565.76}","{'bid': 566.14, 'ask': 566.26}","{'bid': 565.0, 'ask': 565.14}",2584,565.11,566.14,565.0,565.63
2025-03-20 18:15:00,2025-03-20T18:15:00,2025-03-20T18:15:00,"{'bid': 565.62, 'ask': 565.75}","{'bid': 564.07, 'ask': 564.21}","{'bid': 565.88, 'ask': 566.0}","{'bid': 563.99, 'ask': 564.11}",3200,565.62,565.88,563.99,564.07
2025-03-20 18:30:00,2025-03-20T18:30:00,2025-03-20T18:30:00,"{'bid': 564.07, 'ask': 564.2}","{'bid': 564.09, 'ask': 564.22}","{'bid': 564.76, 'ask': 564.89}","{'bid': 563.72, 'ask': 563.85}",3266,564.07,564.76,563.72,564.09
2025-03-20 18:45:00,2025-03-20T18:45:00,2025-03-20T18:45:00,"{'bid': 564.07, 'ask': 564.2}","{'bid': 564.4, 'ask': 564.54}","{'bid': 565.82, 'ask': 565.94}","{'bid': 564.0, 'ask': 564.14}",2971,564.07,565.82,564.0,564.4
2025-03-20 19:00:00,2025-03-20T19:00:00,2025-03-20T19:00:00,"{'bid': 564.38, 'ask': 564.51}","{'bid': 565.21, 'ask': 565.34}","{'bid': 565.55, 'ask': 565.68}","{'bid': 564.31, 'ask': 564.44}",3050,564.38,565.55,564.31,565.21
2025-03-20 19:15:00,2025-03-20T19:15:00,2025-03-20T19:15:00,"{'bid': 565.2, 'ask': 565.34}","{'bid': 564.61, 'ask': 564.73}","{'bid': 566.26, 'ask': 566.38}","{'bid': 564.49, 'ask': 564.63}",3075,565.2,566.26,564.49,564.61
2025-03-20 19:30:00,2025-03-20T19:30:00,2025-03-20T19:30:00,"{'bid': 564.62, 'ask': 564.74}","{'bid': 565.79, 'ask': 565.92}","{'bid': 565.82, 'ask': 565.95}","{'bid': 564.62, 'ask': 564.74}",3395,564.62,565.82,564.62,565.79
2025-03-20 19:45:00,2025-03-20T19:45:00,2025-03-20T19:45:00,"{'bid': 565.81, 'ask': 565.93}","{'bid': 565.67, 'ask': 565.79}","{'bid': 566.53, 'ask': 566.67}","{'bid': 565.22, 'ask': 565.35}",4760,565.81,566.53,565.22,565.67
2025-03-20 20:00:00,2025-03-20T20:00:00,2025-03-20T20:00:00,"{'bid': 565.68, 'ask': 565.81}","{'bid': 565.81, 'ask': 565.95}","{'bid': 565.95, 'ask': 566.09}","{'bid': 565.45, 'ask': 565.57}",1451,565.68,565.95,565.45,565.81
2025-03-20 20:15:00,2025-03-20T20:15:00,2025-03-20T20:15:00,"{'bid': 565.8, 'ask': 565.94}","{'bid': 565.94, 'ask': 566.09}","{'bid': 566.05, 'ask': 566.38}","{'bid': 565.7, 'ask': 565.92}",494,565.8,566.05,565.7,565.94
2025-03-20 20:30:00,2025-03-20T20:30:00,2025-03-20T20:30:00,"{'bid': 565.93, 'ask': 566.08}","{'bid': 565.75, 'ask': 565.9}","{'bid': 565.98, 'ask': 566.38}","{'bid': 565.71, 'ask': 565.86}",243,565.93,565.98,565.71,565.75
2025-03-20 20:45:00,2025-03-20T20:45:00,2025-03-20T20:45:00,"{'bid': 565.77, 'ask': 565.9}","{'bid': 565.58, 'ask': 565.97}","{'bid': 565.87, 'ask': 566.07}","{'bid': 565.58, 'ask': 565.9}",219,565.77,565.87,565.58,565.58
2025-03-20 21:00:00,2025-03-20T21:00:00,2025-03-20T21:00:00,"{'bid': 565.59, 'ask': 565.97}","{'bid': 565.72, 'ask': 565.97}","{'bid': 565.85, 'ask': 565.97}","{'bid': 565.59, 'ask': 565.87}",26,565.59,565.85,565.59,565.72
2025-03-20 21:15:00,2025-03-20T21:15:00,2025-03-20T21:15:00,"{'bid': 565.73, 'ask': 565.98}","{'bid': 565.71, 'ask': 565.92}","{'bid': 565.9, 'ask': 566.1}","{'bid': 565.71, 'ask': 565.92}",33,565.73,565.9,565.71,565.71
2025-03-20 21:30:00,2025-03-20T21:30:00,2025-03-20T21:30:00,"{'bid': 565.78, 'ask': 565.92}","{'bid': 565.6, 'ask': 565.8}","{'bid': 565.78, 'ask': 566.08}","{'bid': 565.55, 'ask': 565.72}",33,565.78,565.78,565.55,565.6
2025-03-20 21:45:00,2025-03-20T21:45:00,2025-03-20T21:45:00,"{'bid': 565.63, 'ask': 565.8}","{'bid': 565.66, 'ask': 566.42}","{'bid': 565.75, 'ask': 570.0}","{'bid': 565.42, 'ask': 565.79}",26,565.63,565.75,565.42,565.66
2025-03-20 22:00:00,2025-03-20T22:00:00,2025-03-20T22:00:00,"{'bid': 565.66, 'ask': 565.9}","{'bid': 565.56, 'ask': 565.68}","{'bid': 565.84, 'ask': 566.45}","{'bid': 565.42, 'ask': 565.68}",331,565.66,565.84,565.42,565.56
2025-03-20 22:15:00,2025-03-20T22:15:00,2025-03-20T22:15:00,"{'bid': 565.56, 'ask': 565.69}","{'bid': 565.9, 'ask': 566.12}","{'bid': 565.95, 'ask': 566.75}","{'bid': 565.42, 'ask': 565.68}",295,565.56,565.95,565.42,565.9
2025-03-20 22:30:00,2025-03-20T22:30:00,2025-03-20T22:30:00,"{'bid': 565.9, 'ask': 566.75}","{'bid': 565.99, 'ask': 566.19}","{'bid': 566.08, 'ask': 566.75}","{'bid': 565.67, 'ask': 566.02}",214,565.9,566.08,565.67,565.99
2025-03-20 22:45:00,2025-03-20T22:45:00,2025-03-20T22:45:00,"{'bid': 566.0, 'ask': 566.19}","{'bid': 565.66, 'ask': 565.83}","{'bid': 566.0, 'ask': 566.74}","{'bid': 565.01, 'ask': 565.75}",214,566.0,566.0,565.01,565.66
2025-03-20 23:00:00,2025-03-20T23:00:00,2025-03-20T23:00:00,"{'bid': 565.65, 'ask': 565.83}","{'bid': 565.07, 'ask': 565.25}","{'bid': 565.67, 'ask': 566.45}","{'bid': 564.95, 'ask': 565.11}",514,565.65,565.67,564.95,565.07
2025-03-20 23:15:00,2025-03-20T23:15:00,2025-03-20T23:15:00,"{'bid': 565.07, 'ask': 565.84}","{'bid': 565.02, 'ask': 565.2}","{'bid': 565.09, 'ask': 565.85}","{'bid': 564.84, 'ask': 565.03}",412,565.07,565.09,564.84,565.02
2025-03-20 23:30:00,2025-03-20T23:30:00,2025-03-20T23:30:00,"{'bid': 564.99, 'ask': 565.19}","{'bid': 565.18, 'ask': 565.39}","{'bid': 565.23, 'ask': 565.39}","{'bid': 564.84, 'ask': 565.01}",342,564.99,565.23,564.84,565.18
2025-03-20 23:45:00,2025-03-20T23:45:00,2025-03-20T23:45:00,"{'bid': 565.21, 'ask': 565.39}","{'bid': 565.59, 'ask': 565.82}","{'bid': 565.68, 'ask': 566.35}","{'bid': 564.96, 'ask': 565.39}",374,565.21,565.68,564.96,565.59
2025-03-21 08:00:00,2025-03-21T08:00:00,2025-03-21T08:00:00,"{'bid': 562.93, 'ask': 563.14}","{'bid': 563.28, 'ask': 563.44}","{'bid': 563.78, 'ask': 564.2}","{'bid': 562.3, 'ask': 562.92}",1311,562.93,563.78,562.3,563.28
2025-03-21 08:15:00,2025-03-21T08:15:00,2025-03-21T08:15:00,"{'bid': 563.3, 'ask': 563.5}","{'bid': 561.69, 'ask': 561.89}","{'bid': 563.33, 'ask': 563.54}","{'bid': 561.4, 'ask': 561.79}",1645,563.3,563.33,561.4,561.69
2025-03-21 08:30:00,2025-03-21T08:30:00,2025-03-21T08:30:00,"{'bid': 561.72, 'ask': 561.94}","{'bid': 561.37, 'ask': 561.59}","{'bid': 562.08, 'ask': 562.4}","{'bid': 560.95, 'ask': 561.35}",1376,561.72,562.08,560.95,561.37
2025-03-21 08:45:00,2025-03-21T08:45:00,2025-03-21T08:45:00,"{'bid': 561.37, 'ask': 561.6}","{'bid': 561.9, 'ask': 562.1}","{'bid': 561.96, 'ask': 562.55}","{'bid': 561.2, 'ask': 561.39}",1525,561.37,561.96,561.2,561.9
2025-03-21 09:00:00,2025-03-21T09:00:00,2025-03-21T09:00:00,"{'bid': 561.84, 'ask': 562.08}","{'bid': 561.88, 'ask': 562.1}","{'bid': 562.0, 'ask': 562.55}","{'bid': 561.2, 'ask': 561.44}",1137,561.84,562.0,561.2,561.88
2025-03-21 09:15:00,2025-03-21T09:15:00,2025-03-21T09:15:00,"{'bid': 561.89, 'ask': 562.1}","{'bid': 561.87, 'ask': 562.07}","{'bid': 562.07, 'ask': 562.55}","{'bid': 561.2, 'ask': 561.57}",826,561.89,562.07,561.2,561.87
2025-03-21 09:30:00,2025-03-21T09:30:00,2025-03-21T09:30:00,"{'bid': 561.87, 'ask': 562.06}","{'bid': 562.28, 'ask': 562.48}","{'bid': 562.4, 'ask': 562.85}","{'bid': 561.75, 'ask': 561.95}",754,561.87,562.4,561.75,562.28
2025-03-21 09:45:00,2025-03-21T09:45:00,2025-03-21T09:45:00,"{'bid': 562.28, 'ask': 562.47}","{'bid': 562.06, 'ask': 562.26}","{'bid': 562.31, 'ask': 562.85}","{'bid': 561.83, 'ask': 562.05}",518,562.28,562.31,561.83,562.06
2025-03-21 10:00:00,2025-03-21T10:00:00,2025-03-21T10:00:00,"{'bid': 562.05, 'ask': 562.25}","{'bid': 563.06, 'ask': 563.25}","{'bid': 563.06, 'ask': 563.45}","{'bid': 561.85, 'ask': 562.24}",751,562.05,563.06,561.85,563.06
2025-03-21 10:15:00,2025-03-21T10:15:00,2025-03-21T10:15:00,"{'bid': 563.04, 'ask': 563.25}","{'bid': 562.57, 'ask': 562.75}","{'bid': 563.19, 'ask': 563.39}","{'bid': 562.15, 'ask': 562.65}",573,563.04,563.19,562.15,562.57
2025-03-21 10:30:00,2025-03-21T10:30:00,2025-03-21T10:30:00,"{'bid': 562.56, 'ask': 562.75}","{'bid': 561.95, 'ask': 562.12}","{'bid': 562.61, 'ask': 562.81}","{'bid': 561.55, 'ask': 561.83}",865,562.56,562.61,561.55,561.95
2025-03-21 10:45:00,2025-03-21T10:45:00,2025-03-21T10:45:00,"{'bid': 561.93, 'ask': 562.12}","{'bid': 562.35, 'ask': 562.53}","{'bid': 562.57, 'ask': 563.15}","{'bid': 561.84, 'ask': 562.06}",778,561.93,562.57,561.84,562.35
2025-03-21 11:00:00,2025-03-21T11:00:00,2025-03-21T11:00:00,"{'bid': 562.33, 'ask': 562.52}","{'bid': 562.49, 'ask': 562.69}","{'bid': 562.57, 'ask': 562.85}","{'bid': 561.85, 'ask': 562.29}",1122,562.33,562.57,561.85,562.49
2025-03-21 11:15:00,2025-03-21T11:15:00,2025-03-21T11:15:00,"{'bid': 562.49, 'ask': 562.67}","{'bid': 562.73, 'ask': 562.92}","{'bid': 562.83, 'ask': 563.15}","{'bid': 561.85, 'ask': 562.49}",827,562.49,562.83,561.85,562.73
2025-03-21 11:30:00,2025-03-21T11:30:00,2025-03-21T11:30:00,"{'bid': 562.73, 'ask': 562.91}","{'bid': 562.57, 'ask': 562.73}","{'bid': 562.92, 'ask': 563.06}","{'bid': 562.15, 'ask': 562.7}",756,562.73,562.92,562.15,562.57
2025-03-21 11:45:00,2025-03-21T11:45:00,2025-03-21T11:45:00,"{'bid': 562.59, 'ask': 562.74}","{'bid': 562.17, 'ask': 562.34}","{'bid': 562.77, 'ask': 562.95}","{'bid': 561.55, 'ask': 562.14}",848,562.59,562.77,561.55,562.17
2025-03-21 12:00:00,2025-03-21T12:00:00,2025-03-21T12:00:00,"{'bid': 562.18, 'ask': 562.34}","{'bid': 562.9, 'ask': 563.05}","{'bid': 563.02, 'ask': 563.33}","{'bid': 561.99, 'ask': 562.31}",1177,562.18,563.02,561.99,562.9
2025-03-21 12:15:00,2025-03-21T12:15:00,2025-03-21T12:15:00,"{'bid': 562.91, 'ask': 563.04}","{'bid': 562.08, 'ask': 562.24}","{'bid': 562.93, 'ask': 563.15}","{'bid': 561.99, 'ask': 562.15}",1159,562.91,562.93,561.99,562.08
2025-03-21 12:30:00,2025-03-21T12:30:00,2025-03-21T12:30:00,"{'bid': 562.08, 'ask': 562.22}","{'bid': 559.61, 'ask': 559.76}","{'bid': 562.23, 'ask': 562.41}","{'bid': 559.53, 'ask': 559.69}",2375,562.08,562.23,559.53,559.61
2025-03-21 12:45:00,2025-03-21T12:45:00,2025-03-21T12:45:00,"{'bid': 559.58, 'ask': 559.76}","{'bid': 559.37, 'ask': 559.52}","{'bid': 560.37, 'ask': 560.75}","{'bid': 559.27, 'ask': 559.4}",2434,559.58,560.37,559.27,559.37
2025-03-21 13:00:00,2025-03-21T13:00:00,2025-03-21T13:00:00,"{'bid': 559.38, 'ask': 559.52}","{'bid': 558.56, 'ask': 558.7}","{'bid': 559.43, 'ask': 559.85}","{'bid': 558.46, 'ask': 558.63}",2582,559.38,559.43,558.46,558.56
2025-03-21 13:15:00,2025-03-21T13:15:00,2025-03-21T13:15:00,"{'bid': 558.58, 'ask': 558.7}","{'bid': 559.22, 'ask': 559.35}","{'bid': 559.25, 'ask': 560.15}","{'bid': 557.99, 'ask': 558.13}",3215,558.58,559.25,557.99,559.22
2025-03-21 13:30:00,2025-03-21T13:30:00,2025-03-21T13:30:00,"{'bid': 559.24, 'ask': 559.46}","{'bid': 559.61, 'ask': 559.75}","{'bid': 560.21, 'ask': 560.33}","{'bid': 558.22, 'ask': 558.34}",8119,559.24,560.21,558.22,559.61
2025-03-21 13:45:00,2025-03-21T13:45:00,2025-03-21T13:45:00,"{'bid': 559.64, 'ask': 559.77}","{'bid': 559.77, 'ask': 559.9}","{'bid': 560.24, 'ask': 560.37}","{'bid': 558.67, 'ask': 558.79}",5836,559.64,560.24,558.67,559.77
2025-03-21 14:00:00,2025-03-21T14:00:00,2025-03-21T14:00:00,"{'bid': 559.78, 'ask': 559.92}","{'bid': 559.06, 'ask': 559.19}","{'bid': 559.91, 'ask': 560.04}","{'bid': 557.98, 'ask': 558.1}",5762,559.78,559.91,557.98,559.06
2025-03-21 14:15:00,2025-03-21T14:15:00,2025-03-21T14:15:00,"{'bid': 559.05, 'ask': 559.17}","{'bid': 559.82, 'ask': 559.95}","{'bid': 560.33, 'ask': 560.45}","{'bid': 558.62, 'ask': 558.75}",4585,559.05,560.33,558.62,559.82
2025-03-21 14:30:00,2025-03-21T14:30:00,2025-03-21T14:30:00,"{'bid': 559.82, 'ask': 559.96}","{'bid': 559.84, 'ask': 559.97}","{'bid': 560.13, 'ask': 560.25}","{'bid': 558.98, 'ask': 559.11}",4320,559.82,560.13,558.98,559.84
2025-03-21 14:45:00,2025-03-21T14:45:00,2025-03-21T14:45:00,"{'bid': 559.86, 'ask': 559.98}","{'bid': 561.41, 'ask': 561.53}","{'bid': 561.43, 'ask': 561.55}","{'bid': 559.52, 'ask': 559.65}",3538,559.86,561.43,559.52,561.41
2025-03-21 15:00:00,2025-03-21T15:00:00,2025-03-21T15:00:00,"{'bid': 561.41, 'ask': 561.54}","{'bid': 560.49, 'ask': 560.62}","{'bid': 561.75, 'ask': 561.88}","{'bid': 560.44, 'ask': 560.56}",3444,561.41,561.75,560.44,560.49
2025-03-21 15:15:00,2025-03-21T15:15:00,2025-03-21T15:15:00,"{'bid': 560.49, 'ask': 560.61}","{'bid': 559.77, 'ask': 559.9}","{'bid': 560.7, 'ask': 560.84}","{'bid': 559.61, 'ask': 559.74}",3290,560.49,560.7,559.61,559.77
2025-03-21 15:30:00,2025-03-21T15:30:00,2025-03-21T15:30:00,"{'bid': 559.75, 'ask': 559.87}","{'bid': 559.04, 'ask': 559.17}","{'bid': 560.51, 'ask': 560.64}","{'bid': 558.87, 'ask': 559.0}",3131,559.75,560.51,558.87,559.04
2025-03-21 15:45:00,2025-03-21T15:45:00,2025-03-21T15:45:00,"{'bid': 559.03, 'ask': 559.15}","{'bid': 559.33, 'ask': 559.45}","{'bid': 559.85, 'ask': 559.98}","{'bid': 558.75, 'ask': 558.87}",3474,559.03,559.85,558.75,559.33
2025-03-21 16:00:00,2025-03-21T16:00:00,2025-03-21T16:00:00,"{'bid': 559.32, 'ask': 559.45}","{'bid': 561.24, 'ask': 561.38}","{'bid': 561.46, 'ask': 561.58}","{'bid': 558.55, 'ask': 558.83}",3736,559.32,561.46,558.55,561.24
2025-03-21 16:15:00,2025-03-21T16:15:00,2025-03-21T16:15:00,"{'bid': 561.26, 'ask': 561.39}","{'bid': 562.31, 'ask': 562.44}","{'bid': 562.63, 'ask': 562.76}","{'bid': 561.1, 'ask': 561.22}",3900,561.26,562.63,561.1,562.31
2025-03-21 16:30:00,2025-03-21T16:30:00,2025-03-21T16:30:00,"{'bid': 562.32, 'ask': 562.45}","{'bid': 561.84, 'ask': 561.97}","{'bid': 562.69, 'ask': 562.82}","{'bid': 561.71, 'ask': 561.83}",3571,562.32,562.69,561.71,561.84
2025-03-21 16:45:00,2025-03-21T16:45:00,2025-03-21T16:45:00,"{'bid': 561.84, 'ask': 561.98}","{'bid': 563.6, 'ask': 563.73}","{'bid': 563.62, 'ask': 563.75}","{'bid': 561.84, 'ask': 561.98}",3006,561.84,563.62,561.84,563.6
2025-03-21 17:00:00,2025-03-21T17:00:00,2025-03-21T17:00:00,"{'bid': 563.58, 'ask': 563.71}","{'bid': 562.69, 'ask': 562.82}","{'bid': 563.58, 'ask': 563.71}","{'bid': 562.52, 'ask': 562.65}",2775,563.58,563.58,562.52,562.69
2025-03-21 17:15:00,2025-03-21T17:15:00,2025-03-21T17:15:00,"{'bid': 562.69, 'ask': 562.81}","{'bid': 562.01, 'ask': 562.13}","{'bid': 562.87, 'ask': 563.0}","{'bid': 561.82, 'ask': 561.95}",2845,562.69,562.87,561.82,562.01
2025-03-21 17:30:00,2025-03-21T17:30:00,2025-03-21T17:30:00,"{'bid': 562.02, 'ask': 562.15}","{'bid': 562.98, 'ask': 563.1}","{'bid': 563.27, 'ask': 563.4}","{'bid': 561.46, 'ask': 561.58}",2769,562.02,563.27,561.46,562.98
2025-03-21 17:45:00,2025-03-21T17:45:00,2025-03-21T17:45:00,"{'bid': 562.98, 'ask': 563.11}","{'bid': 562.83, 'ask': 562.96}","{'bid': 563.86, 'ask': 563.99}","{'bid': 562.73, 'ask': 562.87}",2580,562.98,563.86,562.73,562.83
2025-03-21 18:00:00,2025-03-21T18:00:00,2025-03-21T18:00:00,"{'bid': 562.84, 'ask': 562.97}","{'bid': 562.68, 'ask': 562.82}","{'bid': 563.24, 'ask': 563.36}","{'bid': 562.34, 'ask': 562.47}",2467,562.84,563.24,562.34,562.68
2025-03-21 18:15:00,2025-03-21T18:15:00,2025-03-21T18:15:00,"{'bid': 562.69, 'ask': 562.83}","{'bid': 562.05, 'ask': 562.17}","{'bid': 563.03, 'ask': 563.15}","{'bid': 561.99, 'ask': 562.11}",2776,562.69,563.03,561.99,562.05
2025-03-21 18:30:00,2025-03-21T18:30:00,2025-03-21T18:30:00,"{'bid': 562.04, 'ask': 562.16}","{'bid': 563.14, 'ask': 563.27}","{'bid': 563.23, 'ask': 563.36}","{'bid': 562.03, 'ask': 562.15}",2837,562.04,563.23,562.03,563.14
2025-03-21 18:45:00,2025-03-21T18:45:00,2025-03-21T18:45:00,"{'bid': 563.13, 'ask': 563.25}","{'bid': 562.45, 'ask': 562.57}","{'bid': 563.2, 'ask': 563.33}","{'bid': 562.24, 'ask': 562.36}",2832,563.13,563.2,562.24,562.45
2025-03-21 19:00:00,2025-03-21T19:00:00,2025-03-21T19:00:00,"{'bid': 562.43, 'ask': 562.55}","{'bid': 562.01, 'ask': 562.13}","{'bid': 562.53, 'ask': 562.66}","{'bid': 561.42, 'ask': 561.54}",3330,562.43,562.53,561.42,562.01
2025-03-21 19:15:00,2025-03-21T19:15:00,2025-03-21T19:15:00,"{'bid': 561.98, 'ask': 562.11}","{'bid': 561.92, 'ask': 562.05}","{'bid': 562.32, 'ask': 562.45}","{'bid': 561.45, 'ask': 561.57}",2559,561.98,562.32,561.45,561.92
2025-03-21 19:30:00,2025-03-21T19:30:00,2025-03-21T19:30:00,"{'bid': 561.93, 'ask': 562.06}","{'bid': 562.28, 'ask': 562.41}","{'bid': 562.43, 'ask': 562.56}","{'bid': 561.68, 'ask': 561.81}",2928,561.93,562.43,561.68,562.28
2025-03-21 19:45:00,2025-03-21T19:45:00,2025-03-21T19:45:00,"{'bid': 562.29, 'ask': 562.41}","{'bid': 564.13, 'ask': 564.25}","{'bid': 564.82, 'ask': 564.94}","{'bid': 562.19, 'ask': 562.31}",4662,562.29,564.82,562.19,564.13
2025-03-21 20:00:00,2025-03-21T20:00:00,2025-03-21T20:00:00,"{'bid': 564.11, 'ask': 564.23}","{'bid': 564.46, 'ask': 564.59}","{'bid': 564.65, 'ask': 564.79}","{'bid': 563.77, 'ask': 563.98}",1766,564.11,564.65,563.77,564.46
2025-03-21 20:15:00,2025-03-21T20:15:00,2025-03-21T20:15:00,"{'bid': 564.48, 'ask': 564.61}","{'bid': 564.39, 'ask': 564.54}","{'bid': 564.56, 'ask': 564.85}","{'bid': 564.24, 'ask': 564.39}",516,564.48,564.56,564.24,564.39
2025-03-21 20:30:00,2025-03-21T20:30:00,2025-03-21T20:30:00,"{'bid': 564.39, 'ask': 564.52}","{'bid': 564.43, 'ask': 564.57}","{'bid': 564.73, 'ask': 564.86}","{'bid': 564.24, 'ask': 564.52}",367,564.39,564.73,564.24,564.43
2025-03-21 20:45:00,2025-03-21T20:45:00,2025-03-21T20:45:00,"{'bid': 564.42, 'ask': 564.57}","{'bid': 564.51, 'ask': 564.75}","{'bid': 564.54, 'ask': 564.75}","{'bid': 564.28, 'ask': 564.43}",376,564.42,564.54,564.28,564.51
2025-03-24 08:00:00,2025-03-24T08:00:00,2025-03-24T08:00:00,"{'bid': 569.09, 'ask': 569.39}","{'bid': 570.14, 'ask': 570.33}","{'bid': 570.24, 'ask': 570.65}","{'bid': 568.75, 'ask': 569.27}",971,569.09,570.24,568.75,570.14
2025-03-24 08:15:00,2025-03-24T08:15:00,2025-03-24T08:15:00,"{'bid': 570.15, 'ask': 570.35}","{'bid': 570.09, 'ask': 570.49}","{'bid': 570.29, 'ask': 570.79}","{'bid': 569.5, 'ask': 569.88}",688,570.15,570.29,569.5,570.09
2025-03-24 08:30:00,2025-03-24T08:30:00,2025-03-24T08:30:00,"{'bid': 569.8, 'ask': 570.22}","{'bid': 570.05, 'ask': 570.21}","{'bid': 570.24, 'ask': 570.65}","{'bid': 569.8, 'ask': 570.15}",595,569.8,570.24,569.8,570.05
2025-03-24 08:45:00,2025-03-24T08:45:00,2025-03-24T08:45:00,"{'bid': 570.05, 'ask': 570.24}","{'bid': 569.65, 'ask': 570.38}","{'bid': 570.38, 'ask': 570.8}","{'bid': 569.65, 'ask': 570.07}",558,570.05,570.38,569.65,569.65
2025-03-24 09:00:00,2025-03-24T09:00:00,2025-03-24T09:00:00,"{'bid': 569.65, 'ask': 570.37}","{'bid': 570.55, 'ask': 570.75}","{'bid': 570.55, 'ask': 570.95}","{'bid': 569.65, 'ask': 570.15}",565,569.65,570.55,569.65,570.55
2025-03-24 09:15:00,2025-03-24T09:15:00,2025-03-24T09:15:00,"{'bid': 570.55, 'ask': 570.74}","{'bid': 569.95, 'ask': 570.12}","{'bid': 570.56, 'ask': 570.75}","{'bid': 569.65, 'ask': 570.03}",624,570.55,570.56,569.65,569.95
2025-03-24 09:30:00,2025-03-24T09:30:00,2025-03-24T09:30:00,"{'bid': 569.96, 'ask': 570.14}","{'bid': 569.61, 'ask': 569.8}","{'bid': 569.99, 'ask': 570.16}","{'bid': 569.05, 'ask': 569.58}",709,569.96,569.99,569.05,569.61
2025-03-24 09:45:00,2025-03-24T09:45:00,2025-03-24T09:45:00,"{'bid': 569.62, 'ask': 569.8}","{'bid': 569.77, 'ask': 569.96}","{'bid': 570.05, 'ask': 570.21}","{'bid': 569.35, 'ask': 569.78}",511,569.62,570.05,569.35,569.77
2025-03-24 10:00:00,2025-03-24T10:00:00,2025-03-24T10:00:00,"{'bid': 569.74, 'ask': 569.94}","{'bid': 569.78, 'ask': 569.94}","{'bid': 569.9, 'ask': 570.35}","{'bid': 569.35, 'ask': 569.8}",554,569.74,569.9,569.35,569.78
2025-03-24 10:15:00,2025-03-24T10:15:00,2025-03-24T10:15:00,"{'bid': 569.79, 'ask': 569.95}","{'bid': 570.35, 'ask': 570.51}","{'bid': 570.36, 'ask': 570.95}","{'bid': 569.75, 'ask': 569.91}",434,569.79,570.36,569.75,570.35
2025-03-24 10:30:00,2025-03-24T10:30:00,2025-03-24T10:30:00,"{'bid': 570.35, 'ask': 570.5}","{'bid': 570.74, 'ask': 570.9}","{'bid': 570.75, 'ask': 571.05}","{'bid': 569.96, 'ask': 570.49}",418,570.35,570.75,569.96,570.74
2025-03-24 10:45:00,2025-03-24T10:45:00,2025-03-24T10:45:00,"{'bid': 570.73, 'ask': 570.89}","{'bid': 570.52, 'ask': 570.68}","{'bid': 570.73, 'ask': 570.94}","{'bid': 570.25, 'ask': 570.65}",365,570.73,570.73,570.25,570.52
2025-03-24 11:00:00,2025-03-24T11:00:00,2025-03-24T11:00:00,"{'bid': 570.51, 'ask': 570.66}","{'bid': 571.02, 'ask': 571.2}","{'bid': 571.11, 'ask': 571.29}","{'bid': 569.95, 'ask': 570.49}",740,570.51,571.11,569.95,571.02
2025-03-24 11:15:00,2025-03-24T11:15:00,2025-03-24T11:15:00,"{'bid': 571.02, 'ask': 571.19}","{'bid': 570.91, 'ask': 571.06}","{'bid': 571.13, 'ask': 571.55}","{'bid': 570.55, 'ask': 570.9}",677,571.02,571.13,570.55,570.91
2025-03-24 11:30:00,2025-03-24T11:30:00,2025-03-24T11:30:00,"{'bid': 570.91, 'ask': 571.07}","{'bid': 570.82, 'ask': 570.97}","{'bid': 571.04, 'ask': 571.55}","{'bid': 570.45, 'ask': 570.74}",604,570.91,571.04,570.45,570.82
2025-03-24 11:45:00,2025-03-24T11:45:00,2025-03-24T11:45:00,"{'bid': 570.81, 'ask': 570.97}","{'bid': 570.86, 'ask': 571.02}","{'bid': 571.16, 'ask': 571.54}","{'bid': 570.71, 'ask': 570.95}",583,570.81,571.16,570.71,570.86
2025-03-24 12:00:00,2025-03-24T12:00:00,2025-03-24T12:00:00,"{'bid': 570.88, 'ask': 571.04}","{'bid': 570.81, 'ask': 570.97}","{'bid': 571.09, 'ask': 571.23}","{'bid': 570.72, 'ask': 570.91}",735,570.88,571.09,570.72,570.81
2025-03-24 12:15:00,2025-03-24T12:15:00,2025-03-24T12:15:00,"{'bid': 570.81, 'ask': 570.96}","{'bid': 571.01, 'ask': 571.16}","{'bid': 571.06, 'ask': 571.25}","{'bid': 570.52, 'ask': 570.7}",918,570.81,571.06,570.52,571.01
2025-03-24 12:30:00,2025-03-24T12:30:00,2025-03-24T12:30:00,"{'bid': 571.0, 'ask': 571.16}","{'bid': 571.19, 'ask': 571.32}","{'bid': 571.26, 'ask': 571.96}","{'bid': 570.98, 'ask': 571.12}",758,571.0,571.26,570.98,571.19
2025-03-24 12:45:00,2025-03-24T12:45:00,2025-03-24T12:45:00,"{'bid': 571.2, 'ask': 571.32}","{'bid': 571.12, 'ask': 571.26}","{'bid': 571.29, 'ask': 571.85}","{'bid': 570.95, 'ask': 571.07}",727,571.2,571.29,570.95,571.12
2025-03-24 13:00:00,2025-03-24T13:00:00,2025-03-24T13:00:00,"{'bid': 571.12, 'ask': 571.27}","{'bid': 571.18, 'ask': 571.3}","{'bid': 571.43, 'ask': 571.59}","{'bid': 571.01, 'ask': 571.21}",747,571.12,571.43,571.01,571.18
2025-03-24 13:15:00,2025-03-24T13:15:00,2025-03-24T13:15:00,"{'bid': 571.17, 'ask': 571.3}","{'bid': 570.75, 'ask': 570.9}","{'bid': 571.23, 'ask': 571.55}","{'bid': 570.67, 'ask': 570.82}",1051,571.17,571.23,570.67,570.75
2025-03-24 13:30:00,2025-03-24T13:30:00,2025-03-24T13:30:00,"{'bid': 570.76, 'ask': 570.89}","{'bid': 571.67, 'ask': 571.97}","{'bid': 572.25, 'ask': 572.38}","{'bid': 570.12, 'ask': 570.26}",4374,570.76,572.25,570.12,571.67
2025-03-24 13:45:00,2025-03-24T13:45:00,2025-03-24T13:45:00,"{'bid': 571.89, 'ask': 572.11}","{'bid': 572.68, 'ask': 572.8}","{'bid': 572.91, 'ask': 573.04}","{'bid': 571.65, 'ask': 571.79}",4006,571.89,572.91,571.65,572.68
2025-03-24 14:00:00,2025-03-24T14:00:00,2025-03-24T14:00:00,"{'bid': 572.67, 'ask': 572.8}","{'bid': 572.77, 'ask': 572.89}","{'bid': 572.84, 'ask': 572.96}","{'bid': 571.95, 'ask': 572.07}",3489,572.67,572.84,571.95,572.77
2025-03-24 14:15:00,2025-03-24T14:15:00,2025-03-24T14:15:00,"{'bid': 572.76, 'ask': 572.88}","{'bid': 573.06, 'ask': 573.19}","{'bid': 573.27, 'ask': 573.39}","{'bid': 572.68, 'ask': 572.81}",2489,572.76,573.27,572.68,573.06
2025-03-24 14:30:00,2025-03-24T14:30:00,2025-03-24T14:30:00,"{'bid': 573.07, 'ask': 573.2}","{'bid': 572.77, 'ask': 572.89}","{'bid': 573.2, 'ask': 573.32}","{'bid': 572.63, 'ask': 572.75}",2488,573.07,573.2,572.63,572.77
2025-03-24 14:45:00,2025-03-24T14:45:00,2025-03-24T14:45:00,"{'bid': 572.78, 'ask': 572.9}","{'bid': 573.49, 'ask': 573.61}","{'bid': 573.61, 'ask': 573.74}","{'bid': 572.75, 'ask': 572.88}",1905,572.78,573.61,572.75,573.49
2025-03-24 15:00:00,2025-03-24T15:00:00,2025-03-24T15:00:00,"{'bid': 573.49, 'ask': 573.62}","{'bid': 573.7, 'ask': 573.83}","{'bid': 573.92, 'ask': 574.04}","{'bid': 573.09, 'ask': 573.21}",1910,573.49,573.92,573.09,573.7
2025-03-24 15:15:00,2025-03-24T15:15:00,2025-03-24T15:15:00,"{'bid': 573.71, 'ask': 573.84}","{'bid': 573.66, 'ask': 573.78}","{'bid': 573.93, 'ask': 574.05}","{'bid': 573.41, 'ask': 573.53}",1501,573.71,573.93,573.41,573.66
2025-03-24 15:30:00,2025-03-24T15:30:00,2025-03-24T15:30:00,"{'bid': 573.67, 'ask': 573.8}","{'bid': 573.29, 'ask': 573.42}","{'bid': 573.74, 'ask': 573.87}","{'bid': 573.09, 'ask': 573.22}",1767,573.67,573.74,573.09,573.29
2025-03-24 15:45:00,2025-03-24T15:45:00,2025-03-24T15:45:00,"{'bid': 573.3, 'ask': 573.42}","{'bid': 573.81, 'ask': 573.94}","{'bid': 573.85, 'ask': 573.97}","{'bid': 573.17, 'ask': 573.29}",1704,573.3,573.85,573.17,573.81
2025-03-24 16:00:00,2025-03-24T16:00:00,2025-03-24T16:00:00,"{'bid': 573.82, 'ask': 573.94}","{'bid': 574.16, 'ask': 574.28}","{'bid': 574.33, 'ask': 574.45}","{'bid': 573.67, 'ask': 573.79}",1519,573.82,574.33,573.67,574.16
2025-03-24 16:15:00,2025-03-24T16:15:00,2025-03-24T16:15:00,"{'bid': 574.16, 'ask': 574.29}","{'bid': 573.2, 'ask': 573.32}","{'bid': 574.19, 'ask': 574.32}","{'bid': 573.17, 'ask': 573.3}",2209,574.16,574.19,573.17,573.2
2025-03-24 16:30:00,2025-03-24T16:30:00,2025-03-24T16:30:00,"{'bid': 573.22, 'ask': 573.34}","{'bid': 573.16, 'ask': 573.28}","{'bid': 573.51, 'ask': 573.63}","{'bid': 572.73, 'ask': 572.85}",2506,573.22,573.51,572.73,573.16
2025-03-24 16:45:00,2025-03-24T16:45:00,2025-03-24T16:45:00,"{'bid': 573.15, 'ask': 573.28}","{'bid': 573.06, 'ask': 573.19}","{'bid': 573.49, 'ask': 573.62}","{'bid': 572.9, 'ask': 573.03}",1512,573.15,573.49,572.9,573.06
2025-03-24 17:00:00,2025-03-24T17:00:00,2025-03-24T17:00:00,"{'bid': 573.07, 'ask': 573.19}","{'bid': 572.56, 'ask': 572.68}","{'bid': 573.14, 'ask': 573.26}","{'bid': 572.47, 'ask': 572.6}",2098,573.07,573.14,572.47,572.56
2025-03-24 17:15:00,2025-03-24T17:15:00,2025-03-24T17:15:00,"{'bid': 572.57, 'ask': 572.69}","{'bid': 572.99, 'ask': 573.11}","{'bid': 572.99, 'ask': 573.12}","{'bid': 572.4, 'ask': 572.52}",1933,572.57,572.99,572.4,572.99
2025-03-24 17:30:00,2025-03-24T17:30:00,2025-03-24T17:30:00,"{'bid': 572.98, 'ask': 573.11}","{'bid': 572.96, 'ask': 573.09}","{'bid': 573.31, 'ask': 573.44}","{'bid': 572.82, 'ask': 572.95}",1716,572.98,573.31,572.82,572.96
2025-03-24 17:45:00,2025-03-24T17:45:00,2025-03-24T17:45:00,"{'bid': 572.96, 'ask': 573.08}","{'bid': 573.03, 'ask': 573.16}","{'bid': 573.27, 'ask': 573.4}","{'bid': 572.72, 'ask': 572.85}",1320,572.96,573.27,572.72,573.03
2025-03-24 18:00:00,2025-03-24T18:00:00,2025-03-24T18:00:00,"{'bid': 573.05, 'ask': 573.17}","{'bid': 572.29, 'ask': 572.42}","{'bid': 573.07, 'ask': 573.19}","{'bid': 571.99, 'ask': 572.11}",1883,573.05,573.07,571.99,572.29
2025-03-24 18:15:00,2025-03-24T18:15:00,2025-03-24T18:15:00,"{'bid': 572.29, 'ask': 572.41}","{'bid': 572.34, 'ask': 572.47}","{'bid': 572.61, 'ask': 572.73}","{'bid': 572.04, 'ask': 572.16}",1626,572.29,572.61,572.04,572.34
2025-03-24 18:30:00,2025-03-24T18:30:00,2025-03-24T18:30:00,"{'bid': 572.33, 'ask': 572.45}","{'bid': 573.27, 'ask': 573.4}","{'bid': 573.42, 'ask': 573.54}","{'bid': 572.01, 'ask': 572.14}",2528,572.33,573.42,572.01,573.27
2025-03-24 18:45:00,2025-03-24T18:45:00,2025-03-24T18:45:00,"{'bid': 573.28, 'ask': 573.4}","{'bid': 573.57, 'ask': 573.7}","{'bid': 573.63, 'ask': 573.76}","{'bid': 572.53, 'ask': 572.66}",2151,573.28,573.63,572.53,573.57
2025-03-24 19:00:00,2025-03-24T19:00:00,2025-03-24T19:00:00,"{'bid': 573.59, 'ask': 573.72}","{'bid': 573.7, 'ask': 573.82}","{'bid': 574.06, 'ask': 574.19}","{'bid': 573.41, 'ask': 573.53}",1643,573.59,574.06,573.41,573.7
2025-03-24 19:15:00,2025-03-24T19:15:00,2025-03-24T19:15:00,"{'bid': 573.7, 'ask': 573.83}","{'bid': 573.88, 'ask': 574.0}","{'bid': 574.15, 'ask': 574.27}","{'bid': 573.69, 'ask': 573.82}",1363,573.7,574.15,573.69,573.88
2025-03-24 19:30:00,2025-03-24T19:30:00,2025-03-24T19:30:00,"{'bid': 573.9, 'ask': 574.02}","{'bid': 574.17, 'ask': 574.29}","{'bid': 574.29, 'ask': 574.41}","{'bid': 573.78, 'ask': 573.9}",1592,573.9,574.29,573.78,574.17
2025-03-24 19:45:00,2025-03-24T19:45:00,2025-03-24T19:45:00,"{'bid': 574.16, 'ask': 574.28}","{'bid': 573.96, 'ask': 574.09}","{'bid': 575.09, 'ask': 575.21}","{'bid': 573.96, 'ask': 574.09}",3749,574.16,575.09,573.96,573.96
2025-03-24 20:00:00,2025-03-24T20:00:00,2025-03-24T20:00:00,"{'bid': 573.95, 'ask': 574.08}","{'bid': 574.28, 'ask': 574.41}","{'bid': 574.36, 'ask': 575.03}","{'bid': 573.91, 'ask': 574.03}",1122,573.95,574.36,573.91,574.28
2025-03-24 20:15:00,2025-03-24T20:15:00,2025-03-24T20:15:00,"{'bid': 574.26, 'ask': 574.4}","{'bid': 574.24, 'ask': 574.36}","{'bid': 574.5, 'ask': 575.04}","{'bid': 574.15, 'ask': 574.35}",322,574.26,574.5,574.15,574.24
2025-03-24 20:30:00,2025-03-24T20:30:00,2025-03-24T20:30:00,"{'bid': 574.25, 'ask': 574.39}","{'bid': 574.12, 'ask': 574.24}","{'bid': 574.32, 'ask': 574.46}","{'bid': 574.09, 'ask': 574.22}",166,574.25,574.32,574.09,574.12
2025-03-24 20:45:00,2025-03-24T20:45:00,2025-03-24T20:45:00,"{'bid': 574.11, 'ask': 574.24}","{'bid': 573.91, 'ask': 574.03}","{'bid': 574.14, 'ask': 574.7}","{'bid': 573.88, 'ask': 574.02}",223,574.11,574.14,573.88,573.91
2025-03-24 21:00:00,2025-03-24T21:00:00,2025-03-24T21:00:00,"{'bid': 573.91, 'ask': 574.14}","{'bid': 573.91, 'ask': 574.1}","{'bid': 573.96, 'ask': 574.19}","{'bid': 573.88, 'ask': 574.04}",34,573.91,573.96,573.88,573.91
2025-03-24 21:15:00,2025-03-24T21:15:00,2025-03-24T21:15:00,"{'bid': 573.91, 'ask': 574.12}","{'bid': 573.95, 'ask': 574.12}","{'bid': 573.95, 'ask': 574.13}","{'bid': 573.91, 'ask': 574.09}",9,573.91,573.95,573.91,573.95
2025-03-24 21:30:00,2025-03-24T21:30:00,2025-03-24T21:30:00,"{'bid': 573.95, 'ask': 574.07}","{'bid': 574.0, 'ask': 574.14}","{'bid': 574.0, 'ask': 574.15}","{'bid': 573.91, 'ask': 574.07}",16,573.95,574.0,573.91,574.0
2025-03-24 21:45:00,2025-03-24T21:45:00,2025-03-24T21:45:00,"{'bid': 574.0, 'ask': 574.15}","{'bid': 573.95, 'ask': 574.14}","{'bid': 574.05, 'ask': 574.69}","{'bid': 573.95, 'ask': 574.13}",37,574.0,574.05,573.95,573.95
2025-03-24 22:00:00,2025-03-24T22:00:00,2025-03-24T22:00:00,"{'bid': 573.83, 'ask': 574.08}","{'bid': 573.73, 'ask': 573.91}","{'bid': 574.04, 'ask': 574.69}","{'bid': 573.65, 'ask': 573.82}",226,573.83,574.04,573.65,573.73
2025-03-24 22:15:00,2025-03-24T22:15:00,2025-03-24T22:15:00,"{'bid': 573.73, 'ask': 574.29}","{'bid': 573.55, 'ask': 573.73}","{'bid': 573.74, 'ask': 574.29}","{'bid': 573.55, 'ask': 573.69}",127,573.73,573.74,573.55,573.55
2025-03-24 22:30:00,2025-03-24T22:30:00,2025-03-24T22:30:00,"{'bid': 573.55, 'ask': 573.72}","{'bid': 573.74, 'ask': 573.92}","{'bid': 573.8, 'ask': 574.46}","{'bid': 573.55, 'ask': 573.72}",151,573.55,573.8,573.55,573.74
2025-03-24 22:45:00,2025-03-24T22:45:00,2025-03-24T22:45:00,"{'bid': 573.74, 'ask': 573.91}","{'bid': 573.61, 'ask': 573.76}","{'bid': 573.77, 'ask': 573.95}","{'bid': 573.55, 'ask': 573.69}",102,573.74,573.77,573.55,573.61
2025-03-24 23:00:00,2025-03-24T23:00:00,2025-03-24T23:00:00,"{'bid': 573.6, 'ask': 573.76}","{'bid': 573.6, 'ask': 573.78}","{'bid': 573.73, 'ask': 574.05}","{'bid': 573.55, 'ask': 573.72}",89,573.6,573.73,573.55,573.6
2025-03-24 23:15:00,2025-03-24T23:15:00,2025-03-24T23:15:00,"{'bid': 573.6, 'ask': 573.79}","{'bid': 573.61, 'ask': 573.79}","{'bid': 573.65, 'ask': 573.84}","{'bid': 573.55, 'ask': 573.74}",124,573.6,573.65,573.55,573.61
2025-03-24 23:30:00,2025-03-24T23:30:00,2025-03-24T23:30:00,"{'bid': 573.61, 'ask': 573.88}","{'bid': 573.94, 'ask': 574.12}","{'bid': 573.98, 'ask': 574.16}","{'bid': 573.6, 'ask': 573.8}",208,573.61,573.98,573.6,573.94
2025-03-24 23:45:00,2025-03-24T23:45:00,2025-03-24T23:45:00,"{'bid': 573.96, 'ask': 574.12}","{'bid': 573.71, 'ask': 573.9}","{'bid': 573.97, 'ask': 574.55}","{'bid': 573.6, 'ask': 573.89}",130,573.96,573.97,573.6,573.71
2025-03-25 08:00:00,2025-03-25T08:00:00,2025-03-25T08:00:00,"{'bid': 573.32, 'ask': 573.53}","{'bid': 573.15, 'ask': 573.34}","{'bid': 573.54, 'ask': 573.95}","{'bid': 572.95, 'ask': 573.31}",827,573.32,573.54,572.95,573.15
2025-03-25 08:15:00,2025-03-25T08:15:00,2025-03-25T08:15:00,"{'bid': 573.16, 'ask': 573.34}","{'bid': 572.99, 'ask': 573.18}","{'bid': 573.26, 'ask': 573.62}","{'bid': 572.65, 'ask': 572.99}",707,573.16,573.26,572.65,572.99
2025-03-25 08:30:00,2025-03-25T08:30:00,2025-03-25T08:30:00,"{'bid': 573.01, 'ask': 573.18}","{'bid': 573.21, 'ask': 573.38}","{'bid': 573.24, 'ask': 573.62}","{'bid': 572.8, 'ask': 573.05}",446,573.01,573.24,572.8,573.21
2025-03-25 08:45:00,2025-03-25T08:45:00,2025-03-25T08:45:00,"{'bid': 573.21, 'ask': 573.39}","{'bid': 573.17, 'ask': 573.34}","{'bid': 573.39, 'ask': 573.62}","{'bid': 573.09, 'ask': 573.27}",366,573.21,573.39,573.09,573.17
2025-03-25 09:00:00,2025-03-25T09:00:00,2025-03-25T09:00:00,"{'bid': 573.17, 'ask': 573.33}","{'bid': 573.06, 'ask': 573.2}","{'bid': 573.3, 'ask': 573.55}","{'bid': 572.65, 'ask': 573.04}",510,573.17,573.3,572.65,573.06
2025-03-25 09:15:00,2025-03-25T09:15:00,2025-03-25T09:15:00,"{'bid': 572.99, 'ask': 573.19}","{'bid': 573.2, 'ask': 573.38}","{'bid': 573.41, 'ask': 573.55}","{'bid': 572.65, 'ask': 573.14}",581,572.99,573.41,572.65,573.2
2025-03-25 09:30:00,2025-03-25T09:30:00,2025-03-25T09:30:00,"{'bid': 573.2, 'ask': 573.39}","{'bid': 573.56, 'ask': 573.71}","{'bid': 573.6, 'ask': 573.8}","{'bid': 573.16, 'ask': 573.35}",477,573.2,573.6,573.16,573.56
2025-03-25 09:45:00,2025-03-25T09:45:00,2025-03-25T09:45:00,"{'bid': 573.56, 'ask': 573.7}","{'bid': 573.75, 'ask': 573.9}","{'bid': 573.75, 'ask': 573.9}","{'bid': 573.25, 'ask': 573.68}",276,573.56,573.75,573.25,573.75
2025-03-25 10:00:00,2025-03-25T10:00:00,2025-03-25T10:00:00,"{'bid': 573.73, 'ask': 573.87}","{'bid': 573.54, 'ask': 573.68}","{'bid': 573.81, 'ask': 573.99}","{'bid': 573.2, 'ask': 573.33}",440,573.73,573.81,573.2,573.54
2025-03-25 10:15:00,2025-03-25T10:15:00,2025-03-25T10:15:00,"{'bid': 573.53, 'ask': 573.68}","{'bid': 574.05, 'ask': 574.23}","{'bid': 574.25, 'ask': 574.85}","{'bid': 573.53, 'ask': 573.68}",432,573.53,574.25,573.53,574.05
2025-03-25 10:30:00,2025-03-25T10:30:00,2025-03-25T10:30:00,"{'bid': 574.08, 'ask': 574.28}","{'bid': 574.32, 'ask': 574.51}","{'bid': 574.36, 'ask': 574.53}","{'bid': 573.96, 'ask': 574.13}",393,574.08,574.36,573.96,574.32
2025-03-25 10:45:00,2025-03-25T10:45:00,2025-03-25T10:45:00,"{'bid': 574.32, 'ask': 574.5}","{'bid': 574.49, 'ask': 574.61}","{'bid': 574.51, 'ask': 574.69}","{'bid': 573.86, 'ask': 574.42}",399,574.32,574.51,573.86,574.49
2025-03-25 11:00:00,2025-03-25T11:00:00,2025-03-25T11:00:00,"{'bid': 574.43, 'ask': 574.61}","{'bid': 574.4, 'ask': 574.54}","{'bid': 574.84, 'ask': 575.45}","{'bid': 574.05, 'ask': 574.29}",881,574.43,574.84,574.05,574.4
2025-03-25 11:15:00,2025-03-25T11:15:00,2025-03-25T11:15:00,"{'bid': 574.4, 'ask': 574.55}","{'bid': 574.7, 'ask': 574.83}","{'bid': 574.71, 'ask': 574.89}","{'bid': 574.15, 'ask': 574.41}",391,574.4,574.71,574.15,574.7
2025-03-25 11:30:00,2025-03-25T11:30:00,2025-03-25T11:30:00,"{'bid': 574.68, 'ask': 574.83}","{'bid': 574.95, 'ask': 575.08}","{'bid': 575.0, 'ask': 575.15}","{'bid': 574.46, 'ask': 574.74}",378,574.68,575.0,574.46,574.95
2025-03-25 11:45:00,2025-03-25T11:45:00,2025-03-25T11:45:00,"{'bid': 574.96, 'ask': 575.08}","{'bid': 575.44, 'ask': 575.59}","{'bid': 575.53, 'ask': 576.05}","{'bid': 574.75, 'ask': 575.07}",448,574.96,575.53,574.75,575.44
2025-03-25 12:00:00,2025-03-25T12:00:00,2025-03-25T12:00:00,"{'bid': 575.47, 'ask': 575.66}","{'bid': 575.49, 'ask': 575.64}","{'bid': 575.61, 'ask': 575.89}","{'bid': 575.05, 'ask': 575.5}",570,575.47,575.61,575.05,575.49
2025-03-25 12:15:00,2025-03-25T12:15:00,2025-03-25T12:15:00,"{'bid': 575.5, 'ask': 575.64}","{'bid': 575.59, 'ask': 575.74}","{'bid': 575.62, 'ask': 575.76}","{'bid': 575.31, 'ask': 575.45}",394,575.5,575.62,575.31,575.59
2025-03-25 12:30:00,2025-03-25T12:30:00,2025-03-25T12:30:00,"{'bid': 575.6, 'ask': 575.73}","{'bid': 575.73, 'ask': 575.87}","{'bid': 575.97, 'ask': 576.11}","{'bid': 575.55, 'ask': 575.72}",597,575.6,575.97,575.55,575.73
2025-03-25 12:45:00,2025-03-25T12:45:00,2025-03-25T12:45:00,"{'bid': 575.73, 'ask': 575.88}","{'bid': 575.28, 'ask': 575.43}","{'bid': 575.78, 'ask': 575.92}","{'bid': 575.24, 'ask': 575.36}",561,575.73,575.78,575.24,575.28
2025-03-25 13:00:00,2025-03-25T13:00:00,2025-03-25T13:00:00,"{'bid': 575.29, 'ask': 575.43}","{'bid': 575.72, 'ask': 575.85}","{'bid': 575.86, 'ask': 576.0}","{'bid': 575.19, 'ask': 575.34}",737,575.29,575.86,575.19,575.72
2025-03-25 13:15:00,2025-03-25T13:15:00,2025-03-25T13:15:00,"{'bid': 575.73, 'ask': 575.85}","{'bid': 575.23, 'ask': 575.38}","{'bid': 575.88, 'ask': 576.06}","{'bid': 574.95, 'ask': 575.15}",850,575.73,575.88,574.95,575.23
2025-03-25 13:30:00,2025-03-25T13:30:00,2025-03-25T13:30:00,"{'bid': 575.22, 'ask': 575.36}","{'bid': 574.73, 'ask': 574.86}","{'bid': 575.59, 'ask': 575.72}","{'bid': 574.25, 'ask': 574.39}",4663,575.22,575.59,574.25,574.73
2025-03-25 13:45:00,2025-03-25T13:45:00,2025-03-25T13:45:00,"{'bid': 574.72, 'ask': 574.84}","{'bid': 574.61, 'ask': 574.78}","{'bid': 575.05, 'ask': 575.17}","{'bid': 573.96, 'ask': 574.09}",3390,574.72,575.05,573.96,574.61
2025-03-25 14:00:00,2025-03-25T14:00:00,2025-03-25T14:00:00,"{'bid': 574.58, 'ask': 574.73}","{'bid': 574.9, 'ask': 575.04}","{'bid': 575.27, 'ask': 575.4}","{'bid': 573.89, 'ask': 574.01}",3956,574.58,575.27,573.89,574.9
2025-03-25 14:15:00,2025-03-25T14:15:00,2025-03-25T14:15:00,"{'bid': 574.9, 'ask': 575.03}","{'bid': 575.74, 'ask': 575.87}","{'bid': 575.75, 'ask': 575.87}","{'bid': 574.8, 'ask': 574.93}",2871,574.9,575.75,574.8,575.74
2025-03-25 14:30:00,2025-03-25T14:30:00,2025-03-25T14:30:00,"{'bid': 575.74, 'ask': 575.86}","{'bid': 576.15, 'ask': 576.28}","{'bid': 576.19, 'ask': 576.32}","{'bid': 575.3, 'ask': 575.44}",2045,575.74,576.19,575.3,576.15
2025-03-25 14:45:00,2025-03-25T14:45:00,2025-03-25T14:45:00,"{'bid': 576.17, 'ask': 576.3}","{'bid': 575.91, 'ask': 576.04}","{'bid': 576.35, 'ask': 576.47}","{'bid': 575.7, 'ask': 575.83}",1961,576.17,576.35,575.7,575.91
2025-03-25 15:00:00,2025-03-25T15:00:00,2025-03-25T15:00:00,"{'bid': 575.92, 'ask': 576.05}","{'bid': 575.88, 'ask': 576.0}","{'bid': 576.14, 'ask': 576.26}","{'bid': 575.76, 'ask': 575.89}",1798,575.92,576.14,575.76,575.88
2025-03-25 15:15:00,2025-03-25T15:15:00,2025-03-25T15:15:00,"{'bid': 575.88, 'ask': 576.01}","{'bid': 575.63, 'ask': 575.76}","{'bid': 575.92, 'ask': 576.04}","{'bid': 575.52, 'ask': 575.65}",1602,575.88,575.92,575.52,575.63
2025-03-25 15:30:00,2025-03-25T15:30:00,2025-03-25T15:30:00,"{'bid': 575.65, 'ask': 575.78}","{'bid': 575.5, 'ask': 575.62}","{'bid': 575.71, 'ask': 575.83}","{'bid': 575.22, 'ask': 575.35}",1731,575.65,575.71,575.22,575.5
2025-03-25 15:45:00,2025-03-25T15:45:00,2025-03-25T15:45:00,"{'bid': 575.5, 'ask': 575.63}","{'bid': 574.69, 'ask': 574.81}","{'bid': 575.54, 'ask': 575.66}","{'bid': 574.49, 'ask': 574.62}",2100,575.5,575.54,574.49,574.69
2025-03-25 16:00:00,2025-03-25T16:00:00,2025-03-25T16:00:00,"{'bid': 574.71, 'ask': 574.83}","{'bid': 574.82, 'ask': 574.95}","{'bid': 574.92, 'ask': 575.04}","{'bid': 574.45, 'ask': 574.58}",2109,574.71,574.92,574.45,574.82
2025-03-25 16:15:00,2025-03-25T16:15:00,2025-03-25T16:15:00,"{'bid': 574.81, 'ask': 574.94}","{'bid': 574.47, 'ask': 574.59}","{'bid': 574.85, 'ask': 574.98}","{'bid': 574.34, 'ask': 574.46}",1639,574.81,574.85,574.34,574.47
2025-03-25 16:30:00,2025-03-25T16:30:00,2025-03-25T16:30:00,"{'bid': 574.46, 'ask': 574.59}","{'bid': 574.61, 'ask': 574.73}","{'bid': 574.71, 'ask': 574.83}","{'bid': 574.12, 'ask': 574.25}",1517,574.46,574.71,574.12,574.61
2025-03-25 16:45:00,2025-03-25T16:45:00,2025-03-25T16:45:00,"{'bid': 574.61, 'ask': 574.74}","{'bid': 574.9, 'ask': 575.02}","{'bid': 575.02, 'ask': 575.14}","{'bid': 574.4, 'ask': 574.53}",1119,574.61,575.02,574.4,574.9
2025-03-25 17:00:00,2025-03-25T17:00:00,2025-03-25T17:00:00,"{'bid': 574.89, 'ask': 575.02}","{'bid': 575.05, 'ask': 575.18}","{'bid': 575.48, 'ask': 575.6}","{'bid': 574.89, 'ask': 575.01}",1196,574.89,575.48,574.89,575.05
2025-03-25 17:15:00,2025-03-25T17:15:00,2025-03-25T17:15:00,"{'bid': 575.07, 'ask': 575.2}","{'bid': 574.11, 'ask': 574.23}","{'bid': 575.07, 'ask': 575.2}","{'bid': 573.96, 'ask': 574.08}",1676,575.07,575.07,573.96,574.11
2025-03-25 17:30:00,2025-03-25T17:30:00,2025-03-25T17:30:00,"{'bid': 574.11, 'ask': 574.24}","{'bid': 574.54, 'ask': 574.66}","{'bid': 574.63, 'ask': 574.75}","{'bid': 574.11, 'ask': 574.24}",1560,574.11,574.63,574.11,574.54
2025-03-25 17:45:00,2025-03-25T17:45:00,2025-03-25T17:45:00,"{'bid': 574.53, 'ask': 574.65}","{'bid': 574.06, 'ask': 574.19}","{'bid': 574.53, 'ask': 574.66}","{'bid': 574.03, 'ask': 574.15}",1487,574.53,574.53,574.03,574.06
2025-03-25 18:00:00,2025-03-25T18:00:00,2025-03-25T18:00:00,"{'bid': 574.05, 'ask': 574.17}","{'bid': 574.57, 'ask': 574.7}","{'bid': 574.59, 'ask': 574.71}","{'bid': 573.75, 'ask': 573.88}",1853,574.05,574.59,573.75,574.57
2025-03-25 18:15:00,2025-03-25T18:15:00,2025-03-25T18:15:00,"{'bid': 574.58, 'ask': 574.7}","{'bid': 574.35, 'ask': 574.48}","{'bid': 574.88, 'ask': 575.01}","{'bid': 574.22, 'ask': 574.35}",1513,574.58,574.88,574.22,574.35
2025-03-25 18:30:00,2025-03-25T18:30:00,2025-03-25T18:30:00,"{'bid': 574.36, 'ask': 574.49}","{'bid': 574.09, 'ask': 574.22}","{'bid': 574.52, 'ask': 574.64}","{'bid': 573.84, 'ask': 573.96}",1789,574.36,574.52,573.84,574.09
2025-03-25 18:45:00,2025-03-25T18:45:00,2025-03-25T18:45:00,"{'bid': 574.08, 'ask': 574.21}","{'bid': 573.86, 'ask': 573.99}","{'bid': 574.22, 'ask': 574.35}","{'bid': 573.64, 'ask': 573.77}",1688,574.08,574.22,573.64,573.86
2025-03-25 19:00:00,2025-03-25T19:00:00,2025-03-25T19:00:00,"{'bid': 573.86, 'ask': 573.98}","{'bid': 574.1, 'ask': 574.22}","{'bid': 574.54, 'ask': 574.67}","{'bid': 573.83, 'ask': 573.95}",1628,573.86,574.54,573.83,574.1
2025-03-25 19:15:00,2025-03-25T19:15:00,2025-03-25T19:15:00,"{'bid': 574.09, 'ask': 574.22}","{'bid': 574.04, 'ask': 574.17}","{'bid': 574.41, 'ask': 574.54}","{'bid': 574.0, 'ask': 574.13}",1562,574.09,574.41,574.0,574.04
2025-03-25 19:30:00,2025-03-25T19:30:00,2025-03-25T19:30:00,"{'bid': 574.05, 'ask': 574.18}","{'bid': 574.78, 'ask': 574.91}","{'bid': 574.87, 'ask': 574.99}","{'bid': 573.81, 'ask': 573.93}",2802,574.05,574.87,573.81,574.78
2025-03-25 19:45:00,2025-03-25T19:45:00,2025-03-25T19:45:00,"{'bid': 574.8, 'ask': 574.93}","{'bid': 575.29, 'ask': 575.42}","{'bid': 575.52, 'ask': 575.65}","{'bid': 574.65, 'ask': 574.78}",3345,574.8,575.52,574.65,575.29
2025-03-25 20:00:00,2025-03-25T20:00:00,2025-03-25T20:00:00,"{'bid': 575.31, 'ask': 575.44}","{'bid': 575.52, 'ask': 575.65}","{'bid': 575.64, 'ask': 575.77}","{'bid': 575.29, 'ask': 575.41}",950,575.31,575.64,575.29,575.52
2025-03-25 20:15:00,2025-03-25T20:15:00,2025-03-25T20:15:00,"{'bid': 575.54, 'ask': 575.66}","{'bid': 575.73, 'ask': 575.86}","{'bid': 575.75, 'ask': 575.89}","{'bid': 575.37, 'ask': 575.64}",272,575.54,575.75,575.37,575.73
2025-03-25 20:30:00,2025-03-25T20:30:00,2025-03-25T20:30:00,"{'bid': 575.71, 'ask': 575.86}","{'bid': 575.8, 'ask': 575.92}","{'bid': 575.87, 'ask': 576.01}","{'bid': 575.69, 'ask': 575.83}",171,575.71,575.87,575.69,575.8
2025-03-25 20:45:00,2025-03-25T20:45:00,2025-03-25T20:45:00,"{'bid': 575.8, 'ask': 575.93}","{'bid': 575.83, 'ask': 575.96}","{'bid': 575.83, 'ask': 575.97}","{'bid': 575.69, 'ask': 575.86}",186,575.8,575.83,575.69,575.83
2025-03-25 21:00:00,2025-03-25T21:00:00,2025-03-25T21:00:00,"{'bid': 575.83, 'ask': 575.95}","{'bid': 575.85, 'ask': 575.97}","{'bid': 575.86, 'ask': 575.99}","{'bid': 575.72, 'ask': 575.9}",30,575.83,575.86,575.72,575.85
2025-03-25 21:15:00,2025-03-25T21:15:00,2025-03-25T21:15:00,"{'bid': 575.77, 'ask': 575.97}","{'bid': 575.79, 'ask': 576.07}","{'bid': 575.86, 'ask': 576.09}","{'bid': 575.77, 'ask': 575.97}",14,575.77,575.86,575.77,575.79
2025-03-25 21:30:00,2025-03-25T21:30:00,2025-03-25T21:30:00,"{'bid': 575.89, 'ask': 576.07}","{'bid': 575.79, 'ask': 575.98}","{'bid': 575.89, 'ask': 576.07}","{'bid': 575.79, 'ask': 575.97}",17,575.89,575.89,575.79,575.79
2025-03-25 21:45:00,2025-03-25T21:45:00,2025-03-25T21:45:00,"{'bid': 575.79, 'ask': 576.0}","{'bid': 575.76, 'ask': 575.89}","{'bid': 575.84, 'ask': 576.0}","{'bid': 575.75, 'ask': 575.89}",30,575.79,575.84,575.75,575.76
2025-03-25 22:00:00,2025-03-25T22:00:00,2025-03-25T22:00:00,"{'bid': 575.75, 'ask': 575.88}","{'bid': 575.85, 'ask': 576.06}","{'bid': 576.11, 'ask': 576.32}","{'bid': 575.73, 'ask': 575.88}",328,575.75,576.11,575.73,575.85
2025-03-25 22:15:00,2025-03-25T22:15:00,2025-03-25T22:15:00,"{'bid': 575.73, 'ask': 576.03}","{'bid': 575.78, 'ask': 575.96}","{'bid': 575.9, 'ask': 576.15}","{'bid': 575.71, 'ask': 575.9}",171,575.73,575.9,575.71,575.78
2025-03-25 22:30:00,2025-03-25T22:30:00,2025-03-25T22:30:00,"{'bid': 575.78, 'ask': 575.9}","{'bid': 575.61, 'ask': 575.78}","{'bid': 575.78, 'ask': 575.96}","{'bid': 575.55, 'ask': 575.71}",164,575.78,575.78,575.55,575.61
2025-03-25 22:45:00,2025-03-25T22:45:00,2025-03-25T22:45:00,"{'bid': 575.57, 'ask': 575.78}","{'bid': 575.65, 'ask': 575.78}","{'bid': 575.72, 'ask': 575.84}","{'bid': 575.55, 'ask': 575.73}",81,575.57,575.72,575.55,575.65
2025-03-25 23:00:00,2025-03-25T23:00:00,2025-03-25T23:00:00,"{'bid': 575.66, 'ask': 575.78}","{'bid': 575.74, 'ask': 575.9}","{'bid': 575.81, 'ask': 576.04}","{'bid': 575.55, 'ask': 575.78}",154,575.66,575.81,575.55,575.74
2025-03-25 23:15:00,2025-03-25T23:15:00,2025-03-25T23:15:00,"{'bid': 575.74, 'ask': 575.91}","{'bid': 575.8, 'ask': 575.95}","{'bid': 575.81, 'ask': 575.96}","{'bid': 575.55, 'ask': 575.83}",100,575.74,575.81,575.55,575.8
2025-03-25 23:30:00,2025-03-25T23:30:00,2025-03-25T23:30:00,"{'bid': 575.8, 'ask': 575.96}","{'bid': 575.96, 'ask': 576.14}","{'bid': 575.96, 'ask': 576.15}","{'bid': 575.55, 'ask': 575.84}",139,575.8,575.96,575.55,575.96
2025-03-25 23:45:00,2025-03-25T23:45:00,2025-03-25T23:45:00,"{'bid': 575.94, 'ask': 576.14}","{'bid': 575.92, 'ask': 576.09}","{'bid': 576.11, 'ask': 576.28}","{'bid': 575.89, 'ask': 576.03}",225,575.94,576.11,575.89,575.92
2025-03-26 08:00:00,2025-03-26T08:00:00,2025-03-26T08:00:00,"{'bid': 575.02, 'ask': 575.3}","{'bid': 574.73, 'ask': 574.93}","{'bid': 575.22, 'ask': 575.75}","{'bid': 574.37, 'ask': 574.57}",756,575.02,575.22,574.37,574.73
2025-03-26 08:15:00,2025-03-26T08:15:00,2025-03-26T08:15:00,"{'bid': 574.71, 'ask': 574.92}","{'bid': 574.75, 'ask': 574.93}","{'bid': 574.84, 'ask': 575.3}","{'bid': 574.3, 'ask': 574.6}",557,574.71,574.84,574.3,574.75
2025-03-26 08:30:00,2025-03-26T08:30:00,2025-03-26T08:30:00,"{'bid': 574.74, 'ask': 574.93}","{'bid': 574.99, 'ask': 575.16}","{'bid': 575.08, 'ask': 575.45}","{'bid': 574.6, 'ask': 574.91}",358,574.74,575.08,574.6,574.99
2025-03-26 08:45:00,2025-03-26T08:45:00,2025-03-26T08:45:00,"{'bid': 574.98, 'ask': 575.16}","{'bid': 574.6, 'ask': 574.76}","{'bid': 574.99, 'ask': 575.44}","{'bid': 574.3, 'ask': 574.68}",532,574.98,574.99,574.3,574.6
2025-03-26 09:00:00,2025-03-26T09:00:00,2025-03-26T09:00:00,"{'bid': 574.6, 'ask': 574.77}","{'bid': 574.82, 'ask': 574.98}","{'bid': 574.97, 'ask': 575.45}","{'bid': 574.15, 'ask': 574.64}",683,574.6,574.97,574.15,574.82
2025-03-26 09:15:00,2025-03-26T09:15:00,2025-03-26T09:15:00,"{'bid': 574.82, 'ask': 574.99}","{'bid': 574.58, 'ask': 574.74}","{'bid': 574.91, 'ask': 575.06}","{'bid': 574.15, 'ask': 574.57}",612,574.82,574.91,574.15,574.58
2025-03-26 09:30:00,2025-03-26T09:30:00,2025-03-26T09:30:00,"{'bid': 574.57, 'ask': 574.74}","{'bid': 574.57, 'ask': 574.78}","{'bid': 574.81, 'ask': 575.15}","{'bid': 574.15, 'ask': 574.65}",534,574.57,574.81,574.15,574.57
2025-03-26 09:45:00,2025-03-26T09:45:00,2025-03-26T09:45:00,"{'bid': 574.57, 'ask': 574.77}","{'bid': 574.25, 'ask': 574.4}","{'bid': 574.79, 'ask': 575.15}","{'bid': 573.95, 'ask': 574.38}",517,574.57,574.79,573.95,574.25
2025-03-26 10:00:00,2025-03-26T10:00:00,2025-03-26T10:00:00,"{'bid': 574.24, 'ask': 574.39}","{'bid': 574.43, 'ask': 574.68}","{'bid': 574.55, 'ask': 574.85}","{'bid': 573.95, 'ask': 574.29}",734,574.24,574.55,573.95,574.43
2025-03-26 10:15:00,2025-03-26T10:15:00,2025-03-26T10:15:00,"{'bid': 574.45, 'ask': 574.68}","{'bid': 574.64, 'ask': 574.79}","{'bid': 574.75, 'ask': 574.93}","{'bid': 574.15, 'ask': 574.65}",424,574.45,574.75,574.15,574.64
2025-03-26 10:30:00,2025-03-26T10:30:00,2025-03-26T10:30:00,"{'bid': 574.64, 'ask': 574.78}","{'bid': 574.9, 'ask': 575.05}","{'bid': 575.05, 'ask': 575.45}","{'bid': 574.45, 'ask': 574.75}",468,574.64,575.05,574.45,574.9
2025-03-26 10:45:00,2025-03-26T10:45:00,2025-03-26T10:45:00,"{'bid': 574.88, 'ask': 575.04}","{'bid': 575.28, 'ask': 575.43}","{'bid': 575.3, 'ask': 575.48}","{'bid': 574.83, 'ask': 575.02}",387,574.88,575.3,574.83,575.28
2025-03-26 11:00:00,2025-03-26T11:00:00,2025-03-26T11:00:00,"{'bid': 575.29, 'ask': 575.44}","{'bid': 575.22, 'ask': 575.36}","{'bid': 575.41, 'ask': 575.75}","{'bid': 574.75, 'ask': 575.14}",462,575.29,575.41,574.75,575.22
2025-03-26 11:15:00,2025-03-26T11:15:00,2025-03-26T11:15:00,"{'bid': 575.21, 'ask': 575.36}","{'bid': 575.38, 'ask': 575.55}","{'bid': 575.45, 'ask': 575.69}","{'bid': 574.75, 'ask': 575.21}",336,575.21,575.45,574.75,575.38
2025-03-26 11:30:00,2025-03-26T11:30:00,2025-03-26T11:30:00,"{'bid': 575.33, 'ask': 575.52}","{'bid': 575.63, 'ask': 575.77}","{'bid': 575.71, 'ask': 576.05}","{'bid': 575.05, 'ask': 575.45}",406,575.33,575.71,575.05,575.63
2025-03-26 11:45:00,2025-03-26T11:45:00,2025-03-26T11:45:00,"{'bid': 575.62, 'ask': 575.77}","{'bid': 575.62, 'ask': 575.76}","{'bid': 575.8, 'ask': 576.35}","{'bid': 575.05, 'ask': 575.7}",407,575.62,575.8,575.05,575.62
2025-03-26 12:00:00,2025-03-26T12:00:00,2025-03-26T12:00:00,"{'bid': 575.59, 'ask': 575.76}","{'bid': 575.35, 'ask': 575.51}","{'bid': 575.65, 'ask': 576.05}","{'bid': 575.05, 'ask': 575.47}",570,575.59,575.65,575.05,575.35
2025-03-26 12:15:00,2025-03-26T12:15:00,2025-03-26T12:15:00,"{'bid': 575.36, 'ask': 575.51}","{'bid': 575.12, 'ask': 575.46}","{'bid': 575.39, 'ask': 575.75}","{'bid': 574.75, 'ask': 575.29}",573,575.36,575.39,574.75,575.12
2025-03-26 12:30:00,2025-03-26T12:30:00,2025-03-26T12:30:00,"{'bid': 575.16, 'ask': 575.81}","{'bid': 575.57, 'ask': 575.7}","{'bid': 575.59, 'ask': 576.05}","{'bid': 574.7, 'ask': 575.1}",1177,575.16,575.59,574.7,575.57
2025-03-26 12:45:00,2025-03-26T12:45:00,2025-03-26T12:45:00,"{'bid': 575.57, 'ask': 575.69}","{'bid': 575.69, 'ask': 575.86}","{'bid': 575.87, 'ask': 576.01}","{'bid': 575.35, 'ask': 575.69}",701,575.57,575.87,575.35,575.69
2025-03-26 13:00:00,2025-03-26T13:00:00,2025-03-26T13:00:00,"{'bid': 575.69, 'ask': 575.84}","{'bid': 575.74, 'ask': 575.88}","{'bid': 575.88, 'ask': 576.04}","{'bid': 575.48, 'ask': 575.63}",777,575.69,575.88,575.48,575.74
2025-03-26 13:15:00,2025-03-26T13:15:00,2025-03-26T13:15:00,"{'bid': 575.74, 'ask': 575.87}","{'bid': 575.08, 'ask': 575.23}","{'bid': 575.76, 'ask': 575.91}","{'bid': 574.81, 'ask': 574.96}",1001,575.74,575.76,574.81,575.08
2025-03-26 13:30:00,2025-03-26T13:30:00,2025-03-26T13:30:00,"{'bid': 575.09, 'ask': 575.25}","{'bid': 575.71, 'ask': 575.84}","{'bid': 576.13, 'ask': 576.35}","{'bid': 574.68, 'ask': 574.8}",4929,575.09,576.13,574.68,575.71
2025-03-26 13:45:00,2025-03-26T13:45:00,2025-03-26T13:45:00,"{'bid': 575.72, 'ask': 575.84}","{'bid': 573.57, 'ask': 573.7}","{'bid': 575.83, 'ask': 575.95}","{'bid': 573.22, 'ask': 573.4}",4336,575.72,575.83,573.22,573.57
2025-03-26 14:00:00,2025-03-26T14:00:00,2025-03-26T14:00:00,"{'bid': 573.56, 'ask': 573.7}","{'bid': 573.93, 'ask': 574.07}","{'bid': 574.41, 'ask': 574.61}","{'bid': 573.27, 'ask': 573.4}",4513,573.56,574.41,573.27,573.93
2025-03-26 14:15:00,2025-03-26T14:15:00,2025-03-26T14:15:00,"{'bid': 573.94, 'ask': 574.08}","{'bid': 573.31, 'ask': 573.44}","{'bid': 574.14, 'ask': 574.27}","{'bid': 572.43, 'ask': 572.55}",3925,573.94,574.14,572.43,573.31
2025-03-26 14:30:00,2025-03-26T14:30:00,2025-03-26T14:30:00,"{'bid': 573.3, 'ask': 573.44}","{'bid': 573.37, 'ask': 573.49}","{'bid': 573.63, 'ask': 573.76}","{'bid': 573.1, 'ask': 573.23}",2734,573.3,573.63,573.1,573.37
2025-03-26 14:45:00,2025-03-26T14:45:00,2025-03-26T14:45:00,"{'bid': 573.38, 'ask': 573.51}","{'bid': 573.36, 'ask': 573.49}","{'bid': 573.76, 'ask': 573.88}","{'bid': 572.8, 'ask': 572.93}",2412,573.38,573.76,572.8,573.36
2025-03-26 15:00:00,2025-03-26T15:00:00,2025-03-26T15:00:00,"{'bid': 573.37, 'ask': 573.5}","{'bid': 573.48, 'ask': 573.61}","{'bid': 573.78, 'ask': 573.91}","{'bid': 573.27, 'ask': 573.41}",2207,573.37,573.78,573.27,573.48
2025-03-26 15:15:00,2025-03-26T15:15:00,2025-03-26T15:15:00,"{'bid': 573.48, 'ask': 573.6}","{'bid': 572.26, 'ask': 572.39}","{'bid': 573.51, 'ask': 573.64}","{'bid': 571.89, 'ask': 572.01}",2605,573.48,573.51,571.89,572.26
2025-03-26 15:30:00,2025-03-26T15:30:00,2025-03-26T15:30:00,"{'bid': 572.26, 'ask': 572.38}","{'bid': 572.02, 'ask': 572.14}","{'bid': 572.73, 'ask': 572.86}","{'bid': 571.94, 'ask': 572.06}",2736,572.26,572.73,571.94,572.02
2025-03-26 15:45:00,2025-03-26T15:45:00,2025-03-26T15:45:00,"{'bid': 572.01, 'ask': 572.14}","{'bid': 570.6, 'ask': 570.72}","{'bid': 572.09, 'ask': 572.22}","{'bid': 570.06, 'ask': 570.18}",3554,572.01,572.09,570.06,570.6
2025-03-26 16:00:00,2025-03-26T16:00:00,2025-03-26T16:00:00,"{'bid': 570.6, 'ask': 570.73}","{'bid': 570.63, 'ask': 570.75}","{'bid': 570.93, 'ask': 571.05}","{'bid': 570.17, 'ask': 570.3}",3003,570.6,570.93,570.17,570.63
2025-03-26 16:15:00,2025-03-26T16:15:00,2025-03-26T16:15:00,"{'bid': 570.62, 'ask': 570.75}","{'bid': 571.01, 'ask': 571.14}","{'bid': 571.05, 'ask': 571.18}","{'bid': 570.14, 'ask': 570.27}",2395,570.62,571.05,570.14,571.01
2025-03-26 16:30:00,2025-03-26T16:30:00,2025-03-26T16:30:00,"{'bid': 571.01, 'ask': 571.13}","{'bid': 570.33, 'ask': 570.46}","{'bid': 571.33, 'ask': 571.46}","{'bid': 570.26, 'ask': 570.38}",2410,571.01,571.33,570.26,570.33
2025-03-26 16:45:00,2025-03-26T16:45:00,2025-03-26T16:45:00,"{'bid': 570.32, 'ask': 570.45}","{'bid': 569.42, 'ask': 569.55}","{'bid': 570.88, 'ask': 571.01}","{'bid': 569.22, 'ask': 569.35}",2542,570.32,570.88,569.22,569.42
2025-03-26 17:00:00,2025-03-26T17:00:00,2025-03-26T17:00:00,"{'bid': 569.4, 'ask': 569.53}","{'bid': 569.82, 'ask': 569.95}","{'bid': 570.13, 'ask': 570.26}","{'bid': 569.32, 'ask': 569.46}",2734,569.4,570.13,569.32,569.82
2025-03-26 17:15:00,2025-03-26T17:15:00,2025-03-26T17:15:00,"{'bid': 569.8, 'ask': 569.94}","{'bid': 568.89, 'ask': 569.02}","{'bid': 569.85, 'ask': 569.98}","{'bid': 568.72, 'ask': 568.84}",3035,569.8,569.85,568.72,568.89
2025-03-26 17:30:00,2025-03-26T17:30:00,2025-03-26T17:30:00,"{'bid': 568.9, 'ask': 569.03}","{'bid': 568.49, 'ask': 568.63}","{'bid': 569.22, 'ask': 569.34}","{'bid': 567.88, 'ask': 568.0}",3448,568.9,569.22,567.88,568.49
2025-03-26 17:45:00,2025-03-26T17:45:00,2025-03-26T17:45:00,"{'bid': 568.5, 'ask': 568.62}","{'bid': 567.98, 'ask': 568.1}","{'bid': 568.87, 'ask': 569.01}","{'bid': 567.95, 'ask': 568.08}",2369,568.5,568.87,567.95,567.98
2025-03-26 18:00:00,2025-03-26T18:00:00,2025-03-26T18:00:00,"{'bid': 568.0, 'ask': 568.12}","{'bid': 568.94, 'ask': 569.06}","{'bid': 569.22, 'ask': 569.35}","{'bid': 567.91, 'ask': 568.04}",2262,568.0,569.22,567.91,568.94
2025-03-26 18:15:00,2025-03-26T18:15:00,2025-03-26T18:15:00,"{'bid': 568.93, 'ask': 569.06}","{'bid': 569.19, 'ask': 569.31}","{'bid': 569.43, 'ask': 569.55}","{'bid': 568.81, 'ask': 568.94}",2203,568.93,569.43,568.81,569.19
2025-03-26 18:30:00,2025-03-26T18:30:00,2025-03-26T18:30:00,"{'bid': 569.17, 'ask': 569.29}","{'bid': 568.1, 'ask': 568.24}","{'bid': 569.42, 'ask': 569.55}","{'bid': 567.96, 'ask': 568.1}",2240,569.17,569.42,567.96,568.1
2025-03-26 18:45:00,2025-03-26T18:45:00,2025-03-26T18:45:00,"{'bid': 568.09, 'ask': 568.23}","{'bid': 567.35, 'ask': 567.47}","{'bid': 568.3, 'ask': 568.43}","{'bid': 567.14, 'ask': 567.26}",2601,568.09,568.3,567.14,567.35
2025-03-26 19:00:00,2025-03-26T19:00:00,2025-03-26T19:00:00,"{'bid': 567.33, 'ask': 567.46}","{'bid': 567.43, 'ask': 567.55}","{'bid': 567.95, 'ask': 568.08}","{'bid': 567.13, 'ask': 567.26}",2555,567.33,567.95,567.13,567.43
2025-03-26 19:15:00,2025-03-26T19:15:00,2025-03-26T19:15:00,"{'bid': 567.44, 'ask': 567.56}","{'bid': 567.63, 'ask': 567.76}","{'bid': 568.64, 'ask': 568.79}","{'bid': 567.35, 'ask': 567.48}",2702,567.44,568.64,567.35,567.63
2025-03-26 19:30:00,2025-03-26T19:30:00,2025-03-26T19:30:00,"{'bid': 567.64, 'ask': 567.77}","{'bid': 568.28, 'ask': 568.41}","{'bid': 568.57, 'ask': 568.69}","{'bid': 567.54, 'ask': 567.67}",3037,567.64,568.57,567.54,568.28
2025-03-26 19:45:00,2025-03-26T19:45:00,2025-03-26T19:45:00,"{'bid': 568.3, 'ask': 568.43}","{'bid': 568.71, 'ask': 568.83}","{'bid': 569.52, 'ask': 569.65}","{'bid': 568.06, 'ask': 568.18}",4677,568.3,569.52,568.06,568.71
2025-03-26 20:00:00,2025-03-26T20:00:00,2025-03-26T20:00:00,"{'bid': 568.71, 'ask': 568.84}","{'bid': 568.62, 'ask': 568.76}","{'bid': 568.84, 'ask': 568.98}","{'bid': 568.4, 'ask': 568.55}",1381,568.71,568.84,568.4,568.62
2025-03-26 20:15:00,2025-03-26T20:15:00,2025-03-26T20:15:00,"{'bid': 568.61, 'ask': 568.75}","{'bid': 568.22, 'ask': 568.37}","{'bid': 568.63, 'ask': 568.8}","{'bid': 568.12, 'ask': 568.26}",496,568.61,568.63,568.12,568.22
2025-03-26 20:30:00,2025-03-26T20:30:00,2025-03-26T20:30:00,"{'bid': 568.22, 'ask': 568.36}","{'bid': 568.2, 'ask': 568.34}","{'bid': 568.29, 'ask': 568.45}","{'bid': 568.05, 'ask': 568.18}",362,568.22,568.29,568.05,568.2
2025-03-26 20:45:00,2025-03-26T20:45:00,2025-03-26T20:45:00,"{'bid': 568.21, 'ask': 568.35}","{'bid': 568.25, 'ask': 568.47}","{'bid': 568.36, 'ask': 568.51}","{'bid': 567.55, 'ask': 568.16}",422,568.21,568.36,567.55,568.25
2025-03-26 21:00:00,2025-03-26T21:00:00,2025-03-26T21:00:00,"{'bid': 568.24, 'ask': 568.47}","{'bid': 568.21, 'ask': 568.49}","{'bid': 568.37, 'ask': 568.55}","{'bid': 568.11, 'ask': 568.37}",28,568.24,568.37,568.11,568.21
2025-03-26 21:15:00,2025-03-26T21:15:00,2025-03-26T21:15:00,"{'bid': 568.2, 'ask': 568.54}","{'bid': 567.7, 'ask': 568.15}","{'bid': 568.2, 'ask': 568.54}","{'bid': 566.95, 'ask': 567.8}",147,568.2,568.2,566.95,567.7
2025-03-26 21:30:00,2025-03-26T21:30:00,2025-03-26T21:30:00,"{'bid': 567.7, 'ask': 568.14}","{'bid': 567.73, 'ask': 568.05}","{'bid': 568.0, 'ask': 568.35}","{'bid': 567.66, 'ask': 567.85}",130,567.7,568.0,567.66,567.73
2025-03-26 21:45:00,2025-03-26T21:45:00,2025-03-26T21:45:00,"{'bid': 567.73, 'ask': 567.92}","{'bid': 566.97, 'ask': 567.3}","{'bid': 567.75, 'ask': 568.05}","{'bid': 566.65, 'ask': 567.02}",249,567.73,567.75,566.65,566.97
2025-03-26 22:00:00,2025-03-26T22:00:00,2025-03-26T22:00:00,"{'bid': 566.97, 'ask': 567.22}","{'bid': 566.9, 'ask': 567.1}","{'bid': 567.99, 'ask': 568.55}","{'bid': 565.62, 'ask': 566.31}",944,566.97,567.99,565.62,566.9
2025-03-26 22:15:00,2025-03-26T22:15:00,2025-03-26T22:15:00,"{'bid': 566.35, 'ask': 567.1}","{'bid': 566.32, 'ask': 566.54}","{'bid': 567.0, 'ask': 567.95}","{'bid': 565.75, 'ask': 566.22}",1037,566.35,567.0,565.75,566.32
2025-03-26 22:30:00,2025-03-26T22:30:00,2025-03-26T22:30:00,"{'bid': 566.33, 'ask': 566.79}","{'bid': 566.48, 'ask': 567.64}","{'bid': 566.97, 'ask': 567.65}","{'bid': 566.05, 'ask': 566.63}",525,566.33,566.97,566.05,566.48
2025-03-26 22:45:00,2025-03-26T22:45:00,2025-03-26T22:45:00,"{'bid': 566.48, 'ask': 567.22}","{'bid': 566.06, 'ask': 566.75}","{'bid': 566.97, 'ask': 567.65}","{'bid': 565.75, 'ask': 566.71}",303,566.48,566.97,565.75,566.06
2025-03-26 23:00:00,2025-03-26T23:00:00,2025-03-26T23:00:00,"{'bid': 566.06, 'ask': 566.94}","{'bid': 566.6, 'ask': 566.99}","{'bid': 566.72, 'ask': 567.12}","{'bid': 565.95, 'ask': 566.57}",315,566.06,566.72,565.95,566.6
2025-03-26 23:15:00,2025-03-26T23:15:00,2025-03-26T23:15:00,"{'bid': 566.64, 'ask': 566.99}","{'bid': 566.87, 'ask': 567.11}","{'bid': 566.95, 'ask': 567.12}","{'bid': 566.05, 'ask': 566.81}",177,566.64,566.95,566.05,566.87
2025-03-26 23:30:00,2025-03-26T23:30:00,2025-03-26T23:30:00,"{'bid': 566.89, 'ask': 567.11}","{'bid': 567.16, 'ask': 567.36}","{'bid': 567.2, 'ask': 567.95}","{'bid': 566.79, 'ask': 567.05}",187,566.89,567.2,566.79,567.16
2025-03-26 23:45:00,2025-03-26T23:45:00,2025-03-26T23:45:00,"{'bid': 567.16, 'ask': 567.35}","{'bid': 567.51, 'ask': 567.7}","{'bid': 567.7, 'ask': 568.55}","{'bid': 567.16, 'ask': 567.35}",470,567.16,567.7,567.16,567.51
2025-03-27 08:00:00,2025-03-27T08:00:00,2025-03-27T08:00:00,"{'bid': 568.3, 'ask': 568.56}","{'bid': 567.64, 'ask': 567.83}","{'bid': 568.79, 'ask': 569.05}","{'bid': 566.81, 'ask': 567.32}",1780,568.3,568.79,566.81,567.64
2025-03-27 08:15:00,2025-03-27T08:15:00,2025-03-27T08:15:00,"{'bid': 567.64, 'ask': 567.84}","{'bid': 568.28, 'ask': 568.49}","{'bid': 568.34, 'ask': 568.85}","{'bid': 567.42, 'ask': 567.79}",1233,567.64,568.34,567.42,568.28
2025-03-27 08:30:00,2025-03-27T08:30:00,2025-03-27T08:30:00,"{'bid': 568.3, 'ask': 568.85}","{'bid': 568.63, 'ask': 568.81}","{'bid': 568.86, 'ask': 569.05}","{'bid': 568.15, 'ask': 568.51}",884,568.3,568.86,568.15,568.63
2025-03-27 08:45:00,2025-03-27T08:45:00,2025-03-27T08:45:00,"{'bid': 568.63, 'ask': 568.82}","{'bid': 569.21, 'ask': 569.44}","{'bid': 569.26, 'ask': 569.59}","{'bid': 568.15, 'ask': 568.36}",861,568.63,569.26,568.15,569.21
2025-03-27 09:00:00,2025-03-27T09:00:00,2025-03-27T09:00:00,"{'bid': 569.21, 'ask': 569.38}","{'bid': 569.03, 'ask': 569.29}","{'bid': 569.26, 'ask': 569.75}","{'bid': 568.45, 'ask': 568.95}",752,569.21,569.26,568.45,569.03
2025-03-27 09:15:00,2025-03-27T09:15:00,2025-03-27T09:15:00,"{'bid': 569.03, 'ask': 569.27}","{'bid': 569.33, 'ask': 569.53}","{'bid': 569.42, 'ask': 569.75}","{'bid': 568.46, 'ask': 568.89}",650,569.03,569.42,568.46,569.33
2025-03-27 09:30:00,2025-03-27T09:30:00,2025-03-27T09:30:00,"{'bid': 569.34, 'ask': 569.52}","{'bid': 569.08, 'ask': 569.27}","{'bid': 569.44, 'ask': 570.03}","{'bid': 568.45, 'ask': 569.09}",656,569.34,569.44,568.45,569.08
2025-03-27 09:45:00,2025-03-27T09:45:00,2025-03-27T09:45:00,"{'bid': 569.09, 'ask': 569.27}","{'bid': 569.39, 'ask': 569.54}","{'bid': 569.56, 'ask': 570.05}","{'bid': 568.75, 'ask': 569.25}",584,569.09,569.56,568.75,569.39
2025-03-27 10:00:00,2025-03-27T10:00:00,2025-03-27T10:00:00,"{'bid': 569.4, 'ask': 569.55}","{'bid': 569.51, 'ask': 569.69}","{'bid': 569.78, 'ask': 570.05}","{'bid': 568.75, 'ask': 569.42}",612,569.4,569.78,568.75,569.51
2025-03-27 10:15:00,2025-03-27T10:15:00,2025-03-27T10:15:00,"{'bid': 569.51, 'ask': 569.68}","{'bid': 569.24, 'ask': 569.4}","{'bid': 569.57, 'ask': 570.05}","{'bid': 569.05, 'ask': 569.28}",684,569.51,569.57,569.05,569.24
2025-03-27 10:30:00,2025-03-27T10:30:00,2025-03-27T10:30:00,"{'bid': 569.25, 'ask': 569.4}","{'bid': 569.04, 'ask': 569.28}","{'bid': 569.39, 'ask': 570.05}","{'bid': 568.46, 'ask': 569.17}",385,569.25,569.39,568.46,569.04
2025-03-27 10:45:00,2025-03-27T10:45:00,2025-03-27T10:45:00,"{'bid': 569.05, 'ask': 569.28}","{'bid': 568.26, 'ask': 568.4}","{'bid': 569.14, 'ask': 569.75}","{'bid': 567.85, 'ask': 568.37}",941,569.05,569.14,567.85,568.26
2025-03-27 11:00:00,2025-03-27T11:00:00,2025-03-27T11:00:00,"{'bid': 568.26, 'ask': 568.41}","{'bid': 568.12, 'ask': 568.34}","{'bid': 568.83, 'ask': 569.15}","{'bid': 567.55, 'ask': 568.11}",1168,568.26,568.83,567.55,568.12
2025-03-27 11:15:00,2025-03-27T11:15:00,2025-03-27T11:15:00,"{'bid': 568.12, 'ask': 568.31}","{'bid': 567.39, 'ask': 567.56}","{'bid': 568.29, 'ask': 568.85}","{'bid': 566.95, 'ask': 567.46}",907,568.12,568.29,566.95,567.39
2025-03-27 11:30:00,2025-03-27T11:30:00,2025-03-27T11:30:00,"{'bid': 567.35, 'ask': 567.57}","{'bid': 568.15, 'ask': 568.3}","{'bid': 568.26, 'ask': 568.55}","{'bid': 567.25, 'ask': 567.55}",893,567.35,568.26,567.25,568.15
2025-03-27 11:45:00,2025-03-27T11:45:00,2025-03-27T11:45:00,"{'bid': 568.17, 'ask': 568.34}","{'bid': 568.62, 'ask': 568.77}","{'bid': 568.74, 'ask': 569.05}","{'bid': 567.85, 'ask': 568.25}",739,568.17,568.74,567.85,568.62
2025-03-27 12:00:00,2025-03-27T12:00:00,2025-03-27T12:00:00,"{'bid': 568.61, 'ask': 568.77}","{'bid': 568.23, 'ask': 568.39}","{'bid': 568.64, 'ask': 569.05}","{'bid': 567.55, 'ask': 568.05}",1450,568.61,568.64,567.55,568.23
2025-03-27 12:15:00,2025-03-27T12:15:00,2025-03-27T12:15:00,"{'bid': 568.2, 'ask': 568.37}","{'bid': 565.95, 'ask': 568.4}","{'bid': 568.32, 'ask': 568.59}","{'bid': 565.95, 'ask': 567.94}",1399,568.2,568.32,565.95,565.95
2025-03-27 12:30:00,2025-03-27T12:30:00,2025-03-27T12:30:00,"{'bid': 567.72, 'ask': 568.59}","{'bid': 568.27, 'ask': 568.42}","{'bid': 568.92, 'ask': 569.05}","{'bid': 566.95, 'ask': 568.12}",1890,567.72,568.92,566.95,568.27
2025-03-27 12:45:00,2025-03-27T12:45:00,2025-03-27T12:45:00,"{'bid': 568.26, 'ask': 568.41}","{'bid': 568.04, 'ask': 568.19}","{'bid': 568.41, 'ask': 568.57}","{'bid': 567.75, 'ask': 567.98}",1754,568.26,568.41,567.75,568.04
2025-03-27 13:00:00,2025-03-27T13:00:00,2025-03-27T13:00:00,"{'bid': 568.04, 'ask': 568.2}","{'bid': 567.6, 'ask': 567.75}","{'bid': 568.26, 'ask': 568.55}","{'bid': 567.53, 'ask': 567.71}",1920,568.04,568.26,567.53,567.6
2025-03-27 13:15:00,2025-03-27T13:15:00,2025-03-27T13:15:00,"{'bid': 567.59, 'ask': 567.74}","{'bid': 567.16, 'ask': 567.65}","{'bid': 567.7, 'ask': 568.25}","{'bid': 566.79, 'ask': 566.94}",1604,567.59,567.7,566.79,567.16
2025-03-27 13:30:00,2025-03-27T13:30:00,2025-03-27T13:30:00,"{'bid': 567.17, 'ask': 567.31}","{'bid': 565.49, 'ask': 565.63}","{'bid': 567.44, 'ask': 567.57}","{'bid': 564.88, 'ask': 565.0}",6060,567.17,567.44,564.88,565.49
2025-03-27 13:45:00,2025-03-27T13:45:00,2025-03-27T13:45:00,"{'bid': 565.49, 'ask': 565.61}","{'bid': 568.25, 'ask': 568.4}","{'bid': 568.37, 'ask': 568.49}","{'bid': 565.48, 'ask': 565.61}",6105,565.49,568.37,565.48,568.25
2025-03-27 14:00:00,2025-03-27T14:00:00,2025-03-27T14:00:00,"{'bid': 568.24, 'ask': 568.37}","{'bid': 568.82, 'ask': 568.95}","{'bid': 568.99, 'ask': 569.12}","{'bid': 567.47, 'ask': 567.6}",5275,568.24,568.99,567.47,568.82
2025-03-27 14:15:00,2025-03-27T14:15:00,2025-03-27T14:15:00,"{'bid': 568.83, 'ask': 568.96}","{'bid': 569.45, 'ask': 569.57}","{'bid': 569.5, 'ask': 569.63}","{'bid': 568.16, 'ask': 568.29}",4545,568.83,569.5,568.16,569.45
2025-03-27 14:30:00,2025-03-27T14:30:00,2025-03-27T14:30:00,"{'bid': 569.46, 'ask': 569.59}","{'bid': 570.34, 'ask': 570.46}","{'bid': 570.54, 'ask': 570.67}","{'bid': 569.18, 'ask': 569.31}",3824,569.46,570.54,569.18,570.34
2025-03-27 14:45:00,2025-03-27T14:45:00,2025-03-27T14:45:00,"{'bid': 570.36, 'ask': 570.49}","{'bid': 570.72, 'ask': 570.84}","{'bid': 570.73, 'ask': 570.86}","{'bid': 569.65, 'ask': 569.77}",3492,570.36,570.73,569.65,570.72
2025-03-27 15:00:00,2025-03-27T15:00:00,2025-03-27T15:00:00,"{'bid': 570.73, 'ask': 570.86}","{'bid': 570.63, 'ask': 570.76}","{'bid': 570.83, 'ask': 570.96}","{'bid': 569.98, 'ask': 570.11}",3121,570.73,570.83,569.98,570.63
2025-03-27 15:15:00,2025-03-27T15:15:00,2025-03-27T15:15:00,"{'bid': 570.63, 'ask': 570.75}","{'bid': 569.82, 'ask': 569.94}","{'bid': 570.81, 'ask': 570.94}","{'bid': 569.75, 'ask': 569.87}",2561,570.63,570.81,569.75,569.82
2025-03-27 15:30:00,2025-03-27T15:30:00,2025-03-27T15:30:00,"{'bid': 569.82, 'ask': 569.95}","{'bid': 568.31, 'ask': 568.43}","{'bid': 569.82, 'ask': 569.95}","{'bid': 568.09, 'ask': 568.21}",3693,569.82,569.82,568.09,568.31
2025-03-27 15:45:00,2025-03-27T15:45:00,2025-03-27T15:45:00,"{'bid': 568.32, 'ask': 568.46}","{'bid': 567.89, 'ask': 568.01}","{'bid': 568.53, 'ask': 568.66}","{'bid': 567.8, 'ask': 567.92}",3135,568.32,568.53,567.8,567.89
2025-03-27 16:00:00,2025-03-27T16:00:00,2025-03-27T16:00:00,"{'bid': 567.9, 'ask': 568.03}","{'bid': 568.82, 'ask': 568.95}","{'bid': 569.19, 'ask': 569.31}","{'bid': 567.73, 'ask': 567.85}",3219,567.9,569.19,567.73,568.82
2025-03-27 16:15:00,2025-03-27T16:15:00,2025-03-27T16:15:00,"{'bid': 568.84, 'ask': 568.96}","{'bid': 568.58, 'ask': 568.71}","{'bid': 569.85, 'ask': 569.98}","{'bid': 568.46, 'ask': 568.59}",2823,568.84,569.85,568.46,568.58
2025-03-27 16:30:00,2025-03-27T16:30:00,2025-03-27T16:30:00,"{'bid': 568.57, 'ask': 568.69}","{'bid': 568.6, 'ask': 568.73}","{'bid': 569.25, 'ask': 569.37}","{'bid': 568.25, 'ask': 568.37}",2866,568.57,569.25,568.25,568.6
2025-03-27 16:45:00,2025-03-27T16:45:00,2025-03-27T16:45:00,"{'bid': 568.58, 'ask': 568.71}","{'bid': 566.59, 'ask': 566.71}","{'bid': 568.8, 'ask': 568.92}","{'bid': 566.54, 'ask': 566.67}",3235,568.58,568.8,566.54,566.59
2025-03-27 17:00:00,2025-03-27T17:00:00,2025-03-27T17:00:00,"{'bid': 566.59, 'ask': 566.73}","{'bid': 567.98, 'ask': 568.11}","{'bid': 567.99, 'ask': 568.12}","{'bid': 566.31, 'ask': 566.44}",3039,566.59,567.99,566.31,567.98
2025-03-27 17:15:00,2025-03-27T17:15:00,2025-03-27T17:15:00,"{'bid': 567.98, 'ask': 568.1}","{'bid': 566.72, 'ask': 566.85}","{'bid': 568.13, 'ask': 568.25}","{'bid': 566.66, 'ask': 566.79}",2758,567.98,568.13,566.66,566.72
2025-03-27 17:30:00,2025-03-27T17:30:00,2025-03-27T17:30:00,"{'bid': 566.71, 'ask': 566.84}","{'bid': 566.74, 'ask': 566.86}","{'bid': 567.4, 'ask': 567.53}","{'bid': 566.58, 'ask': 566.7}",3021,566.71,567.4,566.58,566.74
2025-03-27 17:45:00,2025-03-27T17:45:00,2025-03-27T17:45:00,"{'bid': 566.75, 'ask': 566.88}","{'bid': 566.58, 'ask': 566.71}","{'bid': 567.7, 'ask': 567.82}","{'bid': 566.37, 'ask': 566.49}",3011,566.75,567.7,566.37,566.58
2025-03-27 18:00:00,2025-03-27T18:00:00,2025-03-27T18:00:00,"{'bid': 566.59, 'ask': 566.71}","{'bid': 568.41, 'ask': 568.53}","{'bid': 568.44, 'ask': 568.56}","{'bid': 566.49, 'ask': 566.62}",3137,566.59,568.44,566.49,568.41
2025-03-27 18:15:00,2025-03-27T18:15:00,2025-03-27T18:15:00,"{'bid': 568.41, 'ask': 568.54}","{'bid': 567.9, 'ask': 568.02}","{'bid': 568.62, 'ask': 568.75}","{'bid': 567.56, 'ask': 567.69}",3106,568.41,568.62,567.56,567.9
2025-03-27 18:30:00,2025-03-27T18:30:00,2025-03-27T18:30:00,"{'bid': 567.88, 'ask': 568.02}","{'bid': 568.4, 'ask': 568.54}","{'bid': 568.89, 'ask': 569.01}","{'bid': 567.49, 'ask': 567.62}",2988,567.88,568.89,567.49,568.4
2025-03-27 18:45:00,2025-03-27T18:45:00,2025-03-27T18:45:00,"{'bid': 568.41, 'ask': 568.54}","{'bid': 567.51, 'ask': 567.63}","{'bid': 569.12, 'ask': 569.25}","{'bid': 567.36, 'ask': 567.49}",2815,568.41,569.12,567.36,567.51
2025-03-27 19:00:00,2025-03-27T19:00:00,2025-03-27T19:00:00,"{'bid': 567.49, 'ask': 567.62}","{'bid': 569.01, 'ask': 569.14}","{'bid': 569.03, 'ask': 569.15}","{'bid': 567.36, 'ask': 567.48}",3364,567.49,569.03,567.36,569.01
2025-03-27 19:15:00,2025-03-27T19:15:00,2025-03-27T19:15:00,"{'bid': 569.0, 'ask': 569.12}","{'bid': 569.7, 'ask': 569.82}","{'bid': 569.97, 'ask': 570.1}","{'bid': 568.85, 'ask': 568.98}",3100,569.0,569.97,568.85,569.7
2025-03-27 19:30:00,2025-03-27T19:30:00,2025-03-27T19:30:00,"{'bid': 569.68, 'ask': 569.81}","{'bid': 568.69, 'ask': 568.82}","{'bid': 569.75, 'ask': 569.88}","{'bid': 568.32, 'ask': 568.45}",3791,569.68,569.75,568.32,568.69
2025-03-27 19:45:00,2025-03-27T19:45:00,2025-03-27T19:45:00,"{'bid': 568.69, 'ask': 568.81}","{'bid': 566.85, 'ask': 566.98}","{'bid': 568.98, 'ask': 569.11}","{'bid': 566.66, 'ask': 566.78}",4848,568.69,568.98,566.66,566.85
2025-03-27 20:00:00,2025-03-27T20:00:00,2025-03-27T20:00:00,"{'bid': 566.86, 'ask': 567.0}","{'bid': 567.17, 'ask': 567.32}","{'bid': 567.46, 'ask': 567.6}","{'bid': 566.85, 'ask': 566.98}",1618,566.86,567.46,566.85,567.17
2025-03-27 20:15:00,2025-03-27T20:15:00,2025-03-27T20:15:00,"{'bid': 567.18, 'ask': 567.32}","{'bid': 567.22, 'ask': 567.37}","{'bid': 567.26, 'ask': 567.42}","{'bid': 566.87, 'ask': 567.02}",481,567.18,567.26,566.87,567.22
2025-03-27 20:30:00,2025-03-27T20:30:00,2025-03-27T20:30:00,"{'bid': 567.21, 'ask': 567.36}","{'bid': 567.34, 'ask': 567.47}","{'bid': 567.38, 'ask': 567.54}","{'bid': 566.99, 'ask': 567.28}",261,567.21,567.38,566.99,567.34
2025-03-27 20:45:00,2025-03-27T20:45:00,2025-03-27T20:45:00,"{'bid': 567.34, 'ask': 567.48}","{'bid': 566.9, 'ask': 567.19}","{'bid': 567.44, 'ask': 567.6}","{'bid': 566.9, 'ask': 567.15}",253,567.34,567.44,566.9,566.9
2025-03-27 21:00:00,2025-03-27T21:00:00,2025-03-27T21:00:00,"{'bid': 566.9, 'ask': 567.6}","{'bid': 566.93, 'ask': 567.07}","{'bid': 567.02, 'ask': 567.6}","{'bid': 566.8, 'ask': 566.95}",30,566.9,567.02,566.8,566.93
2025-03-27 21:15:00,2025-03-27T21:15:00,2025-03-27T21:15:00,"{'bid': 566.92, 'ask': 567.07}","{'bid': 566.92, 'ask': 567.1}","{'bid': 566.95, 'ask': 567.1}","{'bid': 566.92, 'ask': 567.04}",24,566.92,566.95,566.92,566.92
2025-03-27 21:30:00,2025-03-27T21:30:00,2025-03-27T21:30:00,"{'bid': 566.93, 'ask': 567.1}","{'bid': 566.93, 'ask': 567.1}","{'bid': 566.95, 'ask': 567.15}","{'bid': 566.9, 'ask': 567.09}",15,566.93,566.95,566.9,566.93
2025-03-27 21:45:00,2025-03-27T21:45:00,2025-03-27T21:45:00,"{'bid': 566.95, 'ask': 567.1}","{'bid': 566.93, 'ask': 567.1}","{'bid': 566.95, 'ask': 567.22}","{'bid': 566.92, 'ask': 567.1}",13,566.95,566.95,566.92,566.93
2025-03-27 22:00:00,2025-03-27T22:00:00,2025-03-27T22:00:00,"{'bid': 566.94, 'ask': 567.1}","{'bid': 566.79, 'ask': 567.0}","{'bid': 567.29, 'ask': 567.43}","{'bid': 566.05, 'ask': 566.92}",456,566.94,567.29,566.05,566.79
2025-03-27 22:15:00,2025-03-27T22:15:00,2025-03-27T22:15:00,"{'bid': 566.84, 'ask': 567.0}","{'bid': 566.92, 'ask': 567.09}","{'bid': 567.04, 'ask': 567.41}","{'bid': 566.74, 'ask': 566.93}",186,566.84,567.04,566.74,566.92
2025-03-27 22:30:00,2025-03-27T22:30:00,2025-03-27T22:30:00,"{'bid': 566.92, 'ask': 567.11}","{'bid': 567.1, 'ask': 567.27}","{'bid': 567.16, 'ask': 567.35}","{'bid': 566.35, 'ask': 567.1}",168,566.92,567.16,566.35,567.1
2025-03-27 22:45:00,2025-03-27T22:45:00,2025-03-27T22:45:00,"{'bid': 567.1, 'ask': 567.26}","{'bid': 566.81, 'ask': 566.99}","{'bid': 567.1, 'ask': 567.34}","{'bid': 566.26, 'ask': 566.96}",130,567.1,567.1,566.26,566.81
2025-03-27 23:00:00,2025-03-27T23:00:00,2025-03-27T23:00:00,"{'bid': 566.81, 'ask': 567.0}","{'bid': 566.22, 'ask': 566.44}","{'bid': 566.9, 'ask': 567.34}","{'bid': 565.55, 'ask': 566.26}",493,566.81,566.9,565.55,566.22
2025-03-27 23:15:00,2025-03-27T23:15:00,2025-03-27T23:15:00,"{'bid': 566.22, 'ask': 566.41}","{'bid': 566.41, 'ask': 566.59}","{'bid': 566.41, 'ask': 566.62}","{'bid': 566.15, 'ask': 566.32}",256,566.22,566.41,566.15,566.41
2025-03-27 23:30:00,2025-03-27T23:30:00,2025-03-27T23:30:00,"{'bid': 566.4, 'ask': 566.59}","{'bid': 566.25, 'ask': 566.44}","{'bid': 566.42, 'ask': 566.66}","{'bid': 566.07, 'ask': 566.23}",323,566.4,566.42,566.07,566.25
2025-03-27 23:45:00,2025-03-27T23:45:00,2025-03-27T23:45:00,"{'bid': 566.26, 'ask': 566.43}","{'bid': 566.41, 'ask': 566.62}","{'bid': 566.57, 'ask': 566.75}","{'bid': 566.06, 'ask': 566.37}",285,566.26,566.57,566.06,566.41
2025-03-28 08:00:00,2025-03-28T08:00:00,2025-03-28T08:00:00,"{'bid': 564.38, 'ask': 564.59}","{'bid': 565.05, 'ask': 565.26}","{'bid': 565.43, 'ask': 565.85}","{'bid': 564.1, 'ask': 564.58}",2314,564.38,565.43,564.1,565.05
2025-03-28 08:15:00,2025-03-28T08:15:00,2025-03-28T08:15:00,"{'bid': 565.05, 'ask': 565.25}","{'bid': 564.77, 'ask': 564.94}","{'bid': 565.37, 'ask': 565.85}","{'bid': 564.43, 'ask': 564.66}",1714,565.05,565.37,564.43,564.77
2025-03-28 08:30:00,2025-03-28T08:30:00,2025-03-28T08:30:00,"{'bid': 564.79, 'ask': 564.97}","{'bid': 565.4, 'ask': 565.58}","{'bid': 565.42, 'ask': 565.85}","{'bid': 564.1, 'ask': 564.61}",1543,564.79,565.42,564.1,565.4
2025-03-28 08:45:00,2025-03-28T08:45:00,2025-03-28T08:45:00,"{'bid': 565.41, 'ask': 565.58}","{'bid': 565.67, 'ask': 565.83}","{'bid': 565.85, 'ask': 566.3}","{'bid': 565.29, 'ask': 565.49}",810,565.41,565.85,565.29,565.67
2025-03-28 09:00:00,2025-03-28T09:00:00,2025-03-28T09:00:00,"{'bid': 565.67, 'ask': 565.84}","{'bid': 565.89, 'ask': 566.06}","{'bid': 565.93, 'ask': 566.45}","{'bid': 565.45, 'ask': 565.73}",673,565.67,565.93,565.45,565.89
2025-03-28 09:15:00,2025-03-28T09:15:00,2025-03-28T09:15:00,"{'bid': 565.89, 'ask': 566.05}","{'bid': 565.82, 'ask': 565.96}","{'bid': 565.93, 'ask': 566.45}","{'bid': 565.45, 'ask': 565.8}",508,565.89,565.93,565.45,565.82
2025-03-28 09:30:00,2025-03-28T09:30:00,2025-03-28T09:30:00,"{'bid': 565.82, 'ask': 565.97}","{'bid': 565.92, 'ask': 566.06}","{'bid': 566.11, 'ask': 566.75}","{'bid': 565.45, 'ask': 565.75}",592,565.82,566.11,565.45,565.92
2025-03-28 09:45:00,2025-03-28T09:45:00,2025-03-28T09:45:00,"{'bid': 565.91, 'ask': 566.06}","{'bid': 565.53, 'ask': 565.75}","{'bid': 565.91, 'ask': 566.15}","{'bid': 564.95, 'ask': 565.49}",768,565.91,565.91,564.95,565.53
2025-03-28 10:00:00,2025-03-28T10:00:00,2025-03-28T10:00:00,"{'bid': 565.54, 'ask': 565.75}","{'bid': 566.44, 'ask': 566.59}","{'bid': 566.63, 'ask': 567.05}","{'bid': 565.45, 'ask': 565.73}",845,565.54,566.63,565.45,566.44
2025-03-28 10:15:00,2025-03-28T10:15:00,2025-03-28T10:15:00,"{'bid': 566.45, 'ask': 566.59}","{'bid': 566.7, 'ask': 566.85}","{'bid': 566.81, 'ask': 567.05}","{'bid': 566.32, 'ask': 566.46}",617,566.45,566.81,566.32,566.7
2025-03-28 10:30:00,2025-03-28T10:30:00,2025-03-28T10:30:00,"{'bid': 566.71, 'ask': 566.85}","{'bid': 566.88, 'ask': 567.02}","{'bid': 567.04, 'ask': 567.65}","{'bid': 566.51, 'ask': 566.71}",604,566.71,567.04,566.51,566.88
2025-03-28 10:45:00,2025-03-28T10:45:00,2025-03-28T10:45:00,"{'bid': 566.89, 'ask': 567.03}","{'bid': 566.59, 'ask': 566.81}","{'bid': 567.03, 'ask': 567.35}","{'bid': 566.05, 'ask': 566.55}",693,566.89,567.03,566.05,566.59
2025-03-28 11:00:00,2025-03-28T11:00:00,2025-03-28T11:00:00,"{'bid': 566.61, 'ask': 566.81}","{'bid': 566.0, 'ask': 566.17}","{'bid': 566.77, 'ask': 567.35}","{'bid': 565.95, 'ask': 566.08}",757,566.61,566.77,565.95,566.0
2025-03-28 11:15:00,2025-03-28T11:15:00,2025-03-28T11:15:00,"{'bid': 565.99, 'ask': 566.16}","{'bid': 566.2, 'ask': 566.34}","{'bid': 566.63, 'ask': 567.05}","{'bid': 565.95, 'ask': 566.14}",647,565.99,566.63,565.95,566.2
2025-03-28 11:30:00,2025-03-28T11:30:00,2025-03-28T11:30:00,"{'bid': 566.18, 'ask': 566.39}","{'bid': 566.1, 'ask': 566.31}","{'bid': 566.18, 'ask': 566.75}","{'bid': 565.45, 'ask': 565.86}",903,566.18,566.18,565.45,566.1
2025-03-28 11:45:00,2025-03-28T11:45:00,2025-03-28T11:45:00,"{'bid': 566.11, 'ask': 566.3}","{'bid': 566.38, 'ask': 566.55}","{'bid': 566.44, 'ask': 566.75}","{'bid': 565.58, 'ask': 566.04}",765,566.11,566.44,565.58,566.38
2025-03-28 12:00:00,2025-03-28T12:00:00,2025-03-28T12:00:00,"{'bid': 566.39, 'ask': 566.55}","{'bid': 565.94, 'ask': 566.09}","{'bid': 566.6, 'ask': 567.05}","{'bid': 565.75, 'ask': 566.04}",1031,566.39,566.6,565.75,565.94
2025-03-28 12:15:00,2025-03-28T12:15:00,2025-03-28T12:15:00,"{'bid': 565.95, 'ask': 566.09}","{'bid': 565.57, 'ask': 566.2}","{'bid': 566.38, 'ask': 566.59}","{'bid': 565.57, 'ask': 566.02}",1640,565.95,566.38,565.57,565.57
2025-03-28 12:30:00,2025-03-28T12:30:00,2025-03-28T12:30:00,"{'bid': 565.57, 'ask': 566.1}","{'bid': 564.83, 'ask': 564.98}","{'bid': 565.73, 'ask': 570.53}","{'bid': 564.45, 'ask': 564.58}",2668,565.57,565.73,564.45,564.83
2025-03-28 12:45:00,2025-03-28T12:45:00,2025-03-28T12:45:00,"{'bid': 564.85, 'ask': 565.0}","{'bid': 564.37, 'ask': 564.51}","{'bid': 565.2, 'ask': 565.4}","{'bid': 564.37, 'ask': 564.51}",1647,564.85,565.2,564.37,564.37
2025-03-28 13:00:00,2025-03-28T13:00:00,2025-03-28T13:00:00,"{'bid': 564.39, 'ask': 564.52}","{'bid': 566.07, 'ask': 566.22}","{'bid': 566.13, 'ask': 566.25}","{'bid': 564.21, 'ask': 564.37}",3123,564.39,566.13,564.21,566.07
2025-03-28 13:15:00,2025-03-28T13:15:00,2025-03-28T13:15:00,"{'bid': 566.06, 'ask': 566.21}","{'bid': 565.5, 'ask': 565.67}","{'bid': 566.57, 'ask': 567.05}","{'bid': 565.06, 'ask': 565.32}",2904,566.06,566.57,565.06,565.5
2025-03-28 13:30:00,2025-03-28T13:30:00,2025-03-28T13:30:00,"{'bid': 565.44, 'ask': 565.62}","{'bid': 564.96, 'ask': 565.09}","{'bid': 566.21, 'ask': 566.33}","{'bid': 564.31, 'ask': 564.43}",7052,565.44,566.21,564.31,564.96
2025-03-28 13:45:00,2025-03-28T13:45:00,2025-03-28T13:45:00,"{'bid': 564.95, 'ask': 565.08}","{'bid': 563.83, 'ask': 563.99}","{'bid': 565.5, 'ask': 565.63}","{'bid': 563.7, 'ask': 563.84}",5076,564.95,565.5,563.7,563.83
2025-03-28 14:00:00,2025-03-28T14:00:00,2025-03-28T14:00:00,"{'bid': 563.53, 'ask': 563.94}","{'bid': 561.32, 'ask': 561.45}","{'bid': 564.26, 'ask': 564.41}","{'bid': 561.09, 'ask': 561.22}",5568,563.53,564.26,561.09,561.32
2025-03-28 14:15:00,2025-03-28T14:15:00,2025-03-28T14:15:00,"{'bid': 561.3, 'ask': 561.43}","{'bid': 559.5, 'ask': 559.62}","{'bid': 561.43, 'ask': 561.55}","{'bid': 559.42, 'ask': 559.54}",5021,561.3,561.43,559.42,559.5
2025-03-28 14:30:00,2025-03-28T14:30:00,2025-03-28T14:30:00,"{'bid': 559.49, 'ask': 559.62}","{'bid': 559.55, 'ask': 559.67}","{'bid': 560.08, 'ask': 560.21}","{'bid': 558.27, 'ask': 558.4}",4985,559.49,560.08,558.27,559.55
2025-03-28 14:45:00,2025-03-28T14:45:00,2025-03-28T14:45:00,"{'bid': 559.54, 'ask': 559.66}","{'bid': 558.76, 'ask': 558.89}","{'bid': 559.59, 'ask': 559.72}","{'bid': 558.22, 'ask': 558.35}",4125,559.54,559.59,558.22,558.76
2025-03-28 15:00:00,2025-03-28T15:00:00,2025-03-28T15:00:00,"{'bid': 558.74, 'ask': 558.87}","{'bid': 558.88, 'ask': 559.01}","{'bid': 559.23, 'ask': 559.4}","{'bid': 557.71, 'ask': 557.84}",4516,558.74,559.23,557.71,558.88
2025-03-28 15:15:00,2025-03-28T15:15:00,2025-03-28T15:15:00,"{'bid': 558.88, 'ask': 559.02}","{'bid': 558.89, 'ask': 559.03}","{'bid': 559.18, 'ask': 559.3}","{'bid': 558.01, 'ask': 558.13}",3369,558.88,559.18,558.01,558.89
2025-03-28 15:30:00,2025-03-28T15:30:00,2025-03-28T15:30:00,"{'bid': 558.88, 'ask': 559.0}","{'bid': 558.99, 'ask': 559.12}","{'bid': 559.73, 'ask': 559.85}","{'bid': 558.6, 'ask': 558.73}",2821,558.88,559.73,558.6,558.99
2025-03-28 15:45:00,2025-03-28T15:45:00,2025-03-28T15:45:00,"{'bid': 558.99, 'ask': 559.11}","{'bid': 557.87, 'ask': 558.01}","{'bid': 559.25, 'ask': 559.38}","{'bid': 557.84, 'ask': 557.97}",2581,558.99,559.25,557.84,557.87
2025-03-28 16:00:00,2025-03-28T16:00:00,2025-03-28T16:00:00,"{'bid': 557.87, 'ask': 558.0}","{'bid': 558.05, 'ask': 558.18}","{'bid': 558.74, 'ask': 558.86}","{'bid': 557.84, 'ask': 557.97}",2637,557.87,558.74,557.84,558.05
2025-03-28 16:15:00,2025-03-28T16:15:00,2025-03-28T16:15:00,"{'bid': 558.03, 'ask': 558.16}","{'bid': 556.79, 'ask': 556.92}","{'bid': 558.12, 'ask': 558.25}","{'bid': 556.57, 'ask': 556.7}",3080,558.03,558.12,556.57,556.79
2025-03-28 16:30:00,2025-03-28T16:30:00,2025-03-28T16:30:00,"{'bid': 556.78, 'ask': 556.92}","{'bid': 556.84, 'ask': 556.96}","{'bid': 557.4, 'ask': 557.53}","{'bid': 556.76, 'ask': 556.9}",2725,556.78,557.4,556.76,556.84
2025-03-28 16:45:00,2025-03-28T16:45:00,2025-03-28T16:45:00,"{'bid': 556.83, 'ask': 556.96}","{'bid': 556.49, 'ask': 556.61}","{'bid': 557.51, 'ask': 557.64}","{'bid': 556.37, 'ask': 556.5}",2409,556.83,557.51,556.37,556.49
2025-03-28 17:00:00,2025-03-28T17:00:00,2025-03-28T17:00:00,"{'bid': 556.44, 'ask': 556.57}","{'bid': 555.73, 'ask': 555.85}","{'bid': 556.48, 'ask': 556.6}","{'bid': 555.58, 'ask': 555.71}",2512,556.44,556.48,555.58,555.73
2025-03-28 17:15:00,2025-03-28T17:15:00,2025-03-28T17:15:00,"{'bid': 555.71, 'ask': 555.85}","{'bid': 555.33, 'ask': 555.45}","{'bid': 556.49, 'ask': 556.65}","{'bid': 555.18, 'ask': 555.31}",2798,555.71,556.49,555.18,555.33
2025-03-28 17:30:00,2025-03-28T17:30:00,2025-03-28T17:30:00,"{'bid': 555.33, 'ask': 555.46}","{'bid': 555.66, 'ask': 555.79}","{'bid': 556.04, 'ask': 556.16}","{'bid': 555.16, 'ask': 555.29}",2602,555.33,556.04,555.16,555.66
2025-03-28 17:45:00,2025-03-28T17:45:00,2025-03-28T17:45:00,"{'bid': 555.65, 'ask': 555.78}","{'bid': 556.35, 'ask': 556.48}","{'bid': 556.38, 'ask': 556.51}","{'bid': 555.43, 'ask': 555.55}",2414,555.65,556.38,555.43,556.35
2025-03-28 18:00:00,2025-03-28T18:00:00,2025-03-28T18:00:00,"{'bid': 556.35, 'ask': 556.47}","{'bid': 556.28, 'ask': 556.41}","{'bid': 556.91, 'ask': 557.04}","{'bid': 555.89, 'ask': 556.02}",2738,556.35,556.91,555.89,556.28
2025-03-28 18:15:00,2025-03-28T18:15:00,2025-03-28T18:15:00,"{'bid': 556.28, 'ask': 556.4}","{'bid': 555.91, 'ask': 556.04}","{'bid': 556.64, 'ask': 556.76}","{'bid': 555.57, 'ask': 555.7}",2443,556.28,556.64,555.57,555.91
2025-03-28 18:30:00,2025-03-28T18:30:00,2025-03-28T18:30:00,"{'bid': 555.91, 'ask': 556.03}","{'bid': 555.54, 'ask': 555.66}","{'bid': 556.27, 'ask': 556.39}","{'bid': 555.44, 'ask': 555.57}",2170,555.91,556.27,555.44,555.54
2025-03-28 18:45:00,2025-03-28T18:45:00,2025-03-28T18:45:00,"{'bid': 555.52, 'ask': 555.64}","{'bid': 556.14, 'ask': 556.27}","{'bid': 556.18, 'ask': 556.3}","{'bid': 555.25, 'ask': 555.37}",2229,555.52,556.18,555.25,556.14
2025-03-28 19:00:00,2025-03-28T19:00:00,2025-03-28T19:00:00,"{'bid': 556.16, 'ask': 556.28}","{'bid': 556.17, 'ask': 556.29}","{'bid': 556.66, 'ask': 556.79}","{'bid': 555.86, 'ask': 555.99}",2505,556.16,556.66,555.86,556.17
2025-03-28 19:15:00,2025-03-28T19:15:00,2025-03-28T19:15:00,"{'bid': 556.18, 'ask': 556.31}","{'bid': 555.71, 'ask': 555.83}","{'bid': 556.35, 'ask': 556.47}","{'bid': 555.6, 'ask': 555.72}",2415,556.18,556.35,555.6,555.71
2025-03-28 19:30:00,2025-03-28T19:30:00,2025-03-28T19:30:00,"{'bid': 555.71, 'ask': 555.84}","{'bid': 555.31, 'ask': 555.44}","{'bid': 555.77, 'ask': 555.89}","{'bid': 555.01, 'ask': 555.14}",3023,555.71,555.77,555.01,555.31
2025-03-28 19:45:00,2025-03-28T19:45:00,2025-03-28T19:45:00,"{'bid': 555.34, 'ask': 555.47}","{'bid': 555.67, 'ask': 555.8}","{'bid': 556.4, 'ask': 556.52}","{'bid': 555.14, 'ask': 555.26}",4187,555.34,556.4,555.14,555.67
2025-03-28 20:00:00,2025-03-28T20:00:00,2025-03-28T20:00:00,"{'bid': 555.69, 'ask': 555.83}","{'bid': 554.71, 'ask': 554.84}","{'bid': 555.77, 'ask': 555.9}","{'bid': 554.48, 'ask': 554.62}",2039,555.69,555.77,554.48,554.71
2025-03-28 20:15:00,2025-03-28T20:15:00,2025-03-28T20:15:00,"{'bid': 554.7, 'ask': 554.84}","{'bid': 554.14, 'ask': 554.28}","{'bid': 554.74, 'ask': 555.05}","{'bid': 553.95, 'ask': 554.19}",903,554.7,554.74,553.95,554.14
2025-03-28 20:30:00,2025-03-28T20:30:00,2025-03-28T20:30:00,"{'bid': 554.16, 'ask': 554.3}","{'bid': 554.14, 'ask': 554.29}","{'bid': 554.32, 'ask': 554.45}","{'bid': 553.95, 'ask': 554.11}",588,554.16,554.32,553.95,554.14
2025-03-28 20:45:00,2025-03-28T20:45:00,2025-03-28T20:45:00,"{'bid': 554.13, 'ask': 554.29}","{'bid': 553.64, 'ask': 553.82}","{'bid': 554.25, 'ask': 554.45}","{'bid': 553.64, 'ask': 553.8}",481,554.13,554.25,553.64,553.64
2025-03-31 08:00:00,2025-03-31T09:00:00,2025-03-31T08:00:00,"{'bid': 552.08, 'ask': 553.27}","{'bid': 552.38, 'ask': 552.57}","{'bid': 552.49, 'ask': 553.27}","{'bid': 551.04, 'ask': 551.59}",2153,552.08,552.49,551.04,552.38
2025-03-31 08:15:00,2025-03-31T09:15:00,2025-03-31T08:15:00,"{'bid': 552.34, 'ask': 552.51}","{'bid': 551.44, 'ask': 551.63}","{'bid': 552.51, 'ask': 552.85}","{'bid': 550.96, 'ask': 551.44}",1321,552.34,552.51,550.96,551.44
2025-03-31 08:30:00,2025-03-31T09:30:00,2025-03-31T08:30:00,"{'bid': 551.45, 'ask': 551.63}","{'bid': 551.12, 'ask': 551.32}","{'bid': 551.68, 'ask': 551.9}","{'bid': 550.95, 'ask': 551.26}",904,551.45,551.68,550.95,551.12
2025-03-31 08:45:00,2025-03-31T09:45:00,2025-03-31T08:45:00,"{'bid': 551.13, 'ask': 551.31}","{'bid': 550.68, 'ask': 550.86}","{'bid': 551.14, 'ask': 551.6}","{'bid': 550.65, 'ask': 550.83}",806,551.13,551.14,550.65,550.68
2025-03-31 09:00:00,2025-03-31T10:00:00,2025-03-31T09:00:00,"{'bid': 550.65, 'ask': 550.81}","{'bid': 549.88, 'ask': 550.02}","{'bid': 550.67, 'ask': 550.85}","{'bid': 549.55, 'ask': 549.84}",1376,550.65,550.67,549.55,549.88
2025-03-31 09:15:00,2025-03-31T10:15:00,2025-03-31T09:15:00,"{'bid': 549.9, 'ask': 550.06}","{'bid': 550.86, 'ask': 551.04}","{'bid': 551.03, 'ask': 551.45}","{'bid': 549.85, 'ask': 550.04}",1031,549.9,551.03,549.85,550.86
2025-03-31 09:30:00,2025-03-31T10:30:00,2025-03-31T09:30:00,"{'bid': 550.88, 'ask': 551.04}","{'bid': 550.27, 'ask': 550.45}","{'bid': 551.16, 'ask': 551.53}","{'bid': 549.95, 'ask': 550.4}",847,550.88,551.16,549.95,550.27
2025-03-31 09:45:00,2025-03-31T10:45:00,2025-03-31T09:45:00,"{'bid': 550.27, 'ask': 550.41}","{'bid': 550.3, 'ask': 550.5}","{'bid': 550.54, 'ask': 550.85}","{'bid': 549.95, 'ask': 550.2}",959,550.27,550.54,549.95,550.3
2025-03-31 10:00:00,2025-03-31T11:00:00,2025-03-31T10:00:00,"{'bid': 550.3, 'ask': 550.48}","{'bid': 550.45, 'ask': 550.66}","{'bid': 550.63, 'ask': 551.15}","{'bid': 549.95, 'ask': 550.2}",1064,550.3,550.63,549.95,550.45
2025-03-31 10:15:00,2025-03-31T11:15:00,2025-03-31T10:15:00,"{'bid': 550.45, 'ask': 550.65}","{'bid': 550.51, 'ask': 550.69}","{'bid': 550.6, 'ask': 551.15}","{'bid': 549.95, 'ask': 550.24}",980,550.45,550.6,549.95,550.51
2025-03-31 10:30:00,2025-03-31T11:30:00,2025-03-31T10:30:00,"{'bid': 550.49, 'ask': 550.66}","{'bid': 550.59, 'ask': 550.77}","{'bid': 550.79, 'ask': 551.15}","{'bid': 550.15, 'ask': 550.58}",551,550.49,550.79,550.15,550.59
2025-03-31 10:45:00,2025-03-31T11:45:00,2025-03-31T10:45:00,"{'bid': 550.59, 'ask': 550.73}","{'bid': 550.63, 'ask': 550.78}","{'bid': 551.01, 'ask': 551.45}","{'bid': 550.15, 'ask': 550.71}",977,550.59,551.01,550.15,550.63
2025-03-31 11:00:00,2025-03-31T12:00:00,2025-03-31T11:00:00,"{'bid': 550.59, 'ask': 550.95}","{'bid': 549.95, 'ask': 550.15}","{'bid': 550.95, 'ask': 551.15}","{'bid': 549.55, 'ask': 549.93}",1305,550.59,550.95,549.55,549.95
2025-03-31 11:15:00,2025-03-31T12:15:00,2025-03-31T11:15:00,"{'bid': 549.95, 'ask': 550.14}","{'bid': 549.16, 'ask': 549.32}","{'bid': 550.38, 'ask': 550.75}","{'bid': 548.65, 'ask': 549.24}",1149,549.95,550.38,548.65,549.16
2025-03-31 11:30:00,2025-03-31T12:30:00,2025-03-31T11:30:00,"{'bid': 549.18, 'ask': 549.32}","{'bid': 549.23, 'ask': 549.43}","{'bid': 549.58, 'ask': 549.95}","{'bid': 548.35, 'ask': 548.77}",1575,549.18,549.58,548.35,549.23
2025-03-31 11:45:00,2025-03-31T12:45:00,2025-03-31T11:45:00,"{'bid': 549.24, 'ask': 549.43}","{'bid': 549.64, 'ask': 549.82}","{'bid': 549.86, 'ask': 550.05}","{'bid': 549.15, 'ask': 549.33}",1146,549.24,549.86,549.15,549.64
2025-03-31 12:00:00,2025-03-31T13:00:00,2025-03-31T12:00:00,"{'bid': 549.63, 'ask': 549.82}","{'bid': 549.49, 'ask': 549.63}","{'bid': 549.9, 'ask': 550.05}","{'bid': 548.96, 'ask': 549.5}",1579,549.63,549.9,548.96,549.49
2025-03-31 12:15:00,2025-03-31T13:15:00,2025-03-31T12:15:00,"{'bid': 549.47, 'ask': 549.63}","{'bid': 549.96, 'ask': 550.12}","{'bid': 550.18, 'ask': 550.55}","{'bid': 548.96, 'ask': 549.27}",1626,549.47,550.18,548.96,549.96
2025-03-31 12:30:00,2025-03-31T13:30:00,2025-03-31T12:30:00,"{'bid': 549.99, 'ask': 550.14}","{'bid': 550.75, 'ask': 550.89}","{'bid': 550.76, 'ask': 551.15}","{'bid': 549.82, 'ask': 549.98}",1525,549.99,550.76,549.82,550.75
2025-03-31 12:45:00,2025-03-31T13:45:00,2025-03-31T12:45:00,"{'bid': 550.75, 'ask': 550.9}","{'bid': 550.81, 'ask': 550.98}","{'bid': 550.83, 'ask': 551.12}","{'bid': 550.49, 'ask': 550.65}",1361,550.75,550.83,550.49,550.81
2025-03-31 13:00:00,2025-03-31T14:00:00,2025-03-31T13:00:00,"{'bid': 550.8, 'ask': 550.94}","{'bid': 550.63, 'ask': 550.79}","{'bid': 551.1, 'ask': 551.45}","{'bid': 550.15, 'ask': 550.59}",1793,550.8,551.1,550.15,550.63
2025-03-31 13:15:00,2025-03-31T14:15:00,2025-03-31T13:15:00,"{'bid': 550.64, 'ask': 550.79}","{'bid': 549.79, 'ask': 549.94}","{'bid': 550.7, 'ask': 550.86}","{'bid': 549.51, 'ask': 549.79}",1717,550.64,550.7,549.51,549.79
2025-03-31 13:30:00,2025-03-31T14:30:00,2025-03-31T13:30:00,"{'bid': 549.77, 'ask': 549.92}","{'bid': 547.37, 'ask': 547.49}","{'bid': 550.57, 'ask': 550.69}","{'bid': 547.31, 'ask': 547.45}",7039,549.77,550.57,547.31,547.37
2025-03-31 13:45:00,2025-03-31T14:45:00,2025-03-31T13:45:00,"{'bid': 547.36, 'ask': 547.49}","{'bid': 549.68, 'ask': 549.8}","{'bid': 550.48, 'ask': 550.6}","{'bid': 546.81, 'ask': 546.94}",8122,547.36,550.48,546.81,549.68
2025-03-31 14:00:00,2025-03-31T15:00:00,2025-03-31T14:00:00,"{'bid': 549.68, 'ask': 549.81}","{'bid': 550.86, 'ask': 550.98}","{'bid': 551.52, 'ask': 551.64}","{'bid': 549.58, 'ask': 549.71}",6895,549.68,551.52,549.58,550.86
2025-03-31 14:15:00,2025-03-31T15:15:00,2025-03-31T14:15:00,"{'bid': 550.84, 'ask': 550.96}","{'bid': 549.45, 'ask': 549.58}","{'bid': 551.03, 'ask': 551.16}","{'bid': 549.37, 'ask': 549.51}",5600,550.84,551.03,549.37,549.45
2025-03-31 14:30:00,2025-03-31T15:30:00,2025-03-31T14:30:00,"{'bid': 549.44, 'ask': 549.56}","{'bid': 550.78, 'ask': 550.91}","{'bid': 551.84, 'ask': 551.97}","{'bid': 549.4, 'ask': 549.52}",6275,549.44,551.84,549.4,550.78
2025-03-31 14:45:00,2025-03-31T15:45:00,2025-03-31T14:45:00,"{'bid': 550.78, 'ask': 550.92}","{'bid': 551.55, 'ask': 551.67}","{'bid': 551.91, 'ask': 552.03}","{'bid': 550.58, 'ask': 550.7}",5974,550.78,551.91,550.58,551.55
2025-03-31 15:00:00,2025-03-31T16:00:00,2025-03-31T15:00:00,"{'bid': 551.55, 'ask': 551.68}","{'bid': 551.35, 'ask': 551.47}","{'bid': 552.53, 'ask': 552.65}","{'bid': 551.28, 'ask': 551.41}",5174,551.55,552.53,551.28,551.35
2025-03-31 15:15:00,2025-03-31T16:15:00,2025-03-31T15:15:00,"{'bid': 551.36, 'ask': 551.49}","{'bid': 552.51, 'ask': 552.63}","{'bid': 553.43, 'ask': 553.55}","{'bid': 551.19, 'ask': 551.31}",4782,551.36,553.43,551.19,552.51
2025-03-31 15:30:00,2025-03-31T16:30:00,2025-03-31T15:30:00,"{'bid': 552.49, 'ask': 552.61}","{'bid': 553.17, 'ask': 553.3}","{'bid': 553.77, 'ask': 553.89}","{'bid': 552.04, 'ask': 552.17}",4589,552.49,553.77,552.04,553.17
2025-03-31 15:45:00,2025-03-31T16:45:00,2025-03-31T15:45:00,"{'bid': 553.19, 'ask': 553.31}","{'bid': 553.24, 'ask': 553.36}","{'bid': 554.06, 'ask': 554.18}","{'bid': 553.06, 'ask': 553.19}",3815,553.19,554.06,553.06,553.24
2025-03-31 16:00:00,2025-03-31T17:00:00,2025-03-31T16:00:00,"{'bid': 553.25, 'ask': 553.38}","{'bid': 552.4, 'ask': 552.53}","{'bid': 553.78, 'ask': 553.9}","{'bid': 551.86, 'ask': 551.99}",4044,553.25,553.78,551.86,552.4
2025-03-31 16:15:00,2025-03-31T17:15:00,2025-03-31T16:15:00,"{'bid': 552.41, 'ask': 552.53}","{'bid': 554.5, 'ask': 554.63}","{'bid': 554.52, 'ask': 554.64}","{'bid': 552.19, 'ask': 552.32}",3730,552.41,554.52,552.19,554.5
2025-03-31 16:30:00,2025-03-31T17:30:00,2025-03-31T16:30:00,"{'bid': 554.49, 'ask': 554.61}","{'bid': 553.85, 'ask': 553.98}","{'bid': 554.49, 'ask': 554.61}","{'bid': 553.67, 'ask': 553.79}",3282,554.49,554.49,553.67,553.85
2025-03-31 16:45:00,2025-03-31T17:45:00,2025-03-31T16:45:00,"{'bid': 553.87, 'ask': 553.99}","{'bid': 553.25, 'ask': 553.38}","{'bid': 554.39, 'ask': 554.52}","{'bid': 553.06, 'ask': 553.19}",3557,553.87,554.39,553.06,553.25
2025-03-31 17:00:00,2025-03-31T18:00:00,2025-03-31T17:00:00,"{'bid': 553.26, 'ask': 553.38}","{'bid': 554.74, 'ask': 554.87}","{'bid': 555.09, 'ask': 555.21}","{'bid': 552.98, 'ask': 553.1}",3473,553.26,555.09,552.98,554.74
2025-03-31 17:15:00,2025-03-31T18:15:00,2025-03-31T17:15:00,"{'bid': 554.76, 'ask': 554.88}","{'bid': 553.59, 'ask': 553.71}","{'bid': 554.81, 'ask': 554.93}","{'bid': 552.77, 'ask': 552.91}",3892,554.76,554.81,552.77,553.59
2025-03-31 17:30:00,2025-03-31T18:30:00,2025-03-31T17:30:00,"{'bid': 553.58, 'ask': 553.71}","{'bid': 552.96, 'ask': 553.08}","{'bid': 554.15, 'ask': 554.28}","{'bid': 552.87, 'ask': 553.0}",3491,553.58,554.15,552.87,552.96
2025-03-31 17:45:00,2025-03-31T18:45:00,2025-03-31T17:45:00,"{'bid': 552.94, 'ask': 553.06}","{'bid': 553.08, 'ask': 553.21}","{'bid': 554.04, 'ask': 554.17}","{'bid': 552.65, 'ask': 552.78}",3610,552.94,554.04,552.65,553.08
2025-03-31 18:00:00,2025-03-31T19:00:00,2025-03-31T18:00:00,"{'bid': 553.1, 'ask': 553.22}","{'bid': 556.07, 'ask': 556.21}","{'bid': 556.88, 'ask': 557.01}","{'bid': 552.95, 'ask': 553.07}",4863,553.1,556.88,552.95,556.07
2025-03-31 18:15:00,2025-03-31T19:15:00,2025-03-31T18:15:00,"{'bid': 556.07, 'ask': 556.2}","{'bid': 556.89, 'ask': 557.01}","{'bid': 556.89, 'ask': 557.02}","{'bid': 555.67, 'ask': 555.8}",4150,556.07,556.89,555.67,556.89
2025-03-31 18:30:00,2025-03-31T19:30:00,2025-03-31T18:30:00,"{'bid': 556.88, 'ask': 557.01}","{'bid': 557.28, 'ask': 557.41}","{'bid': 557.88, 'ask': 558.01}","{'bid': 556.67, 'ask': 556.82}",4039,556.88,557.88,556.67,557.28
2025-03-31 18:45:00,2025-03-31T19:45:00,2025-03-31T18:45:00,"{'bid': 557.29, 'ask': 557.41}","{'bid': 556.34, 'ask': 556.47}","{'bid': 557.81, 'ask': 557.93}","{'bid': 556.2, 'ask': 556.33}",3851,557.29,557.81,556.2,556.34
2025-03-31 19:00:00,2025-03-31T20:00:00,2025-03-31T19:00:00,"{'bid': 556.33, 'ask': 556.45}","{'bid': 558.43, 'ask': 558.56}","{'bid': 558.87, 'ask': 558.99}","{'bid': 556.3, 'ask': 556.42}",3908,556.33,558.87,556.3,558.43
2025-03-31 19:15:00,2025-03-31T20:15:00,2025-03-31T19:15:00,"{'bid': 558.44, 'ask': 558.56}","{'bid': 557.36, 'ask': 557.48}","{'bid': 559.13, 'ask': 559.25}","{'bid': 557.15, 'ask': 557.28}",4387,558.44,559.13,557.15,557.36
2025-03-31 19:30:00,2025-03-31T20:30:00,2025-03-31T19:30:00,"{'bid': 557.36, 'ask': 557.49}","{'bid': 559.37, 'ask': 559.49}","{'bid': 560.65, 'ask': 560.77}","{'bid': 557.06, 'ask': 557.18}",5586,557.36,560.65,557.06,559.37
2025-03-31 19:45:00,2025-03-31T20:45:00,2025-03-31T19:45:00,"{'bid': 559.35, 'ask': 559.48}","{'bid': 559.03, 'ask': 559.16}","{'bid': 559.91, 'ask': 560.03}","{'bid': 557.79, 'ask': 557.92}",8415,559.35,559.91,557.79,559.03
2025-03-31 20:00:00,2025-03-31T21:00:00,2025-03-31T20:00:00,"{'bid': 559.02, 'ask': 559.14}","{'bid': 557.98, 'ask': 558.13}","{'bid': 559.16, 'ask': 559.28}","{'bid': 557.45, 'ask': 557.67}",2354,559.02,559.16,557.45,557.98
2025-03-31 20:15:00,2025-03-31T21:15:00,2025-03-31T20:15:00,"{'bid': 558.01, 'ask': 558.15}","{'bid': 557.99, 'ask': 558.14}","{'bid': 558.3, 'ask': 558.45}","{'bid': 557.45, 'ask': 558.09}",588,558.01,558.3,557.45,557.99
2025-03-31 20:30:00,2025-03-31T21:30:00,2025-03-31T20:30:00,"{'bid': 557.99, 'ask': 558.13}","{'bid': 558.15, 'ask': 558.28}","{'bid': 558.16, 'ask': 558.32}","{'bid': 557.4, 'ask': 558.0}",374,557.99,558.16,557.4,558.15
2025-03-31 20:45:00,2025-03-31T21:45:00,2025-03-31T20:45:00,"{'bid': 558.1, 'ask': 558.26}","{'bid': 557.91, 'ask': 558.1}","{'bid': 558.13, 'ask': 558.31}","{'bid': 557.4, 'ask': 557.99}",404,558.1,558.13,557.4,557.91
2025-03-31 21:00:00,2025-03-31T22:00:00,2025-03-31T21:00:00,"{'bid': 557.9, 'ask': 558.1}","{'bid': 557.91, 'ask': 558.17}","{'bid': 558.07, 'ask': 558.25}","{'bid': 557.9, 'ask': 558.09}",35,557.9,558.07,557.9,557.91
2025-03-31 21:15:00,2025-03-31T22:15:00,2025-03-31T21:15:00,"{'bid': 557.91, 'ask': 558.05}","{'bid': 557.93, 'ask': 558.14}","{'bid': 557.94, 'ask': 558.17}","{'bid': 557.91, 'ask': 558.04}",14,557.91,557.94,557.91,557.93
2025-03-31 21:30:00,2025-03-31T22:30:00,2025-03-31T21:30:00,"{'bid': 557.93, 'ask': 558.1}","{'bid': 557.97, 'ask': 558.2}","{'bid': 558.05, 'ask': 558.23}","{'bid': 557.93, 'ask': 558.05}",24,557.93,558.05,557.93,557.97
2025-03-31 21:45:00,2025-03-31T22:45:00,2025-03-31T21:45:00,"{'bid': 557.97, 'ask': 558.15}","{'bid': 557.91, 'ask': 558.17}","{'bid': 558.05, 'ask': 558.25}","{'bid': 557.91, 'ask': 558.11}",36,557.97,558.05,557.91,557.91
2025-03-31 22:00:00,2025-03-31T23:00:00,2025-03-31T22:00:00,"{'bid': 557.85, 'ask': 558.05}","{'bid': 556.47, 'ask': 556.63}","{'bid': 557.95, 'ask': 558.35}","{'bid': 556.29, 'ask': 556.41}",984,557.85,557.95,556.29,556.47
2025-03-31 22:15:00,2025-03-31T23:15:00,2025-03-31T22:15:00,"{'bid': 556.38, 'ask': 556.62}","{'bid': 556.85, 'ask': 557.05}","{'bid': 557.04, 'ask': 557.61}","{'bid': 556.12, 'ask': 556.25}",788,556.38,557.04,556.12,556.85
2025-03-31 22:30:00,2025-03-31T23:30:00,2025-03-31T22:30:00,"{'bid': 556.85, 'ask': 557.06}","{'bid': 557.46, 'ask': 557.67}","{'bid': 557.5, 'ask': 558.05}","{'bid': 556.7, 'ask': 557.06}",372,556.85,557.5,556.7,557.46
2025-03-31 22:45:00,2025-03-31T23:45:00,2025-03-31T22:45:00,"{'bid': 557.46, 'ask': 557.65}","{'bid': 557.35, 'ask': 557.56}","{'bid': 557.83, 'ask': 558.35}","{'bid': 556.95, 'ask': 557.47}",365,557.46,557.83,556.95,557.35
2025-03-31 23:00:00,2025-04-01T00:00:00,2025-03-31T23:00:00,"{'bid': 557.35, 'ask': 557.61}","{'bid': 557.74, 'ask': 557.87}","{'bid': 558.0, 'ask': 558.35}","{'bid': 556.95, 'ask': 557.33}",598,557.35,558.0,556.95,557.74
2025-03-31 23:15:00,2025-04-01T00:15:00,2025-03-31T23:15:00,"{'bid': 557.74, 'ask': 557.88}","{'bid': 557.08, 'ask': 557.28}","{'bid': 557.75, 'ask': 558.35}","{'bid': 556.95, 'ask': 557.12}",451,557.74,557.75,556.95,557.08
2025-03-31 23:30:00,2025-04-01T00:30:00,2025-03-31T23:30:00,"{'bid': 557.08, 'ask': 557.27}","{'bid': 556.9, 'ask': 557.12}","{'bid': 557.26, 'ask': 558.05}","{'bid': 556.24, 'ask': 556.95}",454,557.08,557.26,556.24,556.9
2025-03-31 23:45:00,2025-04-01T00:45:00,2025-03-31T23:45:00,"{'bid': 556.9, 'ask': 557.11}","{'bid': 557.0, 'ask': 557.15}","{'bid': 557.09, 'ask': 557.75}","{'bid': 556.15, 'ask': 556.81}",484,556.9,557.09,556.15,557.0
2025-04-01 08:00:00,2025-04-01T09:00:00,2025-04-01T08:00:00,"{'bid': 556.65, 'ask': 557.6}","{'bid': 557.48, 'ask': 557.68}","{'bid': 557.61, 'ask': 558.45}","{'bid': 556.65, 'ask': 557.44}",1130,556.65,557.61,556.65,557.48
2025-04-01 08:15:00,2025-04-01T09:15:00,2025-04-01T08:15:00,"{'bid': 557.48, 'ask': 557.67}","{'bid': 558.16, 'ask': 558.37}","{'bid': 558.29, 'ask': 558.65}","{'bid': 556.75, 'ask': 557.45}",866,557.48,558.29,556.75,558.16
2025-04-01 08:30:00,2025-04-01T09:30:00,2025-04-01T08:30:00,"{'bid': 558.16, 'ask': 558.36}","{'bid': 558.63, 'ask': 558.83}","{'bid': 558.72, 'ask': 559.05}","{'bid': 557.43, 'ask': 558.15}",686,558.16,558.72,557.43,558.63
2025-04-01 08:45:00,2025-04-01T09:45:00,2025-04-01T08:45:00,"{'bid': 558.63, 'ask': 558.82}","{'bid': 558.85, 'ask': 559.02}","{'bid': 558.95, 'ask': 559.8}","{'bid': 557.95, 'ask': 558.49}",660,558.63,558.95,557.95,558.85
2025-04-01 09:00:00,2025-04-01T10:00:00,2025-04-01T09:00:00,"{'bid': 558.87, 'ask': 559.04}","{'bid': 558.8, 'ask': 559.0}","{'bid': 559.24, 'ask': 559.99}","{'bid': 558.25, 'ask': 558.9}",810,558.87,559.24,558.25,558.8
2025-04-01 09:15:00,2025-04-01T10:15:00,2025-04-01T09:15:00,"{'bid': 558.8, 'ask': 558.99}","{'bid': 559.03, 'ask': 559.18}","{'bid': 559.24, 'ask': 560.05}","{'bid': 558.25, 'ask': 558.99}",791,558.8,559.24,558.25,559.03
2025-04-01 09:30:00,2025-04-01T10:30:00,2025-04-01T09:30:00,"{'bid': 559.03, 'ask': 559.19}","{'bid': 559.69, 'ask': 559.83}","{'bid': 559.74, 'ask': 560.05}","{'bid': 558.55, 'ask': 559.12}",712,559.03,559.74,558.55,559.69
2025-04-01 09:45:00,2025-04-01T10:45:00,2025-04-01T09:45:00,"{'bid': 559.68, 'ask': 559.83}","{'bid': 559.43, 'ask': 559.6}","{'bid': 559.82, 'ask': 560.05}","{'bid': 558.85, 'ask': 559.55}",721,559.68,559.82,558.85,559.43
2025-04-01 10:00:00,2025-04-01T11:00:00,2025-04-01T10:00:00,"{'bid': 559.47, 'ask': 560.05}","{'bid': 557.79, 'ask': 557.95}","{'bid': 559.48, 'ask': 560.05}","{'bid': 556.9, 'ask': 557.63}",2404,559.47,559.48,556.9,557.79
2025-04-01 10:15:00,2025-04-01T11:15:00,2025-04-01T10:15:00,"{'bid': 557.79, 'ask': 557.96}","{'bid': 557.06, 'ask': 557.24}","{'bid': 558.12, 'ask': 558.65}","{'bid': 556.45, 'ask': 557.19}",1624,557.79,558.12,556.45,557.06
2025-04-01 10:30:00,2025-04-01T11:30:00,2025-04-01T10:30:00,"{'bid': 557.06, 'ask': 557.23}","{'bid': 556.74, 'ask': 556.93}","{'bid': 557.27, 'ask': 558.05}","{'bid': 555.32, 'ask': 556.06}",1918,557.06,557.27,555.32,556.74
2025-04-01 10:45:00,2025-04-01T11:45:00,2025-04-01T10:45:00,"{'bid': 556.75, 'ask': 556.93}","{'bid': 557.37, 'ask': 557.55}","{'bid': 557.62, 'ask': 558.05}","{'bid': 556.15, 'ask': 556.77}",1474,556.75,557.62,556.15,557.37
2025-04-01 11:00:00,2025-04-01T12:00:00,2025-04-01T11:00:00,"{'bid': 557.39, 'ask': 557.56}","{'bid': 556.5, 'ask': 556.68}","{'bid': 557.45, 'ask': 557.79}","{'bid': 556.15, 'ask': 556.65}",1634,557.39,557.45,556.15,556.5
2025-04-01 11:15:00,2025-04-01T12:15:00,2025-04-01T11:15:00,"{'bid': 556.52, 'ask': 556.68}","{'bid': 556.32, 'ask': 556.52}","{'bid': 556.79, 'ask': 557.45}","{'bid': 555.95, 'ask': 556.3}",1344,556.52,556.79,555.95,556.32
2025-04-01 11:30:00,2025-04-01T12:30:00,2025-04-01T11:30:00,"{'bid': 556.34, 'ask': 556.52}","{'bid': 556.01, 'ask': 556.19}","{'bid': 556.64, 'ask': 557.15}","{'bid': 554.95, 'ask': 555.55}",2052,556.34,556.64,554.95,556.01
2025-04-01 11:45:00,2025-04-01T12:45:00,2025-04-01T11:45:00,"{'bid': 556.01, 'ask': 556.18}","{'bid': 556.23, 'ask': 556.38}","{'bid': 556.42, 'ask': 557.05}","{'bid': 555.58, 'ask': 555.83}",1956,556.01,556.42,555.58,556.23
2025-04-01 12:00:00,2025-04-01T13:00:00,2025-04-01T12:00:00,"{'bid': 556.22, 'ask': 556.37}","{'bid': 556.59, 'ask': 556.74}","{'bid': 556.81, 'ask': 557.05}","{'bid': 555.58, 'ask': 556.01}",2442,556.22,556.81,555.58,556.59
2025-04-01 12:15:00,2025-04-01T13:15:00,2025-04-01T12:15:00,"{'bid': 556.57, 'ask': 556.73}","{'bid': 556.22, 'ask': 556.38}","{'bid': 557.08, 'ask': 557.75}","{'bid': 555.45, 'ask': 555.97}",2522,556.57,557.08,555.45,556.22
2025-04-01 12:30:00,2025-04-01T13:30:00,2025-04-01T12:30:00,"{'bid': 556.2, 'ask': 556.34}","{'bid': 556.43, 'ask': 556.57}","{'bid': 556.86, 'ask': 557.74}","{'bid': 555.85, 'ask': 556.27}",2120,556.2,556.86,555.85,556.43
2025-04-01 12:45:00,2025-04-01T13:45:00,2025-04-01T12:45:00,"{'bid': 556.42, 'ask': 556.57}","{'bid': 556.99, 'ask': 557.14}","{'bid': 557.24, 'ask': 557.79}","{'bid': 556.15, 'ask': 556.34}",1637,556.42,557.24,556.15,556.99
2025-04-01 13:00:00,2025-04-01T14:00:00,2025-04-01T13:00:00,"{'bid': 557.01, 'ask': 557.14}","{'bid': 557.73, 'ask': 557.88}","{'bid': 557.9, 'ask': 558.04}","{'bid': 556.45, 'ask': 557.11}",2029,557.01,557.9,556.45,557.73
2025-04-01 13:15:00,2025-04-01T14:15:00,2025-04-01T13:15:00,"{'bid': 557.72, 'ask': 557.88}","{'bid': 557.39, 'ask': 557.54}","{'bid': 558.04, 'ask': 558.24}","{'bid': 556.85, 'ask': 557.44}",2049,557.72,558.04,556.85,557.39
2025-04-01 13:30:00,2025-04-01T14:30:00,2025-04-01T13:30:00,"{'bid': 557.39, 'ask': 557.55}","{'bid': 556.85, 'ask': 557.0}","{'bid': 557.65, 'ask': 557.79}","{'bid': 555.96, 'ask': 556.1}",7362,557.39,557.65,555.96,556.85
2025-04-01 13:45:00,2025-04-01T14:45:00,2025-04-01T13:45:00,"{'bid': 556.84, 'ask': 556.96}","{'bid': 557.5, 'ask': 557.62}","{'bid': 558.51, 'ask': 558.65}","{'bid': 556.67, 'ask': 556.81}",6505,556.84,558.51,556.67,557.5
2025-04-01 14:00:00,2025-04-01T15:00:00,2025-04-01T14:00:00,"{'bid': 557.38, 'ask': 557.62}","{'bid': 554.24, 'ask': 554.36}","{'bid': 557.49, 'ask': 557.65}","{'bid': 554.15, 'ask': 554.27}",7609,557.38,557.49,554.15,554.24
2025-04-01 14:15:00,2025-04-01T15:15:00,2025-04-01T14:15:00,"{'bid': 554.25, 'ask': 554.37}","{'bid': 555.1, 'ask': 555.22}","{'bid': 555.74, 'ask': 555.87}","{'bid': 553.61, 'ask': 553.74}",6057,554.25,555.74,553.61,555.1
2025-04-01 14:30:00,2025-04-01T15:30:00,2025-04-01T14:30:00,"{'bid': 555.07, 'ask': 555.2}","{'bid': 557.9, 'ask': 558.04}","{'bid': 558.54, 'ask': 558.67}","{'bid': 554.95, 'ask': 555.07}",5886,555.07,558.54,554.95,557.9
2025-04-01 14:45:00,2025-04-01T15:45:00,2025-04-01T14:45:00,"{'bid': 557.9, 'ask': 558.02}","{'bid': 559.64, 'ask': 559.78}","{'bid': 559.74, 'ask': 559.86}","{'bid': 557.43, 'ask': 557.55}",4570,557.9,559.74,557.43,559.64
2025-04-01 15:00:00,2025-04-01T16:00:00,2025-04-01T15:00:00,"{'bid': 559.63, 'ask': 559.76}","{'bid': 561.33, 'ask': 561.45}","{'bid': 561.37, 'ask': 561.49}","{'bid': 559.32, 'ask': 559.44}",4263,559.63,561.37,559.32,561.33
2025-04-01 15:15:00,2025-04-01T16:15:00,2025-04-01T15:15:00,"{'bid': 561.32, 'ask': 561.44}","{'bid': 560.72, 'ask': 560.85}","{'bid': 561.81, 'ask': 561.93}","{'bid': 560.53, 'ask': 560.66}",4170,561.32,561.81,560.53,560.72
2025-04-01 15:30:00,2025-04-01T16:30:00,2025-04-01T15:30:00,"{'bid': 560.74, 'ask': 560.88}","{'bid': 561.05, 'ask': 561.18}","{'bid': 561.16, 'ask': 561.29}","{'bid': 560.14, 'ask': 560.26}",4288,560.74,561.16,560.14,561.05
2025-04-01 15:45:00,2025-04-01T16:45:00,2025-04-01T15:45:00,"{'bid': 561.03, 'ask': 561.16}","{'bid': 561.5, 'ask': 561.62}","{'bid': 561.7, 'ask': 561.83}","{'bid': 560.7, 'ask': 560.82}",3685,561.03,561.7,560.7,561.5
2025-04-01 16:00:00,2025-04-01T17:00:00,2025-04-01T16:00:00,"{'bid': 561.51, 'ask': 561.64}","{'bid': 562.15, 'ask': 562.28}","{'bid': 562.34, 'ask': 562.47}","{'bid': 561.14, 'ask': 561.27}",3532,561.51,562.34,561.14,562.15
2025-04-01 16:15:00,2025-04-01T17:15:00,2025-04-01T16:15:00,"{'bid': 562.14, 'ask': 562.27}","{'bid': 560.68, 'ask': 560.81}","{'bid': 562.87, 'ask': 563.0}","{'bid': 560.6, 'ask': 560.73}",3931,562.14,562.87,560.6,560.68
2025-04-01 16:30:00,2025-04-01T17:30:00,2025-04-01T16:30:00,"{'bid': 560.7, 'ask': 560.83}","{'bid': 559.42, 'ask': 559.55}","{'bid': 560.99, 'ask': 561.12}","{'bid': 559.27, 'ask': 559.4}",4529,560.7,560.99,559.27,559.42
2025-04-01 16:45:00,2025-04-01T17:45:00,2025-04-01T16:45:00,"{'bid': 559.44, 'ask': 559.56}","{'bid': 560.62, 'ask': 560.75}","{'bid': 561.33, 'ask': 561.46}","{'bid': 559.31, 'ask': 559.44}",3825,559.44,561.33,559.31,560.62
2025-04-01 17:00:00,2025-04-01T18:00:00,2025-04-01T17:00:00,"{'bid': 560.61, 'ask': 560.75}","{'bid': 560.67, 'ask': 560.81}","{'bid': 561.08, 'ask': 561.21}","{'bid': 559.91, 'ask': 560.03}",3425,560.61,561.08,559.91,560.67
2025-04-01 17:15:00,2025-04-01T18:15:00,2025-04-01T17:15:00,"{'bid': 560.65, 'ask': 560.79}","{'bid': 559.33, 'ask': 559.47}","{'bid': 560.8, 'ask': 560.92}","{'bid': 559.12, 'ask': 559.24}",3193,560.65,560.8,559.12,559.33
2025-04-01 17:30:00,2025-04-01T18:30:00,2025-04-01T17:30:00,"{'bid': 559.31, 'ask': 559.44}","{'bid': 559.28, 'ask': 559.41}","{'bid': 560.29, 'ask': 560.42}","{'bid': 559.04, 'ask': 559.17}",3236,559.31,560.29,559.04,559.28
2025-04-01 17:45:00,2025-04-01T18:45:00,2025-04-01T17:45:00,"{'bid': 559.26, 'ask': 559.39}","{'bid': 558.93, 'ask': 559.05}","{'bid': 560.21, 'ask': 560.34}","{'bid': 558.85, 'ask': 558.98}",2824,559.26,560.21,558.85,558.93
2025-04-01 18:00:00,2025-04-01T19:00:00,2025-04-01T18:00:00,"{'bid': 558.93, 'ask': 559.06}","{'bid': 557.63, 'ask': 557.76}","{'bid': 559.11, 'ask': 559.23}","{'bid': 557.03, 'ask': 557.15}",4596,558.93,559.11,557.03,557.63
2025-04-01 18:15:00,2025-04-01T19:15:00,2025-04-01T18:15:00,"{'bid': 557.65, 'ask': 557.78}","{'bid': 556.63, 'ask': 556.76}","{'bid': 557.73, 'ask': 557.85}","{'bid': 556.36, 'ask': 556.49}",3420,557.65,557.73,556.36,556.63
2025-04-01 18:30:00,2025-04-01T19:30:00,2025-04-01T18:30:00,"{'bid': 556.62, 'ask': 556.74}","{'bid': 557.14, 'ask': 557.27}","{'bid': 557.22, 'ask': 557.34}","{'bid': 556.38, 'ask': 556.5}",3354,556.62,557.22,556.38,557.14
2025-04-01 18:45:00,2025-04-01T19:45:00,2025-04-01T18:45:00,"{'bid': 557.12, 'ask': 557.25}","{'bid': 557.6, 'ask': 557.73}","{'bid': 557.71, 'ask': 557.83}","{'bid': 556.1, 'ask': 556.23}",3295,557.12,557.71,556.1,557.6
2025-04-01 19:00:00,2025-04-01T20:00:00,2025-04-01T19:00:00,"{'bid': 557.59, 'ask': 557.71}","{'bid': 558.08, 'ask': 558.2}","{'bid': 558.37, 'ask': 558.49}","{'bid': 557.36, 'ask': 557.49}",3344,557.59,558.37,557.36,558.08
2025-04-01 19:15:00,2025-04-01T20:15:00,2025-04-01T19:15:00,"{'bid': 558.07, 'ask': 558.2}","{'bid': 558.36, 'ask': 558.49}","{'bid': 558.93, 'ask': 559.06}","{'bid': 557.88, 'ask': 558.01}",2944,558.07,558.93,557.88,558.36
2025-04-01 19:30:00,2025-04-01T20:30:00,2025-04-01T19:30:00,"{'bid': 558.38, 'ask': 558.51}","{'bid': 559.87, 'ask': 559.99}","{'bid': 559.99, 'ask': 560.11}","{'bid': 558.11, 'ask': 558.23}",4054,558.38,559.99,558.11,559.87
2025-04-01 19:45:00,2025-04-01T20:45:00,2025-04-01T19:45:00,"{'bid': 559.86, 'ask': 559.99}","{'bid': 561.05, 'ask': 561.17}","{'bid': 561.47, 'ask': 561.59}","{'bid': 559.74, 'ask': 559.87}",5423,559.86,561.47,559.74,561.05
2025-04-01 20:00:00,2025-04-01T21:00:00,2025-04-01T20:00:00,"{'bid': 561.04, 'ask': 561.16}","{'bid': 560.93, 'ask': 561.06}","{'bid': 561.32, 'ask': 561.45}","{'bid': 560.75, 'ask': 560.9}",1720,561.04,561.32,560.75,560.93
2025-04-01 20:15:00,2025-04-01T21:15:00,2025-04-01T20:15:00,"{'bid': 560.96, 'ask': 561.09}","{'bid': 560.37, 'ask': 560.51}","{'bid': 560.98, 'ask': 561.26}","{'bid': 560.21, 'ask': 560.45}",548,560.96,560.98,560.21,560.37
2025-04-01 20:30:00,2025-04-01T21:30:00,2025-04-01T20:30:00,"{'bid': 560.37, 'ask': 560.5}","{'bid': 560.27, 'ask': 560.42}","{'bid': 560.41, 'ask': 560.55}","{'bid': 560.11, 'ask': 560.28}",419,560.37,560.41,560.11,560.27
2025-04-01 20:45:00,2025-04-01T21:45:00,2025-04-01T20:45:00,"{'bid': 560.28, 'ask': 560.43}","{'bid': 560.61, 'ask': 560.92}","{'bid': 561.41, 'ask': 561.7}","{'bid': 560.11, 'ask': 560.37}",1379,560.28,561.41,560.11,560.61
2025-04-01 21:00:00,2025-04-01T22:00:00,2025-04-01T21:00:00,"{'bid': 560.55, 'ask': 560.93}","{'bid': 560.71, 'ask': 560.85}","{'bid': 560.82, 'ask': 561.04}","{'bid': 560.55, 'ask': 560.85}",39,560.55,560.82,560.55,560.71
2025-04-01 21:15:00,2025-04-01T22:15:00,2025-04-01T21:15:00,"{'bid': 560.71, 'ask': 561.0}","{'bid': 560.8, 'ask': 561.01}","{'bid': 560.94, 'ask': 561.14}","{'bid': 560.65, 'ask': 560.81}",46,560.71,560.94,560.65,560.8
2025-04-01 21:30:00,2025-04-01T22:30:00,2025-04-01T21:30:00,"{'bid': 560.8, 'ask': 560.95}","{'bid': 560.9, 'ask': 561.05}","{'bid': 560.9, 'ask': 561.05}","{'bid': 560.73, 'ask': 560.87}",42,560.8,560.9,560.73,560.9
2025-04-01 21:45:00,2025-04-01T22:45:00,2025-04-01T21:45:00,"{'bid': 560.8, 'ask': 561.05}","{'bid': 560.78, 'ask': 561.05}","{'bid': 561.05, 'ask': 561.18}","{'bid': 560.65, 'ask': 560.9}",97,560.8,561.05,560.65,560.78
2025-04-01 22:00:00,2025-04-01T23:00:00,2025-04-01T22:00:00,"{'bid': 560.69, 'ask': 560.91}","{'bid': 561.93, 'ask': 562.17}","{'bid': 562.87, 'ask': 563.11}","{'bid': 560.65, 'ask': 560.85}",961,560.69,562.87,560.65,561.93
2025-04-01 22:15:00,2025-04-01T23:15:00,2025-04-01T22:15:00,"{'bid': 561.93, 'ask': 562.15}","{'bid': 562.27, 'ask': 562.45}","{'bid': 562.6, 'ask': 563.05}","{'bid': 561.66, 'ask': 561.98}",797,561.93,562.6,561.66,562.27
2025-04-01 22:30:00,2025-04-01T23:30:00,2025-04-01T22:30:00,"{'bid': 562.27, 'ask': 562.43}","{'bid': 561.9, 'ask': 562.1}","{'bid': 562.34, 'ask': 562.5}","{'bid': 560.97, 'ask': 561.74}",539,562.27,562.34,560.97,561.9
2025-04-01 22:45:00,2025-04-01T23:45:00,2025-04-01T22:45:00,"{'bid': 561.91, 'ask': 562.1}","{'bid': 561.71, 'ask': 561.94}","{'bid': 562.0, 'ask': 562.36}","{'bid': 560.95, 'ask': 561.79}",250,561.91,562.0,560.95,561.71
2025-04-01 23:00:00,2025-04-02T00:00:00,2025-04-01T23:00:00,"{'bid': 561.74, 'ask': 561.94}","{'bid': 561.65, 'ask': 561.85}","{'bid': 561.76, 'ask': 562.36}","{'bid': 560.95, 'ask': 561.65}",421,561.74,561.76,560.95,561.65
2025-04-01 23:15:00,2025-04-02T00:15:00,2025-04-01T23:15:00,"{'bid': 561.66, 'ask': 561.86}","{'bid': 562.05, 'ask': 562.26}","{'bid': 562.08, 'ask': 562.36}","{'bid': 561.56, 'ask': 561.86}",361,561.66,562.08,561.56,562.05
2025-04-01 23:30:00,2025-04-02T00:30:00,2025-04-01T23:30:00,"{'bid': 562.06, 'ask': 562.26}","{'bid': 561.95, 'ask': 562.15}","{'bid': 562.2, 'ask': 562.36}","{'bid': 561.87, 'ask': 562.05}",308,562.06,562.2,561.87,561.95
2025-04-01 23:45:00,2025-04-02T00:45:00,2025-04-01T23:45:00,"{'bid': 561.96, 'ask': 562.15}","{'bid': 561.7, 'ask': 561.9}","{'bid': 562.01, 'ask': 562.36}","{'bid': 561.26, 'ask': 561.82}",402,561.96,562.01,561.26,561.7
2025-04-02 08:00:00,2025-04-02T09:00:00,2025-04-02T08:00:00,"{'bid': 558.6, 'ask': 560.52}","{'bid': 559.09, 'ask': 559.3}","{'bid': 559.41, 'ask': 560.52}","{'bid': 558.25, 'ask': 558.97}",1127,558.6,559.41,558.25,559.09
2025-04-02 08:15:00,2025-04-02T09:15:00,2025-04-02T08:15:00,"{'bid': 559.03, 'ask': 559.28}","{'bid': 559.57, 'ask': 559.74}","{'bid': 559.67, 'ask': 559.85}","{'bid': 558.55, 'ask': 559.23}",833,559.03,559.67,558.55,559.57
2025-04-02 08:30:00,2025-04-02T09:30:00,2025-04-02T08:30:00,"{'bid': 559.47, 'ask': 559.74}","{'bid': 559.78, 'ask': 559.95}","{'bid': 560.17, 'ask': 560.75}","{'bid': 559.15, 'ask': 559.62}",768,559.47,560.17,559.15,559.78
2025-04-02 08:45:00,2025-04-02T09:45:00,2025-04-02T08:45:00,"{'bid': 559.71, 'ask': 559.95}","{'bid': 559.3, 'ask': 559.5}","{'bid': 559.81, 'ask': 560.45}","{'bid': 558.96, 'ask': 559.39}",605,559.71,559.81,558.96,559.3
2025-04-02 09:00:00,2025-04-02T10:00:00,2025-04-02T09:00:00,"{'bid': 559.29, 'ask': 559.49}","{'bid': 559.51, 'ask': 559.68}","{'bid': 559.89, 'ask': 560.45}","{'bid': 558.95, 'ask': 559.34}",763,559.29,559.89,558.95,559.51
2025-04-02 09:15:00,2025-04-02T10:15:00,2025-04-02T09:15:00,"{'bid': 559.5, 'ask': 559.68}","{'bid': 559.09, 'ask': 559.26}","{'bid': 559.58, 'ask': 559.77}","{'bid': 558.95, 'ask': 559.17}",740,559.5,559.58,558.95,559.09
2025-04-02 09:30:00,2025-04-02T10:30:00,2025-04-02T09:30:00,"{'bid': 559.1, 'ask': 559.25}","{'bid': 559.63, 'ask': 559.8}","{'bid': 559.69, 'ask': 560.45}","{'bid': 558.95, 'ask': 559.19}",746,559.1,559.69,558.95,559.63
2025-04-02 09:45:00,2025-04-02T10:45:00,2025-04-02T09:45:00,"{'bid': 559.63, 'ask': 559.79}","{'bid': 559.03, 'ask': 559.17}","{'bid': 559.63, 'ask': 560.44}","{'bid': 558.84, 'ask': 559.07}",670,559.63,559.63,558.84,559.03
2025-04-02 10:00:00,2025-04-02T11:00:00,2025-04-02T10:00:00,"{'bid': 559.03, 'ask': 559.18}","{'bid': 558.63, 'ask': 558.81}","{'bid': 559.17, 'ask': 559.85}","{'bid': 557.05, 'ask': 557.81}",2199,559.03,559.17,557.05,558.63
2025-04-02 10:15:00,2025-04-02T11:15:00,2025-04-02T10:15:00,"{'bid': 558.63, 'ask': 558.8}","{'bid': 558.38, 'ask': 558.6}","{'bid': 558.95, 'ask': 559.55}","{'bid': 557.35, 'ask': 558.1}",1302,558.63,558.95,557.35,558.38
2025-04-02 10:30:00,2025-04-02T11:30:00,2025-04-02T10:30:00,"{'bid': 558.38, 'ask': 558.59}","{'bid': 557.7, 'ask': 557.88}","{'bid': 558.57, 'ask': 559.24}","{'bid': 557.05, 'ask': 557.74}",1243,558.38,558.57,557.05,557.7
2025-04-02 10:45:00,2025-04-02T11:45:00,2025-04-02T10:45:00,"{'bid': 557.71, 'ask': 557.87}","{'bid': 557.84, 'ask': 558.06}","{'bid': 558.26, 'ask': 558.95}","{'bid': 557.25, 'ask': 557.8}",999,557.71,558.26,557.25,557.84
2025-04-02 11:00:00,2025-04-02T12:00:00,2025-04-02T11:00:00,"{'bid': 557.84, 'ask': 558.05}","{'bid': 557.75, 'ask': 557.99}","{'bid': 558.17, 'ask': 558.83}","{'bid': 557.15, 'ask': 557.55}",1205,557.84,558.17,557.15,557.75
2025-04-02 11:15:00,2025-04-02T12:15:00,2025-04-02T11:15:00,"{'bid': 557.81, 'ask': 558.04}","{'bid': 557.6, 'ask': 557.75}","{'bid': 558.04, 'ask': 558.95}","{'bid': 557.15, 'ask': 557.69}",758,557.81,558.04,557.15,557.6
2025-04-02 11:30:00,2025-04-02T12:30:00,2025-04-02T11:30:00,"{'bid': 557.59, 'ask': 557.74}","{'bid': 557.44, 'ask': 557.69}","{'bid': 557.97, 'ask': 558.65}","{'bid': 557.15, 'ask': 557.38}",1148,557.59,557.97,557.15,557.44
2025-04-02 11:45:00,2025-04-02T12:45:00,2025-04-02T11:45:00,"{'bid': 557.44, 'ask': 557.68}","{'bid': 557.08, 'ask': 557.29}","{'bid': 557.8, 'ask': 558.65}","{'bid': 557.01, 'ask': 557.18}",1031,557.44,557.8,557.01,557.08
2025-04-02 12:00:00,2025-04-02T13:00:00,2025-04-02T12:00:00,"{'bid': 557.08, 'ask': 557.75}","{'bid': 556.58, 'ask': 556.72}","{'bid': 557.18, 'ask': 557.95}","{'bid': 555.46, 'ask': 556.04}",2186,557.08,557.18,555.46,556.58
2025-04-02 12:15:00,2025-04-02T13:15:00,2025-04-02T12:15:00,"{'bid': 555.95, 'ask': 556.72}","{'bid': 554.9, 'ask': 555.08}","{'bid': 556.78, 'ask': 557.45}","{'bid': 554.81, 'ask': 555.06}",3000,555.95,556.78,554.81,554.9
2025-04-02 12:30:00,2025-04-02T13:30:00,2025-04-02T12:30:00,"{'bid': 554.92, 'ask': 555.26}","{'bid': 555.74, 'ask': 555.91}","{'bid': 555.89, 'ask': 556.85}","{'bid': 554.75, 'ask': 555.12}",2317,554.92,555.89,554.75,555.74
2025-04-02 12:45:00,2025-04-02T13:45:00,2025-04-02T12:45:00,"{'bid': 555.59, 'ask': 555.89}","{'bid': 556.07, 'ask': 556.27}","{'bid': 556.21, 'ask': 556.55}","{'bid': 555.32, 'ask': 555.8}",2318,555.59,556.21,555.32,556.07
2025-04-02 13:00:00,2025-04-02T14:00:00,2025-04-02T13:00:00,"{'bid': 556.07, 'ask': 556.26}","{'bid': 555.43, 'ask': 555.61}","{'bid': 556.14, 'ask': 556.55}","{'bid': 555.15, 'ask': 555.5}",2168,556.07,556.14,555.15,555.43
2025-04-02 13:15:00,2025-04-02T14:15:00,2025-04-02T13:15:00,"{'bid': 555.43, 'ask': 555.55}","{'bid': 554.98, 'ask': 555.15}","{'bid': 555.82, 'ask': 556.25}","{'bid': 554.72, 'ask': 554.91}",1523,555.43,555.82,554.72,554.98
2025-04-02 13:30:00,2025-04-02T14:30:00,2025-04-02T13:30:00,"{'bid': 554.96, 'ask': 555.12}","{'bid': 558.75, 'ask': 558.88}","{'bid': 558.93, 'ask': 559.05}","{'bid': 554.76, 'ask': 554.89}",7029,554.96,558.93,554.76,558.75
2025-04-02 13:45:00,2025-04-02T14:45:00,2025-04-02T13:45:00,"{'bid': 558.76, 'ask': 558.89}","{'bid': 558.69, 'ask': 558.83}","{'bid': 559.72, 'ask': 559.85}","{'bid': 558.35, 'ask': 558.47}",6910,558.76,559.72,558.35,558.69
2025-04-02 14:00:00,2025-04-02T15:00:00,2025-04-02T14:00:00,"{'bid': 558.68, 'ask': 558.8}","{'bid': 559.05, 'ask': 559.17}","{'bid': 560.55, 'ask': 560.68}","{'bid': 558.22, 'ask': 558.35}",5849,558.68,560.55,558.22,559.05
2025-04-02 14:15:00,2025-04-02T15:15:00,2025-04-02T14:15:00,"{'bid': 559.05, 'ask': 559.18}","{'bid': 560.79, 'ask': 560.92}","{'bid': 560.85, 'ask': 560.98}","{'bid': 558.85, 'ask': 558.98}",4911,559.05,560.85,558.85,560.79
2025-04-02 14:30:00,2025-04-02T15:30:00,2025-04-02T14:30:00,"{'bid': 560.8, 'ask': 560.92}","{'bid': 560.71, 'ask': 560.84}","{'bid': 561.49, 'ask': 561.63}","{'bid': 560.29, 'ask': 560.43}",4427,560.8,561.49,560.29,560.71
2025-04-02 14:45:00,2025-04-02T15:45:00,2025-04-02T14:45:00,"{'bid': 560.73, 'ask': 560.86}","{'bid': 562.02, 'ask': 562.14}","{'bid': 562.19, 'ask': 562.32}","{'bid': 560.67, 'ask': 560.8}",3325,560.73,562.19,560.67,562.02
2025-04-02 15:00:00,2025-04-02T16:00:00,2025-04-02T15:00:00,"{'bid': 562.02, 'ask': 562.15}","{'bid': 561.03, 'ask': 561.15}","{'bid': 562.1, 'ask': 562.22}","{'bid': 561.03, 'ask': 561.15}",3930,562.02,562.1,561.03,561.03
2025-04-02 15:15:00,2025-04-02T16:15:00,2025-04-02T15:15:00,"{'bid': 561.05, 'ask': 561.18}","{'bid': 563.27, 'ask': 563.4}","{'bid': 563.69, 'ask': 563.81}","{'bid': 560.8, 'ask': 560.92}",3605,561.05,563.69,560.8,563.27
2025-04-02 15:30:00,2025-04-02T16:30:00,2025-04-02T15:30:00,"{'bid': 563.24, 'ask': 563.37}","{'bid': 562.33, 'ask': 562.46}","{'bid': 563.65, 'ask': 563.78}","{'bid': 562.23, 'ask': 562.36}",3784,563.24,563.65,562.23,562.33
2025-04-02 15:45:00,2025-04-02T16:45:00,2025-04-02T15:45:00,"{'bid': 562.32, 'ask': 562.44}","{'bid': 562.24, 'ask': 562.37}","{'bid': 562.61, 'ask': 562.74}","{'bid': 561.04, 'ask': 561.17}",4716,562.32,562.61,561.04,562.24
2025-04-02 16:00:00,2025-04-02T17:00:00,2025-04-02T16:00:00,"{'bid': 562.22, 'ask': 562.36}","{'bid': 563.49, 'ask': 563.61}","{'bid': 563.53, 'ask': 563.66}","{'bid': 562.02, 'ask': 562.14}",3084,562.22,563.53,562.02,563.49
2025-04-02 16:15:00,2025-04-02T17:15:00,2025-04-02T16:15:00,"{'bid': 563.47, 'ask': 563.59}","{'bid': 564.21, 'ask': 564.34}","{'bid': 564.21, 'ask': 564.34}","{'bid': 563.27, 'ask': 563.4}",2894,563.47,564.21,563.27,564.21
2025-04-02 16:30:00,2025-04-02T17:30:00,2025-04-02T16:30:00,"{'bid': 564.2, 'ask': 564.34}","{'bid': 564.46, 'ask': 564.58}","{'bid': 564.5, 'ask': 564.62}","{'bid': 563.51, 'ask': 563.63}",3105,564.2,564.5,563.51,564.46
2025-04-02 16:45:00,2025-04-02T17:45:00,2025-04-02T16:45:00,"{'bid': 564.45, 'ask': 564.58}","{'bid': 565.62, 'ask': 565.75}","{'bid': 565.98, 'ask': 566.1}","{'bid': 564.15, 'ask': 564.27}",4188,564.45,565.98,564.15,565.62
2025-04-02 17:00:00,2025-04-02T18:00:00,2025-04-02T17:00:00,"{'bid': 565.59, 'ask': 565.73}","{'bid': 566.86, 'ask': 566.99}","{'bid': 567.35, 'ask': 567.47}","{'bid': 565.56, 'ask': 565.69}",3491,565.59,567.35,565.56,566.86
2025-04-02 17:15:00,2025-04-02T18:15:00,2025-04-02T17:15:00,"{'bid': 566.88, 'ask': 567.0}","{'bid': 565.98, 'ask': 566.1}","{'bid': 566.91, 'ask': 567.05}","{'bid': 565.86, 'ask': 565.98}",3146,566.88,566.91,565.86,565.98
2025-04-02 17:30:00,2025-04-02T18:30:00,2025-04-02T17:30:00,"{'bid': 565.97, 'ask': 566.1}","{'bid': 564.49, 'ask': 564.63}","{'bid': 566.03, 'ask': 566.16}","{'bid': 564.11, 'ask': 564.24}",3712,565.97,566.03,564.11,564.49
2025-04-02 17:45:00,2025-04-02T18:45:00,2025-04-02T17:45:00,"{'bid': 564.49, 'ask': 564.62}","{'bid': 564.02, 'ask': 564.15}","{'bid': 564.49, 'ask': 564.62}","{'bid': 563.17, 'ask': 563.29}",3655,564.49,564.49,563.17,564.02
2025-04-02 18:00:00,2025-04-02T19:00:00,2025-04-02T18:00:00,"{'bid': 564.03, 'ask': 564.15}","{'bid': 562.95, 'ask': 563.08}","{'bid': 564.38, 'ask': 564.51}","{'bid': 562.42, 'ask': 562.55}",4280,564.03,564.38,562.42,562.95
2025-04-02 18:15:00,2025-04-02T19:15:00,2025-04-02T18:15:00,"{'bid': 562.94, 'ask': 563.06}","{'bid': 561.06, 'ask': 561.19}","{'bid': 563.13, 'ask': 563.26}","{'bid': 561.06, 'ask': 561.18}",3763,562.94,563.13,561.06,561.06
2025-04-02 18:30:00,2025-04-02T19:30:00,2025-04-02T18:30:00,"{'bid': 561.06, 'ask': 561.18}","{'bid': 563.3, 'ask': 563.42}","{'bid': 563.72, 'ask': 563.85}","{'bid': 560.91, 'ask': 561.03}",4000,561.06,563.72,560.91,563.3
2025-04-02 18:45:00,2025-04-02T19:45:00,2025-04-02T18:45:00,"{'bid': 563.27, 'ask': 563.4}","{'bid': 561.06, 'ask': 561.19}","{'bid': 563.44, 'ask': 563.56}","{'bid': 561.03, 'ask': 561.16}",3683,563.27,563.44,561.03,561.06
2025-04-02 19:00:00,2025-04-02T20:00:00,2025-04-02T19:00:00,"{'bid': 561.08, 'ask': 561.2}","{'bid': 562.04, 'ask': 562.17}","{'bid': 562.88, 'ask': 563.0}","{'bid': 561.08, 'ask': 561.2}",4556,561.08,562.88,561.08,562.04
2025-04-02 19:15:00,2025-04-02T20:15:00,2025-04-02T19:15:00,"{'bid': 562.06, 'ask': 562.19}","{'bid': 563.14, 'ask': 563.27}","{'bid': 563.31, 'ask': 563.44}","{'bid': 561.6, 'ask': 561.72}",4244,562.06,563.31,561.6,563.14
2025-04-02 19:30:00,2025-04-02T20:30:00,2025-04-02T19:30:00,"{'bid': 563.12, 'ask': 563.25}","{'bid': 564.65, 'ask': 564.78}","{'bid': 564.84, 'ask': 564.96}","{'bid': 562.59, 'ask': 562.71}",4582,563.12,564.84,562.59,564.65
2025-04-02 19:45:00,2025-04-02T20:45:00,2025-04-02T19:45:00,"{'bid': 564.64, 'ask': 564.78}","{'bid': 564.57, 'ask': 564.7}","{'bid': 565.58, 'ask': 565.71}","{'bid': 564.57, 'ask': 564.7}",5148,564.64,565.58,564.57,564.57
2025-04-02 20:00:00,2025-04-02T21:00:00,2025-04-02T20:00:00,"{'bid': 564.59, 'ask': 564.71}","{'bid': 568.65, 'ask': 568.9}","{'bid': 569.48, 'ask': 570.23}","{'bid': 562.15, 'ask': 562.95}",4758,564.59,569.48,562.15,568.65
2025-04-02 20:15:00,2025-04-02T21:15:00,2025-04-02T20:15:00,"{'bid': 568.6, 'ask': 568.9}","{'bid': 555.78, 'ask': 556.85}","{'bid': 570.64, 'ask': 571.55}","{'bid': 554.81, 'ask': 555.68}",6673,568.6,570.64,554.81,555.78
2025-04-02 20:30:00,2025-04-02T21:30:00,2025-04-02T20:30:00,"{'bid': 556.93, 'ask': 557.06}","{'bid': 552.26, 'ask': 552.49}","{'bid': 558.42, 'ask': 559.25}","{'bid': 550.26, 'ask': 550.55}",5879,556.93,558.42,550.26,552.26
2025-04-02 20:45:00,2025-04-02T21:45:00,2025-04-02T20:45:00,"{'bid': 552.26, 'ask': 552.44}","{'bid': 552.07, 'ask': 552.54}","{'bid': 553.64, 'ask': 554.05}","{'bid': 550.95, 'ask': 551.19}",4598,552.26,553.64,550.95,552.07
2025-04-02 21:00:00,2025-04-02T22:00:00,2025-04-02T21:00:00,"{'bid': 552.2, 'ask': 552.47}","{'bid': 549.37, 'ask': 550.22}","{'bid': 552.2, 'ask': 554.04}","{'bid': 548.74, 'ask': 549.07}",523,552.2,552.2,548.74,549.37
2025-04-02 21:15:00,2025-04-02T22:15:00,2025-04-02T21:15:00,"{'bid': 549.35, 'ask': 550.28}","{'bid': 549.66, 'ask': 549.93}","{'bid': 550.97, 'ask': 551.51}","{'bid': 549.07, 'ask': 549.54}",396,549.35,550.97,549.07,549.66
2025-04-02 21:30:00,2025-04-02T22:30:00,2025-04-02T21:30:00,"{'bid': 549.74, 'ask': 550.7}","{'bid': 548.66, 'ask': 548.88}","{'bid': 550.46, 'ask': 550.7}","{'bid': 548.62, 'ask': 548.82}",629,549.74,550.46,548.62,548.66
2025-04-02 21:45:00,2025-04-02T22:45:00,2025-04-02T21:45:00,"{'bid': 548.75, 'ask': 548.88}","{'bid': 547.05, 'ask': 547.47}","{'bid': 549.15, 'ask': 549.53}","{'bid': 546.2, 'ask': 546.53}",735,548.75,549.15,546.2,547.05
2025-04-02 22:00:00,2025-04-02T23:00:00,2025-04-02T22:00:00,"{'bid': 547.05, 'ask': 548.05}","{'bid': 545.16, 'ask': 545.39}","{'bid': 548.59, 'ask': 549.05}","{'bid': 543.96, 'ask': 544.71}",2918,547.05,548.59,543.96,545.16
2025-04-02 22:15:00,2025-04-02T23:15:00,2025-04-02T22:15:00,"{'bid': 545.16, 'ask': 545.45}","{'bid': 545.39, 'ask': 545.64}","{'bid': 545.46, 'ask': 546.35}","{'bid': 541.89, 'ask': 542.21}",3084,545.16,545.46,541.89,545.39
2025-04-02 22:30:00,2025-04-02T23:30:00,2025-04-02T22:30:00,"{'bid': 545.32, 'ask': 545.62}","{'bid': 545.12, 'ask': 545.33}","{'bid': 546.8, 'ask': 547.55}","{'bid': 544.75, 'ask': 544.95}",2327,545.32,546.8,544.75,545.12
2025-04-02 22:45:00,2025-04-02T23:45:00,2025-04-02T22:45:00,"{'bid': 545.12, 'ask': 545.35}","{'bid': 546.44, 'ask': 546.77}","{'bid': 547.26, 'ask': 547.6}","{'bid': 545.12, 'ask': 545.35}",2163,545.12,547.26,545.12,546.44
2025-04-02 23:00:00,2025-04-03T00:00:00,2025-04-02T23:00:00,"{'bid': 546.47, 'ask': 546.77}","{'bid': 545.85, 'ask': 546.1}","{'bid': 546.47, 'ask': 547.25}","{'bid': 543.85, 'ask': 544.16}",2166,546.47,546.47,543.85,545.85
2025-04-02 23:15:00,2025-04-03T00:15:00,2025-04-02T23:15:00,"{'bid': 545.85, 'ask': 546.08}","{'bid': 545.45, 'ask': 545.62}","{'bid': 545.95, 'ask': 546.65}","{'bid': 544.65, 'ask': 544.78}",1663,545.85,545.95,544.65,545.45
2025-04-02 23:30:00,2025-04-03T00:30:00,2025-04-02T23:30:00,"{'bid': 545.49, 'ask': 546.35}","{'bid': 544.21, 'ask': 544.45}","{'bid': 545.52, 'ask': 546.35}","{'bid': 544.1, 'ask': 544.31}",1494,545.49,545.52,544.1,544.21
2025-04-02 23:45:00,2025-04-03T00:45:00,2025-04-02T23:45:00,"{'bid': 544.15, 'ask': 544.45}","{'bid': 544.77, 'ask': 552.05}","{'bid': 544.95, 'ask': 552.05}","{'bid': 543.55, 'ask': 544.0}",2082,544.15,544.95,543.55,544.77
2025-04-03 08:00:00,2025-04-03T09:00:00,2025-04-03T08:00:00,"{'bid': 547.78, 'ask': 548.03}","{'bid': 548.23, 'ask': 548.41}","{'bid': 548.51, 'ask': 549.05}","{'bid': 546.85, 'ask': 547.56}",2037,547.78,548.51,546.85,548.23
2025-04-03 08:15:00,2025-04-03T09:15:00,2025-04-03T08:15:00,"{'bid': 548.22, 'ask': 548.39}","{'bid': 548.74, 'ask': 548.93}","{'bid': 548.98, 'ask': 549.64}","{'bid': 547.45, 'ask': 548.27}",1668,548.22,548.98,547.45,548.74
2025-04-03 08:30:00,2025-04-03T09:30:00,2025-04-03T08:30:00,"{'bid': 548.74, 'ask': 548.94}","{'bid': 548.51, 'ask': 548.74}","{'bid': 549.33, 'ask': 550.05}","{'bid': 547.81, 'ask': 548.57}",1582,548.74,549.33,547.81,548.51
2025-04-03 08:45:00,2025-04-03T09:45:00,2025-04-03T08:45:00,"{'bid': 548.51, 'ask': 548.73}","{'bid': 548.82, 'ask': 549.04}","{'bid': 549.07, 'ask': 549.94}","{'bid': 547.46, 'ask': 548.29}",1279,548.51,549.07,547.46,548.82
2025-04-03 09:00:00,2025-04-03T10:00:00,2025-04-03T09:00:00,"{'bid': 548.75, 'ask': 549.03}","{'bid': 547.45, 'ask': 547.6}","{'bid': 549.32, 'ask': 549.95}","{'bid': 546.98, 'ask': 547.6}",1599,548.75,549.32,546.98,547.45
2025-04-03 09:15:00,2025-04-03T10:15:00,2025-04-03T09:15:00,"{'bid': 547.44, 'ask': 547.6}","{'bid': 547.03, 'ask': 547.24}","{'bid': 547.84, 'ask': 548.45}","{'bid': 546.95, 'ask': 547.16}",1565,547.44,547.84,546.95,547.03
2025-04-03 09:30:00,2025-04-03T10:30:00,2025-04-03T09:30:00,"{'bid': 546.98, 'ask': 547.24}","{'bid': 547.56, 'ask': 547.76}","{'bid': 547.88, 'ask': 548.75}","{'bid': 546.95, 'ask': 547.17}",1209,546.98,547.88,546.95,547.56
2025-04-03 09:45:00,2025-04-03T10:45:00,2025-04-03T09:45:00,"{'bid': 547.56, 'ask': 547.75}","{'bid': 546.34, 'ask': 546.53}","{'bid': 547.56, 'ask': 547.75}","{'bid': 545.95, 'ask': 546.21}",1904,547.56,547.56,545.95,546.34
2025-04-03 10:00:00,2025-04-03T11:00:00,2025-04-03T10:00:00,"{'bid': 546.34, 'ask': 546.52}","{'bid': 545.41, 'ask': 545.6}","{'bid': 546.73, 'ask': 547.05}","{'bid': 544.75, 'ask': 545.59}",2159,546.34,546.73,544.75,545.41
2025-04-03 10:15:00,2025-04-03T11:15:00,2025-04-03T10:15:00,"{'bid': 545.41, 'ask': 545.59}","{'bid': 545.26, 'ask': 545.46}","{'bid': 545.99, 'ask': 546.65}","{'bid': 544.45, 'ask': 545.14}",2170,545.41,545.99,544.45,545.26
2025-04-03 10:30:00,2025-04-03T11:30:00,2025-04-03T10:30:00,"{'bid': 545.26, 'ask': 545.45}","{'bid': 545.87, 'ask': 546.09}","{'bid': 545.93, 'ask': 546.65}","{'bid': 544.45, 'ask': 545.01}",1719,545.26,545.93,544.45,545.87
2025-04-03 10:45:00,2025-04-03T11:45:00,2025-04-03T10:45:00,"{'bid': 545.88, 'ask': 546.1}","{'bid': 545.46, 'ask': 545.64}","{'bid': 546.08, 'ask': 546.85}","{'bid': 543.55, 'ask': 544.4}",2394,545.88,546.08,543.55,545.46
2025-04-03 11:00:00,2025-04-03T12:00:00,2025-04-03T11:00:00,"{'bid': 545.46, 'ask': 545.66}","{'bid': 546.45, 'ask': 546.62}","{'bid': 546.65, 'ask': 546.85}","{'bid': 544.45, 'ask': 545.26}",2089,545.46,546.65,544.45,546.45
2025-04-03 11:15:00,2025-04-03T12:15:00,2025-04-03T11:15:00,"{'bid': 546.44, 'ask': 546.61}","{'bid': 545.62, 'ask': 545.83}","{'bid': 546.61, 'ask': 546.85}","{'bid': 544.5, 'ask': 545.15}",1566,546.44,546.61,544.5,545.62
2025-04-03 11:30:00,2025-04-03T12:30:00,2025-04-03T11:30:00,"{'bid': 545.62, 'ask': 545.82}","{'bid': 546.02, 'ask': 546.21}","{'bid': 546.21, 'ask': 546.75}","{'bid': 544.15, 'ask': 544.88}",2027,545.62,546.21,544.15,546.02
2025-04-03 11:45:00,2025-04-03T12:45:00,2025-04-03T11:45:00,"{'bid': 546.03, 'ask': 546.21}","{'bid': 545.84, 'ask': 546.03}","{'bid': 546.32, 'ask': 546.85}","{'bid': 545.05, 'ask': 545.69}",1595,546.03,546.32,545.05,545.84
2025-04-03 12:00:00,2025-04-03T13:00:00,2025-04-03T12:00:00,"{'bid': 545.85, 'ask': 546.01}","{'bid': 547.08, 'ask': 547.24}","{'bid': 547.55, 'ask': 548.15}","{'bid': 545.03, 'ask': 545.26}",2498,545.85,547.55,545.03,547.08
2025-04-03 12:15:00,2025-04-03T13:15:00,2025-04-03T12:15:00,"{'bid': 547.07, 'ask': 547.24}","{'bid': 545.95, 'ask': 546.25}","{'bid': 547.07, 'ask': 547.24}","{'bid': 545.79, 'ask': 546.03}",2234,547.07,547.07,545.79,545.95
2025-04-03 12:30:00,2025-04-03T13:30:00,2025-04-03T12:30:00,"{'bid': 545.8, 'ask': 546.24}","{'bid': 544.62, 'ask': 544.8}","{'bid': 546.17, 'ask': 546.91}","{'bid': 544.04, 'ask': 544.52}",2805,545.8,546.17,544.04,544.62
2025-04-03 12:45:00,2025-04-03T13:45:00,2025-04-03T12:45:00,"{'bid': 544.59, 'ask': 544.78}","{'bid': 543.59, 'ask': 543.76}","{'bid': 544.75, 'ask': 545.45}","{'bid': 543.41, 'ask': 543.59}",3824,544.59,544.75,543.41,543.59
2025-04-03 13:00:00,2025-04-03T14:00:00,2025-04-03T13:00:00,"{'bid': 543.57, 'ask': 543.76}","{'bid': 543.91, 'ask': 544.07}","{'bid': 544.59, 'ask': 545.15}","{'bid': 542.95, 'ask': 543.18}",3374,543.57,544.59,542.95,543.91
2025-04-03 13:15:00,2025-04-03T14:15:00,2025-04-03T13:15:00,"{'bid': 543.91, 'ask': 544.08}","{'bid': 545.01, 'ask': 545.19}","{'bid': 545.34, 'ask': 545.55}","{'bid': 543.25, 'ask': 543.44}",3428,543.91,545.34,543.25,545.01
2025-04-03 13:30:00,2025-04-03T14:30:00,2025-04-03T13:30:00,"{'bid': 544.99, 'ask': 545.18}","{'bid': 546.27, 'ask': 546.45}","{'bid': 547.9, 'ask': 548.02}","{'bid': 544.83, 'ask': 544.98}",9966,544.99,547.9,544.83,546.27
2025-04-03 13:45:00,2025-04-03T14:45:00,2025-04-03T13:45:00,"{'bid': 546.25, 'ask': 546.44}","{'bid': 544.81, 'ask': 545.06}","{'bid': 547.07, 'ask': 547.21}","{'bid': 544.13, 'ask': 544.25}",8570,546.25,547.07,544.13,544.81
2025-04-03 14:00:00,2025-04-03T15:00:00,2025-04-03T14:00:00,"{'bid': 544.81, 'ask': 545.05}","{'bid': 542.63, 'ask': 542.75}","{'bid': 545.13, 'ask': 545.29}","{'bid': 541.94, 'ask': 542.07}",8022,544.81,545.13,541.94,542.63
2025-04-03 14:15:00,2025-04-03T15:15:00,2025-04-03T14:15:00,"{'bid': 542.62, 'ask': 542.75}","{'bid': 543.02, 'ask': 543.15}","{'bid': 543.64, 'ask': 543.77}","{'bid': 541.52, 'ask': 541.64}",7977,542.62,543.64,541.52,543.02
2025-04-03 14:30:00,2025-04-03T15:30:00,2025-04-03T14:30:00,"{'bid': 543.04, 'ask': 543.17}","{'bid': 542.13, 'ask': 542.26}","{'bid': 543.83, 'ask': 543.95}","{'bid': 541.55, 'ask': 541.68}",7360,543.04,543.83,541.55,542.13
2025-04-03 14:45:00,2025-04-03T15:45:00,2025-04-03T14:45:00,"{'bid': 542.1, 'ask': 542.24}","{'bid': 540.13, 'ask': 540.26}","{'bid': 542.19, 'ask': 542.32}","{'bid': 540.03, 'ask': 540.15}",6209,542.1,542.19,540.03,540.13
2025-04-03 15:00:00,2025-04-03T16:00:00,2025-04-03T15:00:00,"{'bid': 540.12, 'ask': 540.24}","{'bid': 541.39, 'ask': 541.52}","{'bid': 542.08, 'ask': 542.21}","{'bid': 539.53, 'ask': 539.66}",6730,540.12,542.08,539.53,541.39
2025-04-03 15:15:00,2025-04-03T16:15:00,2025-04-03T15:15:00,"{'bid': 541.38, 'ask': 541.5}","{'bid': 541.71, 'ask': 541.83}","{'bid': 542.71, 'ask': 542.83}","{'bid': 541.13, 'ask': 541.25}",7006,541.38,542.71,541.13,541.71
2025-04-03 15:30:00,2025-04-03T16:30:00,2025-04-03T15:30:00,"{'bid': 541.7, 'ask': 541.83}","{'bid': 543.86, 'ask': 543.99}","{'bid': 544.25, 'ask': 544.38}","{'bid': 541.57, 'ask': 541.69}",7692,541.7,544.25,541.57,543.86
2025-04-03 15:45:00,2025-04-03T16:45:00,2025-04-03T15:45:00,"{'bid': 543.85, 'ask': 543.97}","{'bid': 543.45, 'ask': 543.59}","{'bid': 544.34, 'ask': 544.47}","{'bid': 542.03, 'ask': 542.16}",6699,543.85,544.34,542.03,543.45
2025-04-03 16:00:00,2025-04-03T17:00:00,2025-04-03T16:00:00,"{'bid': 543.44, 'ask': 543.57}","{'bid': 544.99, 'ask': 545.12}","{'bid': 545.21, 'ask': 545.34}","{'bid': 543.33, 'ask': 543.46}",6707,543.44,545.21,543.33,544.99
2025-04-03 16:15:00,2025-04-03T17:15:00,2025-04-03T16:15:00,"{'bid': 544.98, 'ask': 545.1}","{'bid': 545.86, 'ask': 545.99}","{'bid': 545.88, 'ask': 546.01}","{'bid': 544.51, 'ask': 544.63}",6236,544.98,545.88,544.51,545.86
2025-04-03 16:30:00,2025-04-03T17:30:00,2025-04-03T16:30:00,"{'bid': 545.85, 'ask': 545.97}","{'bid': 544.5, 'ask': 544.63}","{'bid': 546.3, 'ask': 546.42}","{'bid': 543.9, 'ask': 544.02}",6290,545.85,546.3,543.9,544.5
2025-04-03 16:45:00,2025-04-03T17:45:00,2025-04-03T16:45:00,"{'bid': 544.51, 'ask': 544.64}","{'bid': 543.37, 'ask': 543.49}","{'bid': 544.95, 'ask': 545.08}","{'bid': 542.93, 'ask': 543.05}",6402,544.51,544.95,542.93,543.37
2025-04-03 17:00:00,2025-04-03T18:00:00,2025-04-03T17:00:00,"{'bid': 543.37, 'ask': 543.5}","{'bid': 543.4, 'ask': 543.53}","{'bid': 544.32, 'ask': 544.44}","{'bid': 542.83, 'ask': 542.96}",6142,543.37,544.32,542.83,543.4
2025-04-03 17:15:00,2025-04-03T18:15:00,2025-04-03T17:15:00,"{'bid': 543.38, 'ask': 543.51}","{'bid': 542.19, 'ask': 542.31}","{'bid': 543.59, 'ask': 543.72}","{'bid': 541.86, 'ask': 541.98}",5000,543.38,543.59,541.86,542.19
2025-04-03 17:30:00,2025-04-03T18:30:00,2025-04-03T17:30:00,"{'bid': 542.17, 'ask': 542.3}","{'bid': 543.41, 'ask': 543.53}","{'bid': 543.52, 'ask': 543.64}","{'bid': 541.85, 'ask': 541.98}",5333,542.17,543.52,541.85,543.41
2025-04-03 17:45:00,2025-04-03T18:45:00,2025-04-03T17:45:00,"{'bid': 543.41, 'ask': 543.54}","{'bid': 541.81, 'ask': 541.93}","{'bid': 543.72, 'ask': 543.84}","{'bid': 541.71, 'ask': 541.84}",4662,543.41,543.72,541.71,541.81
2025-04-03 18:00:00,2025-04-03T19:00:00,2025-04-03T18:00:00,"{'bid': 541.79, 'ask': 541.92}","{'bid': 540.72, 'ask': 540.85}","{'bid': 542.47, 'ask': 542.6}","{'bid': 540.64, 'ask': 540.76}",4376,541.79,542.47,540.64,540.72
2025-04-03 18:15:00,2025-04-03T19:15:00,2025-04-03T18:15:00,"{'bid': 540.72, 'ask': 540.84}","{'bid': 540.74, 'ask': 540.87}","{'bid': 541.33, 'ask': 541.45}","{'bid': 540.3, 'ask': 540.42}",4451,540.72,541.33,540.3,540.74
2025-04-03 18:30:00,2025-04-03T19:30:00,2025-04-03T18:30:00,"{'bid': 540.73, 'ask': 540.86}","{'bid': 541.9, 'ask': 542.02}","{'bid': 542.03, 'ask': 542.17}","{'bid': 539.89, 'ask': 540.01}",5989,540.73,542.03,539.89,541.9
2025-04-03 18:45:00,2025-04-03T19:45:00,2025-04-03T18:45:00,"{'bid': 541.89, 'ask': 542.02}","{'bid': 541.76, 'ask': 541.89}","{'bid': 542.29, 'ask': 542.41}","{'bid': 541.09, 'ask': 541.21}",5654,541.89,542.29,541.09,541.76
2025-04-03 19:00:00,2025-04-03T20:00:00,2025-04-03T19:00:00,"{'bid': 541.76, 'ask': 541.9}","{'bid': 540.83, 'ask': 540.97}","{'bid': 541.93, 'ask': 542.05}","{'bid': 540.73, 'ask': 540.86}",5700,541.76,541.93,540.73,540.83
2025-04-03 19:15:00,2025-04-03T20:15:00,2025-04-03T19:15:00,"{'bid': 540.86, 'ask': 540.98}","{'bid': 538.97, 'ask': 539.1}","{'bid': 540.88, 'ask': 541.01}","{'bid': 538.5, 'ask': 538.65}",6746,540.86,540.88,538.5,538.97
2025-04-03 19:30:00,2025-04-03T20:30:00,2025-04-03T19:30:00,"{'bid': 538.99, 'ask': 539.13}","{'bid': 539.37, 'ask': 539.5}","{'bid': 539.55, 'ask': 539.67}","{'bid': 537.95, 'ask': 538.07}",6661,538.99,539.55,537.95,539.37
2025-04-03 19:45:00,2025-04-03T20:45:00,2025-04-03T19:45:00,"{'bid': 539.39, 'ask': 539.51}","{'bid': 537.57, 'ask': 537.69}","{'bid': 539.51, 'ask': 539.64}","{'bid': 536.85, 'ask': 536.97}",7513,539.39,539.51,536.85,537.57
2025-04-03 20:00:00,2025-04-03T21:00:00,2025-04-03T20:00:00,"{'bid': 537.6, 'ask': 537.72}","{'bid': 537.37, 'ask': 537.5}","{'bid': 537.78, 'ask': 538.12}","{'bid': 536.47, 'ask': 536.86}",2519,537.6,537.78,536.47,537.37
2025-04-03 20:15:00,2025-04-03T21:15:00,2025-04-03T20:15:00,"{'bid': 537.35, 'ask': 537.5}","{'bid': 535.61, 'ask': 535.75}","{'bid': 537.35, 'ask': 537.5}","{'bid': 535.59, 'ask': 535.72}",1315,537.35,537.35,535.59,535.61
2025-04-03 20:30:00,2025-04-03T21:30:00,2025-04-03T20:30:00,"{'bid': 535.6, 'ask': 535.75}","{'bid': 535.94, 'ask': 536.1}","{'bid': 536.59, 'ask': 537.04}","{'bid': 535.57, 'ask': 535.7}",1271,535.6,536.59,535.57,535.94
2025-04-03 20:45:00,2025-04-03T21:45:00,2025-04-03T20:45:00,"{'bid': 535.97, 'ask': 536.15}","{'bid': 536.13, 'ask': 536.38}","{'bid': 536.29, 'ask': 537.04}","{'bid': 535.78, 'ask': 535.95}",686,535.97,536.29,535.78,536.13
2025-04-03 21:00:00,2025-04-03T22:00:00,2025-04-03T21:00:00,"{'bid': 536.11, 'ask': 536.38}","{'bid': 536.45, 'ask': 536.68}","{'bid': 536.45, 'ask': 536.72}","{'bid': 536.11, 'ask': 536.29}",219,536.11,536.45,536.11,536.45
2025-04-03 21:15:00,2025-04-03T22:15:00,2025-04-03T21:15:00,"{'bid': 536.43, 'ask': 536.68}","{'bid': 536.25, 'ask': 536.49}","{'bid': 536.43, 'ask': 536.68}","{'bid': 536.2, 'ask': 536.4}",109,536.43,536.43,536.2,536.25
2025-04-03 21:30:00,2025-04-03T22:30:00,2025-04-03T21:30:00,"{'bid': 536.35, 'ask': 536.55}","{'bid': 536.37, 'ask': 536.54}","{'bid': 536.4, 'ask': 536.6}","{'bid': 536.05, 'ask': 536.26}",69,536.35,536.4,536.05,536.37
2025-04-03 21:45:00,2025-04-03T22:45:00,2025-04-03T21:45:00,"{'bid': 536.37, 'ask': 536.6}","{'bid': 536.05, 'ask': 536.64}","{'bid': 536.51, 'ask': 537.04}","{'bid': 536.05, 'ask': 536.53}",84,536.37,536.51,536.05,536.05
2025-04-03 22:00:00,2025-04-03T23:00:00,2025-04-03T22:00:00,"{'bid': 536.05, 'ask': 536.62}","{'bid': 536.03, 'ask': 536.24}","{'bid': 537.07, 'ask': 537.65}","{'bid': 535.75, 'ask': 536.04}",587,536.05,537.07,535.75,536.03
2025-04-03 22:15:00,2025-04-03T23:15:00,2025-04-03T22:15:00,"{'bid': 536.03, 'ask': 536.23}","{'bid': 535.62, 'ask': 535.76}","{'bid': 536.39, 'ask': 536.9}","{'bid': 534.25, 'ask': 534.95}",1147,536.03,536.39,534.25,535.62
2025-04-03 22:30:00,2025-04-03T23:30:00,2025-04-03T22:30:00,"{'bid': 535.63, 'ask': 535.76}","{'bid': 536.1, 'ask': 536.34}","{'bid': 536.13, 'ask': 536.65}","{'bid': 535.15, 'ask': 535.76}",677,535.63,536.13,535.15,536.1
2025-04-03 22:45:00,2025-04-03T23:45:00,2025-04-03T22:45:00,"{'bid': 536.1, 'ask': 536.33}","{'bid': 536.02, 'ask': 536.26}","{'bid': 536.27, 'ask': 536.65}","{'bid': 535.73, 'ask': 535.96}",588,536.1,536.27,535.73,536.02
2025-04-03 23:00:00,2025-04-04T00:00:00,2025-04-03T23:00:00,"{'bid': 536.03, 'ask': 536.29}","{'bid': 535.92, 'ask': 536.14}","{'bid': 536.24, 'ask': 536.65}","{'bid': 535.73, 'ask': 535.91}",866,536.03,536.24,535.73,535.92
2025-04-03 23:15:00,2025-04-04T00:15:00,2025-04-03T23:15:00,"{'bid': 535.93, 'ask': 536.14}","{'bid': 536.29, 'ask': 536.54}","{'bid': 536.35, 'ask': 536.65}","{'bid': 535.25, 'ask': 535.48}",913,535.93,536.35,535.25,536.29
2025-04-03 23:30:00,2025-04-04T00:30:00,2025-04-03T23:30:00,"{'bid': 536.29, 'ask': 536.53}","{'bid': 536.46, 'ask': 536.66}","{'bid': 536.63, 'ask': 537.35}","{'bid': 535.78, 'ask': 536.38}",598,536.29,536.63,535.78,536.46
2025-04-03 23:45:00,2025-04-04T00:45:00,2025-04-03T23:45:00,"{'bid': 536.46, 'ask': 536.67}","{'bid': 536.17, 'ask': 536.41}","{'bid': 536.91, 'ask': 537.42}","{'bid': 535.95, 'ask': 536.25}",1033,536.46,536.91,535.95,536.17
2025-04-04 08:00:00,2025-04-04T09:00:00,2025-04-04T08:00:00,"{'bid': 533.35, 'ask': 534.57}","{'bid': 533.74, 'ask': 533.91}","{'bid': 534.52, 'ask': 535.2}","{'bid': 532.75, 'ask': 533.51}",2821,533.35,534.52,532.75,533.74
2025-04-04 08:15:00,2025-04-04T09:15:00,2025-04-04T08:15:00,"{'bid': 533.74, 'ask': 533.93}","{'bid': 534.17, 'ask': 534.4}","{'bid': 534.98, 'ask': 535.75}","{'bid': 532.79, 'ask': 533.51}",2557,533.74,534.98,532.79,534.17
2025-04-04 08:30:00,2025-04-04T09:30:00,2025-04-04T08:30:00,"{'bid': 534.16, 'ask': 534.37}","{'bid': 533.45, 'ask': 533.65}","{'bid': 534.31, 'ask': 534.95}","{'bid': 532.98, 'ask': 533.13}",2433,534.16,534.31,532.98,533.45
2025-04-04 08:45:00,2025-04-04T09:45:00,2025-04-04T08:45:00,"{'bid': 533.38, 'ask': 533.63}","{'bid': 533.38, 'ask': 533.59}","{'bid': 534.31, 'ask': 534.95}","{'bid': 532.98, 'ask': 533.18}",2767,533.38,534.31,532.98,533.38
2025-04-04 09:00:00,2025-04-04T10:00:00,2025-04-04T09:00:00,"{'bid': 533.41, 'ask': 533.59}","{'bid': 533.11, 'ask': 533.32}","{'bid': 533.7, 'ask': 534.35}","{'bid': 532.07, 'ask': 532.8}",2436,533.41,533.7,532.07,533.11
2025-04-04 09:15:00,2025-04-04T10:15:00,2025-04-04T09:15:00,"{'bid': 533.11, 'ask': 533.29}","{'bid': 532.53, 'ask': 532.7}","{'bid': 533.78, 'ask': 534.65}","{'bid': 532.07, 'ask': 532.66}",2333,533.11,533.78,532.07,532.53
2025-04-04 09:30:00,2025-04-04T10:30:00,2025-04-04T09:30:00,"{'bid': 532.53, 'ask': 532.69}","{'bid': 533.23, 'ask': 533.45}","{'bid': 533.78, 'ask': 534.64}","{'bid': 531.87, 'ask': 532.22}",2481,532.53,533.78,531.87,533.23
2025-04-04 09:45:00,2025-04-04T10:45:00,2025-04-04T09:45:00,"{'bid': 533.24, 'ask': 533.45}","{'bid': 533.06, 'ask': 533.3}","{'bid': 533.74, 'ask': 534.63}","{'bid': 532.15, 'ask': 532.87}",1913,533.24,533.74,532.15,533.06
2025-04-04 10:00:00,2025-04-04T11:00:00,2025-04-04T10:00:00,"{'bid': 533.06, 'ask': 533.29}","{'bid': 530.03, 'ask': 530.26}","{'bid': 533.77, 'ask': 534.05}","{'bid': 529.15, 'ask': 529.82}",4724,533.06,533.77,529.15,530.03
2025-04-04 10:15:00,2025-04-04T11:15:00,2025-04-04T10:15:00,"{'bid': 530.04, 'ask': 530.26}","{'bid': 523.44, 'ask': 523.69}","{'bid': 530.31, 'ask': 531.05}","{'bid': 522.56, 'ask': 523.47}",6446,530.04,530.31,522.56,523.44
2025-04-04 10:30:00,2025-04-04T11:30:00,2025-04-04T10:30:00,"{'bid': 523.47, 'ask': 523.7}","{'bid': 523.65, 'ask': 523.92}","{'bid': 526.39, 'ask': 527.1}","{'bid': 522.55, 'ask': 523.36}",5181,523.47,526.39,522.55,523.65
2025-04-04 10:45:00,2025-04-04T11:45:00,2025-04-04T10:45:00,"{'bid': 523.67, 'ask': 523.95}","{'bid': 521.72, 'ask': 522.0}","{'bid': 524.07, 'ask': 524.75}","{'bid': 520.15, 'ask': 520.8}",4932,523.67,524.07,520.15,521.72
2025-04-04 11:00:00,2025-04-04T12:00:00,2025-04-04T11:00:00,"{'bid': 521.75, 'ask': 522.65}","{'bid': 521.53, 'ask': 521.79}","{'bid': 523.59, 'ask': 524.05}","{'bid': 520.96, 'ask': 521.37}",4416,521.75,523.59,520.96,521.53
2025-04-04 11:15:00,2025-04-04T12:15:00,2025-04-04T11:15:00,"{'bid': 521.53, 'ask': 521.76}","{'bid': 517.4, 'ask': 517.63}","{'bid': 522.61, 'ask': 523.05}","{'bid': 516.95, 'ask': 517.32}",4351,521.53,522.61,516.95,517.4
2025-04-04 11:30:00,2025-04-04T12:30:00,2025-04-04T11:30:00,"{'bid': 517.43, 'ask': 517.67}","{'bid': 517.71, 'ask': 517.99}","{'bid': 520.69, 'ask': 521.45}","{'bid': 515.45, 'ask': 516.0}",4998,517.43,520.69,515.45,517.71
2025-04-04 11:45:00,2025-04-04T12:45:00,2025-04-04T11:45:00,"{'bid': 517.73, 'ask': 517.98}","{'bid': 522.96, 'ask': 523.1}","{'bid': 523.16, 'ask': 523.85}","{'bid': 517.15, 'ask': 517.98}",4480,517.73,523.16,517.15,522.96
2025-04-04 12:00:00,2025-04-04T13:00:00,2025-04-04T12:00:00,"{'bid': 522.75, 'ask': 523.07}","{'bid': 522.48, 'ask': 522.69}","{'bid': 523.15, 'ask': 523.38}","{'bid': 519.95, 'ask': 520.31}",5128,522.75,523.15,519.95,522.48
2025-04-04 12:15:00,2025-04-04T13:15:00,2025-04-04T12:15:00,"{'bid': 521.95, 'ask': 522.67}","{'bid': 520.46, 'ask': 523.38}","{'bid': 523.87, 'ask': 524.15}","{'bid': 520.46, 'ask': 521.43}",4507,521.95,523.87,520.46,520.46
2025-04-04 12:30:00,2025-04-04T13:30:00,2025-04-04T12:30:00,"{'bid': 521.65, 'ask': 523.55}","{'bid': 524.3, 'ask': 524.5}","{'bid': 525.53, 'ask': 526.15}","{'bid': 520.46, 'ask': 520.87}",5616,521.65,525.53,520.46,524.3
2025-04-04 12:45:00,2025-04-04T13:45:00,2025-04-04T12:45:00,"{'bid': 524.29, 'ask': 524.5}","{'bid': 524.72, 'ask': 524.97}","{'bid': 525.52, 'ask': 525.95}","{'bid': 522.55, 'ask': 523.15}",4679,524.29,525.52,522.55,524.72
2025-04-04 13:00:00,2025-04-04T14:00:00,2025-04-04T13:00:00,"{'bid': 524.74, 'ask': 524.99}","{'bid': 524.25, 'ask': 524.43}","{'bid': 526.49, 'ask': 526.78}","{'bid': 524.04, 'ask': 524.37}",4470,524.74,526.49,524.04,524.25
2025-04-04 13:15:00,2025-04-04T14:15:00,2025-04-04T13:15:00,"{'bid': 524.21, 'ask': 524.43}","{'bid': 523.52, 'ask': 523.76}","{'bid': 524.84, 'ask': 525.05}","{'bid': 522.55, 'ask': 522.88}",5154,524.21,524.84,522.55,523.52
2025-04-04 13:30:00,2025-04-04T14:30:00,2025-04-04T13:30:00,"{'bid': 523.6, 'ask': 523.8}","{'bid': 520.14, 'ask': 520.28}","{'bid': 525.81, 'ask': 525.93}","{'bid': 519.08, 'ask': 519.2}",13267,523.6,525.81,519.08,520.14
2025-04-04 13:45:00,2025-04-04T14:45:00,2025-04-04T13:45:00,"{'bid': 520.15, 'ask': 520.28}","{'bid': 523.13, 'ask': 523.27}","{'bid': 524.41, 'ask': 524.54}","{'bid': 519.52, 'ask': 519.65}",12227,520.15,524.41,519.52,523.13
2025-04-04 14:00:00,2025-04-04T15:00:00,2025-04-04T14:00:00,"{'bid': 523.13, 'ask': 523.26}","{'bid': 518.43, 'ask': 518.55}","{'bid': 523.21, 'ask': 523.33}","{'bid': 517.97, 'ask': 518.12}",9334,523.13,523.21,517.97,518.43
2025-04-04 14:15:00,2025-04-04T15:15:00,2025-04-04T14:15:00,"{'bid': 518.41, 'ask': 518.54}","{'bid': 516.25, 'ask': 516.37}","{'bid': 519.39, 'ask': 519.52}","{'bid': 516.17, 'ask': 516.3}",8891,518.41,519.39,516.17,516.25
2025-04-04 14:30:00,2025-04-04T15:30:00,2025-04-04T14:30:00,"{'bid': 516.2, 'ask': 516.35}","{'bid': 514.57, 'ask': 514.71}","{'bid': 517.46, 'ask': 517.58}","{'bid': 514.37, 'ask': 514.5}",8860,516.2,517.46,514.37,514.57
2025-04-04 14:45:00,2025-04-04T15:45:00,2025-04-04T14:45:00,"{'bid': 514.55, 'ask': 514.69}","{'bid': 515.43, 'ask': 515.55}","{'bid': 516.32, 'ask': 516.45}","{'bid': 510.0, 'ask': 510.14}",9921,514.55,516.32,510.0,515.43
2025-04-04 15:00:00,2025-04-04T16:00:00,2025-04-04T15:00:00,"{'bid': 515.39, 'ask': 515.53}","{'bid': 520.85, 'ask': 520.97}","{'bid': 521.89, 'ask': 522.04}","{'bid': 514.73, 'ask': 514.87}",11153,515.39,521.89,514.73,520.85
2025-04-04 15:15:00,2025-04-04T16:15:00,2025-04-04T15:15:00,"{'bid': 520.82, 'ask': 520.95}","{'bid': 516.31, 'ask': 516.46}","{'bid': 522.51, 'ask': 522.65}","{'bid': 516.16, 'ask': 516.3}",10585,520.82,522.51,516.16,516.31
2025-04-04 15:30:00,2025-04-04T16:30:00,2025-04-04T15:30:00,"{'bid': 516.32, 'ask': 516.46}","{'bid': 515.88, 'ask': 516.03}","{'bid': 517.81, 'ask': 517.94}","{'bid': 513.85, 'ask': 514.15}",8556,516.32,517.81,513.85,515.88
2025-04-04 15:45:00,2025-04-04T16:45:00,2025-04-04T15:45:00,"{'bid': 515.85, 'ask': 516.0}","{'bid': 514.87, 'ask': 515.02}","{'bid': 518.29, 'ask': 518.43}","{'bid': 514.69, 'ask': 514.89}",8157,515.85,518.29,514.69,514.87
2025-04-04 16:00:00,2025-04-04T17:00:00,2025-04-04T16:00:00,"{'bid': 514.89, 'ask': 515.03}","{'bid': 516.53, 'ask': 516.67}","{'bid': 517.37, 'ask': 517.5}","{'bid': 514.78, 'ask': 514.92}",7881,514.89,517.37,514.78,516.53
2025-04-04 16:15:00,2025-04-04T17:15:00,2025-04-04T16:15:00,"{'bid': 516.55, 'ask': 516.68}","{'bid': 512.35, 'ask': 512.48}","{'bid': 516.99, 'ask': 517.16}","{'bid': 511.8, 'ask': 511.94}",7472,516.55,516.99,511.8,512.35
2025-04-04 16:30:00,2025-04-04T17:30:00,2025-04-04T16:30:00,"{'bid': 512.35, 'ask': 512.49}","{'bid': 512.06, 'ask': 512.19}","{'bid': 514.29, 'ask': 514.42}","{'bid': 510.89, 'ask': 511.06}",6855,512.35,514.29,510.89,512.06
2025-04-04 16:45:00,2025-04-04T17:45:00,2025-04-04T16:45:00,"{'bid': 512.04, 'ask': 512.17}","{'bid': 512.07, 'ask': 512.21}","{'bid': 513.07, 'ask': 513.21}","{'bid': 511.15, 'ask': 511.29}",6369,512.04,513.07,511.15,512.07
2025-04-04 17:00:00,2025-04-04T18:00:00,2025-04-04T17:00:00,"{'bid': 512.05, 'ask': 512.18}","{'bid': 509.67, 'ask': 509.82}","{'bid': 513.51, 'ask': 513.64}","{'bid': 509.38, 'ask': 509.52}",6501,512.05,513.51,509.38,509.67
2025-04-04 17:15:00,2025-04-04T18:15:00,2025-04-04T17:15:00,"{'bid': 509.65, 'ask': 509.79}","{'bid': 511.12, 'ask': 511.26}","{'bid': 512.01, 'ask': 512.14}","{'bid': 508.26, 'ask': 508.39}",6997,509.65,512.01,508.26,511.12
2025-04-04 17:30:00,2025-04-04T18:30:00,2025-04-04T17:30:00,"{'bid': 511.12, 'ask': 511.28}","{'bid': 512.76, 'ask': 512.89}","{'bid': 513.97, 'ask': 514.1}","{'bid': 509.68, 'ask': 509.8}",7580,511.12,513.97,509.68,512.76
2025-04-04 17:45:00,2025-04-04T18:45:00,2025-04-04T17:45:00,"{'bid': 512.76, 'ask': 512.9}","{'bid': 514.48, 'ask': 514.63}","{'bid': 514.58, 'ask': 514.7}","{'bid': 512.2, 'ask': 512.35}",6751,512.76,514.58,512.2,514.48
2025-04-04 18:00:00,2025-04-04T19:00:00,2025-04-04T18:00:00,"{'bid': 514.5, 'ask': 514.63}","{'bid': 511.47, 'ask': 511.62}","{'bid': 515.76, 'ask': 515.89}","{'bid': 511.36, 'ask': 511.48}",6843,514.5,515.76,511.36,511.47
2025-04-04 18:15:00,2025-04-04T19:15:00,2025-04-04T18:15:00,"{'bid': 511.46, 'ask': 511.6}","{'bid': 508.73, 'ask': 508.87}","{'bid': 511.5, 'ask': 511.64}","{'bid': 508.51, 'ask': 508.63}",5650,511.46,511.5,508.51,508.73
2025-04-04 18:30:00,2025-04-04T19:30:00,2025-04-04T18:30:00,"{'bid': 508.75, 'ask': 508.89}","{'bid': 505.81, 'ask': 505.94}","{'bid': 509.2, 'ask': 509.32}","{'bid': 505.47, 'ask': 505.6}",6564,508.75,509.2,505.47,505.81
2025-04-04 18:45:00,2025-04-04T19:45:00,2025-04-04T18:45:00,"{'bid': 505.8, 'ask': 505.93}","{'bid': 507.71, 'ask': 507.83}","{'bid': 508.89, 'ask': 509.03}","{'bid': 505.58, 'ask': 505.7}",7463,505.8,508.89,505.58,507.71
2025-04-04 19:00:00,2025-04-04T20:00:00,2025-04-04T19:00:00,"{'bid': 507.72, 'ask': 507.85}","{'bid': 510.1, 'ask': 510.23}","{'bid': 510.54, 'ask': 510.71}","{'bid': 506.33, 'ask': 506.45}",7506,507.72,510.54,506.33,510.1
2025-04-04 19:15:00,2025-04-04T20:15:00,2025-04-04T19:15:00,"{'bid': 510.05, 'ask': 510.21}","{'bid': 510.53, 'ask': 510.66}","{'bid': 511.95, 'ask': 512.07}","{'bid': 507.62, 'ask': 507.8}",8117,510.05,511.95,507.62,510.53
2025-04-04 19:30:00,2025-04-04T20:30:00,2025-04-04T19:30:00,"{'bid': 510.5, 'ask': 510.64}","{'bid': 512.15, 'ask': 512.27}","{'bid': 513.83, 'ask': 513.97}","{'bid': 509.92, 'ask': 510.05}",10150,510.5,513.83,509.92,512.15
2025-04-04 19:45:00,2025-04-04T20:45:00,2025-04-04T19:45:00,"{'bid': 512.13, 'ask': 512.26}","{'bid': 505.45, 'ask': 505.6}","{'bid': 513.09, 'ask': 513.23}","{'bid': 505.01, 'ask': 505.14}",11294,512.13,513.09,505.01,505.45
2025-04-04 20:00:00,2025-04-04T21:00:00,2025-04-04T20:00:00,"{'bid': 505.43, 'ask': 505.55}","{'bid': 505.13, 'ask': 505.31}","{'bid': 506.14, 'ask': 506.64}","{'bid': 503.35, 'ask': 503.64}",5273,505.43,506.14,503.35,505.13
2025-04-04 20:15:00,2025-04-04T21:15:00,2025-04-04T20:15:00,"{'bid': 505.1, 'ask': 505.3}","{'bid': 502.96, 'ask': 503.15}","{'bid': 505.1, 'ask': 505.34}","{'bid': 502.01, 'ask': 502.28}",3052,505.1,505.1,502.01,502.96
2025-04-04 20:30:00,2025-04-04T21:30:00,2025-04-04T20:30:00,"{'bid': 502.97, 'ask': 503.15}","{'bid': 505.11, 'ask': 505.25}","{'bid': 505.13, 'ask': 505.25}","{'bid': 502.78, 'ask': 502.98}",2691,502.97,505.13,502.78,505.11
2025-04-04 20:45:00,2025-04-04T21:45:00,2025-04-04T20:45:00,"{'bid': 505.14, 'ask': 505.31}","{'bid': 504.42, 'ask': 504.61}","{'bid': 505.49, 'ask': 505.7}","{'bid': 504.3, 'ask': 504.59}",1489,505.14,505.49,504.3,504.42
2025-04-07 08:00:00,2025-04-07T09:00:00,2025-04-07T08:00:00,"{'bid': 482.96, 'ask': 483.43}","{'bid': 486.68, 'ask': 487.03}","{'bid': 488.57, 'ask': 489.5}","{'bid': 482.47, 'ask': 483.01}",4760,482.96,488.57,482.47,486.68
2025-04-07 08:15:00,2025-04-07T09:15:00,2025-04-07T08:15:00,"{'bid': 486.68, 'ask': 487.02}","{'bid': 488.6, 'ask': 488.87}","{'bid': 490.03, 'ask': 490.55}","{'bid': 486.29, 'ask': 486.95}",4105,486.68,490.03,486.29,488.6
2025-04-07 08:30:00,2025-04-07T09:30:00,2025-04-07T08:30:00,"{'bid': 488.63, 'ask': 488.89}","{'bid': 489.6, 'ask': 489.9}","{'bid': 490.56, 'ask': 491.0}","{'bid': 487.0, 'ask': 487.47}",3689,488.63,490.56,487.0,489.6
2025-04-07 08:45:00,2025-04-07T09:45:00,2025-04-07T08:45:00,"{'bid': 489.61, 'ask': 489.9}","{'bid': 487.69, 'ask': 487.93}","{'bid': 490.3, 'ask': 490.64}","{'bid': 487.45, 'ask': 487.93}",3272,489.61,490.3,487.45,487.69
2025-04-07 09:00:00,2025-04-07T10:00:00,2025-04-07T09:00:00,"{'bid': 487.7, 'ask': 487.93}","{'bid': 486.97, 'ask': 487.24}","{'bid': 488.61, 'ask': 489.05}","{'bid': 485.95, 'ask': 486.4}",3209,487.7,488.61,485.95,486.97
2025-04-07 09:15:00,2025-04-07T10:15:00,2025-04-07T09:15:00,"{'bid': 486.92, 'ask': 487.23}","{'bid': 487.01, 'ask': 487.24}","{'bid': 487.29, 'ask': 487.55}","{'bid': 484.45, 'ask': 484.85}",3120,486.92,487.29,484.45,487.01
2025-04-07 09:30:00,2025-04-07T10:30:00,2025-04-07T09:30:00,"{'bid': 486.98, 'ask': 487.22}","{'bid': 489.15, 'ask': 489.43}","{'bid': 489.53, 'ask': 489.95}","{'bid': 486.25, 'ask': 486.92}",3533,486.98,489.53,486.25,489.15
2025-04-07 09:45:00,2025-04-07T10:45:00,2025-04-07T09:45:00,"{'bid': 489.09, 'ask': 489.4}","{'bid': 488.61, 'ask': 488.88}","{'bid': 490.53, 'ask': 491.14}","{'bid': 488.1, 'ask': 488.59}",3250,489.09,490.53,488.1,488.61
2025-04-07 10:00:00,2025-04-07T11:00:00,2025-04-07T10:00:00,"{'bid': 488.35, 'ask': 488.87}","{'bid': 493.2, 'ask': 493.46}","{'bid': 493.69, 'ask': 494.15}","{'bid': 487.16, 'ask': 487.84}",4343,488.35,493.69,487.16,493.2
2025-04-07 10:15:00,2025-04-07T11:15:00,2025-04-07T10:15:00,"{'bid': 493.17, 'ask': 493.44}","{'bid': 493.45, 'ask': 493.66}","{'bid': 495.15, 'ask': 495.65}","{'bid': 491.95, 'ask': 492.43}",3879,493.17,495.15,491.95,493.45
2025-04-07 10:30:00,2025-04-07T11:30:00,2025-04-07T10:30:00,"{'bid': 493.42, 'ask': 494.13}","{'bid': 498.33, 'ask': 498.59}","{'bid': 498.77, 'ask': 499.03}","{'bid': 491.95, 'ask': 492.56}",4163,493.42,498.77,491.95,498.33
2025-04-07 10:45:00,2025-04-07T11:45:00,2025-04-07T10:45:00,"{'bid': 498.33, 'ask': 498.58}","{'bid': 494.47, 'ask': 494.87}","{'bid': 498.61, 'ask': 499.03}","{'bid': 493.15, 'ask': 493.73}",4600,498.33,498.61,493.15,494.47
2025-04-07 11:00:00,2025-04-07T12:00:00,2025-04-07T11:00:00,"{'bid': 494.61, 'ask': 494.89}","{'bid': 496.86, 'ask': 497.15}","{'bid': 498.49, 'ask': 498.95}","{'bid': 493.62, 'ask': 494.07}",4469,494.61,498.49,493.62,496.86
2025-04-07 11:15:00,2025-04-07T12:15:00,2025-04-07T11:15:00,"{'bid': 496.86, 'ask': 497.12}","{'bid': 496.18, 'ask': 496.83}","{'bid': 497.16, 'ask': 497.75}","{'bid': 494.35, 'ask': 494.92}",3857,496.86,497.16,494.35,496.18
2025-04-07 11:30:00,2025-04-07T12:30:00,2025-04-07T11:30:00,"{'bid': 496.34, 'ask': 496.66}","{'bid': 493.37, 'ask': 493.62}","{'bid': 496.61, 'ask': 497.15}","{'bid': 491.96, 'ask': 492.34}",4371,496.34,496.61,491.96,493.37
2025-04-07 11:45:00,2025-04-07T12:45:00,2025-04-07T11:45:00,"{'bid': 493.41, 'ask': 493.6}","{'bid': 493.37, 'ask': 493.63}","{'bid': 494.24, 'ask': 494.75}","{'bid': 491.99, 'ask': 492.17}",3547,493.41,494.24,491.99,493.37
2025-04-07 12:00:00,2025-04-07T13:00:00,2025-04-07T12:00:00,"{'bid': 493.35, 'ask': 493.58}","{'bid': 492.16, 'ask': 492.32}","{'bid': 495.6, 'ask': 495.8}","{'bid': 490.75, 'ask': 491.15}",4437,493.35,495.6,490.75,492.16
2025-04-07 12:15:00,2025-04-07T13:15:00,2025-04-07T12:15:00,"{'bid': 491.66, 'ask': 492.51}","{'bid': 495.91, 'ask': 496.17}","{'bid': 496.7, 'ask': 497.14}","{'bid': 490.45, 'ask': 490.81}",4852,491.66,496.7,490.45,495.91
2025-04-07 12:30:00,2025-04-07T13:30:00,2025-04-07T12:30:00,"{'bid': 495.91, 'ask': 496.16}","{'bid': 492.91, 'ask': 493.21}","{'bid': 497.5, 'ask': 498.51}","{'bid': 491.95, 'ask': 492.61}",4904,495.91,497.5,491.95,492.91
2025-04-07 12:45:00,2025-04-07T13:45:00,2025-04-07T12:45:00,"{'bid': 492.92, 'ask': 493.15}","{'bid': 495.94, 'ask': 496.19}","{'bid': 497.34, 'ask': 497.66}","{'bid': 490.4, 'ask': 490.63}",5006,492.92,497.34,490.4,495.94
2025-04-07 13:00:00,2025-04-07T14:00:00,2025-04-07T13:00:00,"{'bid': 495.97, 'ask': 496.19}","{'bid': 492.6, 'ask': 492.76}","{'bid': 495.97, 'ask': 496.55}","{'bid': 491.31, 'ask': 491.48}",4160,495.97,495.97,491.31,492.6
2025-04-07 13:15:00,2025-04-07T14:15:00,2025-04-07T13:15:00,"{'bid': 492.6, 'ask': 492.81}","{'bid': 489.13, 'ask': 489.36}","{'bid': 492.63, 'ask': 492.81}","{'bid': 488.46, 'ask': 488.81}",3779,492.6,492.63,488.46,489.13
2025-04-07 13:30:00,2025-04-07T14:30:00,2025-04-07T13:30:00,"{'bid': 489.13, 'ask': 489.34}","{'bid': 483.8, 'ask': 483.93}","{'bid': 489.21, 'ask': 489.39}","{'bid': 481.73, 'ask': 481.86}",15021,489.13,489.21,481.73,483.8
2025-04-07 13:45:00,2025-04-07T14:45:00,2025-04-07T13:45:00,"{'bid': 483.78, 'ask': 483.92}","{'bid': 495.66, 'ask': 495.79}","{'bid': 496.36, 'ask': 496.51}","{'bid': 482.47, 'ask': 482.6}",14113,483.78,496.36,482.47,495.66
2025-04-07 14:00:00,2025-04-07T15:00:00,2025-04-07T14:00:00,"{'bid': 495.66, 'ask': 495.8}","{'bid': 513.75, 'ask': 513.93}","{'bid': 517.3, 'ask': 517.47}","{'bid': 493.3, 'ask': 493.42}",15080,495.66,517.3,493.3,513.75
2025-04-07 14:15:00,2025-04-07T15:15:00,2025-04-07T14:15:00,"{'bid': 513.74, 'ask': 513.92}","{'bid': 498.15, 'ask': 498.31}","{'bid': 523.03, 'ask': 523.16}","{'bid': 497.41, 'ask': 497.55}",16235,513.74,523.03,497.41,498.15
2025-04-07 14:30:00,2025-04-07T15:30:00,2025-04-07T14:30:00,"{'bid': 498.19, 'ask': 498.36}","{'bid': 499.98, 'ask': 500.13}","{'bid': 505.86, 'ask': 505.98}","{'bid': 493.61, 'ask': 493.74}",15942,498.19,505.86,493.61,499.98
2025-04-07 14:45:00,2025-04-07T15:45:00,2025-04-07T14:45:00,"{'bid': 500.01, 'ask': 500.17}","{'bid': 505.77, 'ask': 505.91}","{'bid': 508.7, 'ask': 508.86}","{'bid': 497.38, 'ask': 497.53}",14127,500.01,508.7,497.38,505.77
2025-04-07 15:00:00,2025-04-07T16:00:00,2025-04-07T15:00:00,"{'bid': 505.72, 'ask': 505.87}","{'bid': 496.24, 'ask': 496.41}","{'bid': 509.68, 'ask': 509.83}","{'bid': 495.05, 'ask': 495.24}",14514,505.72,509.68,495.05,496.24
2025-04-07 15:15:00,2025-04-07T16:15:00,2025-04-07T15:15:00,"{'bid': 496.28, 'ask': 496.43}","{'bid': 493.6, 'ask': 493.74}","{'bid': 500.54, 'ask': 500.69}","{'bid': 492.72, 'ask': 492.87}",13635,496.28,500.54,492.72,493.6
2025-04-07 15:30:00,2025-04-07T16:30:00,2025-04-07T15:30:00,"{'bid': 493.62, 'ask': 493.77}","{'bid': 503.35, 'ask': 503.47}","{'bid': 503.88, 'ask': 504.03}","{'bid': 493.62, 'ask': 493.77}",12055,493.62,503.88,493.62,503.35
2025-04-07 15:45:00,2025-04-07T16:45:00,2025-04-07T15:45:00,"{'bid': 503.29, 'ask': 503.45}","{'bid': 499.4, 'ask': 499.57}","{'bid': 503.63, 'ask': 503.79}","{'bid': 499.4, 'ask': 499.56}",9631,503.29,503.63,499.4,499.4
2025-04-07 16:00:00,2025-04-07T17:00:00,2025-04-07T16:00:00,"{'bid': 499.43, 'ask': 499.6}","{'bid': 497.13, 'ask': 497.28}","{'bid': 499.57, 'ask': 499.71}","{'bid': 495.2, 'ask': 495.35}",8705,499.43,499.57,495.2,497.13
2025-04-07 16:15:00,2025-04-07T17:15:00,2025-04-07T16:15:00,"{'bid': 497.15, 'ask': 497.31}","{'bid': 499.5, 'ask': 499.67}","{'bid': 500.47, 'ask': 500.62}","{'bid': 494.96, 'ask': 495.09}",9657,497.15,500.47,494.96,499.5
2025-04-07 16:30:00,2025-04-07T17:30:00,2025-04-07T16:30:00,"{'bid': 499.52, 'ask': 499.68}","{'bid': 497.78, 'ask': 497.92}","{'bid': 501.69, 'ask': 501.83}","{'bid': 496.8, 'ask': 496.94}",8910,499.52,501.69,496.8,497.78
2025-04-07 16:45:00,2025-04-07T17:45:00,2025-04-07T16:45:00,"{'bid': 497.79, 'ask': 497.92}","{'bid': 495.62, 'ask': 495.76}","{'bid': 497.89, 'ask': 498.02}","{'bid': 494.63, 'ask': 494.76}",8790,497.79,497.89,494.63,495.62
2025-04-07 17:00:00,2025-04-07T18:00:00,2025-04-07T17:00:00,"{'bid': 495.6, 'ask': 495.73}","{'bid': 501.43, 'ask': 501.6}","{'bid': 503.02, 'ask': 503.15}","{'bid': 495.52, 'ask': 495.66}",11597,495.6,503.02,495.52,501.43
2025-04-07 17:15:00,2025-04-07T18:15:00,2025-04-07T17:15:00,"{'bid': 501.4, 'ask': 501.56}","{'bid': 505.56, 'ask': 505.7}","{'bid': 505.85, 'ask': 505.99}","{'bid': 500.55, 'ask': 500.71}",9019,501.4,505.85,500.55,505.56
2025-04-07 17:30:00,2025-04-07T18:30:00,2025-04-07T17:30:00,"{'bid': 505.54, 'ask': 505.68}","{'bid': 506.92, 'ask': 507.04}","{'bid': 507.03, 'ask': 507.15}","{'bid': 502.11, 'ask': 502.26}",9487,505.54,507.03,502.11,506.92
2025-04-07 17:45:00,2025-04-07T18:45:00,2025-04-07T17:45:00,"{'bid': 506.94, 'ask': 507.08}","{'bid': 509.0, 'ask': 509.14}","{'bid': 509.29, 'ask': 509.41}","{'bid': 504.47, 'ask': 504.69}",8552,506.94,509.29,504.47,509.0
2025-04-07 18:00:00,2025-04-07T19:00:00,2025-04-07T18:00:00,"{'bid': 509.02, 'ask': 509.18}","{'bid': 506.11, 'ask': 506.27}","{'bid': 509.92, 'ask': 510.05}","{'bid': 505.14, 'ask': 505.27}",8135,509.02,509.92,505.14,506.11
2025-04-07 18:15:00,2025-04-07T19:15:00,2025-04-07T18:15:00,"{'bid': 506.12, 'ask': 506.29}","{'bid': 505.06, 'ask': 505.24}","{'bid': 510.4, 'ask': 510.52}","{'bid': 504.61, 'ask': 504.74}",8650,506.12,510.4,504.61,505.06
2025-04-07 18:30:00,2025-04-07T19:30:00,2025-04-07T18:30:00,"{'bid': 505.1, 'ask': 505.26}","{'bid': 506.6, 'ask': 506.76}","{'bid': 508.26, 'ask': 508.4}","{'bid': 504.73, 'ask': 504.9}",8022,505.1,508.26,504.73,506.6
2025-04-07 18:45:00,2025-04-07T19:45:00,2025-04-07T18:45:00,"{'bid': 506.58, 'ask': 506.76}","{'bid': 503.11, 'ask': 503.29}","{'bid': 507.59, 'ask': 507.74}","{'bid': 502.27, 'ask': 502.4}",5965,506.58,507.59,502.27,503.11
2025-04-07 19:00:00,2025-04-07T20:00:00,2025-04-07T19:00:00,"{'bid': 503.13, 'ask': 503.29}","{'bid': 501.65, 'ask': 501.79}","{'bid': 506.18, 'ask': 506.35}","{'bid': 500.87, 'ask': 501.0}",6400,503.13,506.18,500.87,501.65
2025-04-07 19:15:00,2025-04-07T20:15:00,2025-04-07T19:15:00,"{'bid': 501.64, 'ask': 501.79}","{'bid': 500.52, 'ask': 500.68}","{'bid': 504.23, 'ask': 504.43}","{'bid': 500.08, 'ask': 500.24}",6494,501.64,504.23,500.08,500.52
2025-04-07 19:30:00,2025-04-07T20:30:00,2025-04-07T19:30:00,"{'bid': 500.53, 'ask': 500.68}","{'bid': 501.42, 'ask': 501.56}","{'bid': 506.56, 'ask': 506.69}","{'bid': 500.53, 'ask': 500.68}",7386,500.53,506.56,500.53,501.42
2025-04-07 19:45:00,2025-04-07T20:45:00,2025-04-07T19:45:00,"{'bid': 501.39, 'ask': 501.53}","{'bid': 504.36, 'ask': 504.5}","{'bid': 505.08, 'ask': 505.21}","{'bid': 500.74, 'ask': 500.88}",10172,501.39,505.08,500.74,504.36
2025-04-07 20:00:00,2025-04-07T21:00:00,2025-04-07T20:00:00,"{'bid': 504.3, 'ask': 504.45}","{'bid': 507.36, 'ask': 507.57}","{'bid': 508.73, 'ask': 514.05}","{'bid': 497.35, 'ask': 503.91}",5045,504.3,508.73,497.35,507.36
2025-04-07 20:15:00,2025-04-07T21:15:00,2025-04-07T20:15:00,"{'bid': 507.37, 'ask': 507.59}","{'bid': 506.88, 'ask': 507.11}","{'bid': 509.02, 'ask': 510.03}","{'bid': 506.2, 'ask': 506.58}",3444,507.37,509.02,506.2,506.88
2025-04-07 20:30:00,2025-04-07T21:30:00,2025-04-07T20:30:00,"{'bid': 506.88, 'ask': 507.12}","{'bid': 507.16, 'ask': 507.4}","{'bid': 507.43, 'ask': 509.3}","{'bid': 506.45, 'ask': 506.6}",2178,506.88,507.43,506.45,507.16
2025-04-07 20:45:00,2025-04-07T21:45:00,2025-04-07T20:45:00,"{'bid': 507.17, 'ask': 507.4}","{'bid': 506.12, 'ask': 506.54}","{'bid': 507.18, 'ask': 507.45}","{'bid': 505.15, 'ask': 506.27}",1474,507.17,507.18,505.15,506.12
2025-04-07 21:00:00,2025-04-07T22:00:00,2025-04-07T21:00:00,"{'bid': 506.41, 'ask': 506.65}","{'bid': 506.92, 'ask': 507.1}","{'bid': 506.97, 'ask': 507.2}","{'bid': 506.25, 'ask': 506.49}",129,506.41,506.97,506.25,506.92
2025-04-07 21:15:00,2025-04-07T22:15:00,2025-04-07T21:15:00,"{'bid': 506.91, 'ask': 507.1}","{'bid': 507.03, 'ask': 507.16}","{'bid': 507.11, 'ask': 507.34}","{'bid': 506.91, 'ask': 507.04}",104,506.91,507.11,506.91,507.03
2025-04-07 21:30:00,2025-04-07T22:30:00,2025-04-07T21:30:00,"{'bid': 506.96, 'ask': 507.15}","{'bid': 507.25, 'ask': 507.52}","{'bid': 507.37, 'ask': 507.6}","{'bid': 506.95, 'ask': 507.13}",144,506.96,507.37,506.95,507.25
2025-04-07 21:45:00,2025-04-07T22:45:00,2025-04-07T21:45:00,"{'bid': 507.25, 'ask': 507.51}","{'bid': 507.07, 'ask': 507.45}","{'bid': 507.39, 'ask': 507.61}","{'bid': 506.95, 'ask': 507.1}",147,507.25,507.39,506.95,507.07
2025-04-07 22:00:00,2025-04-07T23:00:00,2025-04-07T22:00:00,"{'bid': 507.05, 'ask': 507.45}","{'bid': 507.55, 'ask': 508.04}","{'bid': 507.73, 'ask': 508.04}","{'bid': 506.05, 'ask': 506.75}",414,507.05,507.73,506.05,507.55
2025-04-07 22:15:00,2025-04-07T23:15:00,2025-04-07T22:15:00,"{'bid': 507.65, 'ask': 508.04}","{'bid': 508.16, 'ask': 508.58}","{'bid': 508.3, 'ask': 508.85}","{'bid': 506.65, 'ask': 507.61}",220,507.65,508.3,506.65,508.16
2025-04-07 22:30:00,2025-04-07T23:30:00,2025-04-07T22:30:00,"{'bid': 508.3, 'ask': 508.57}","{'bid': 508.3, 'ask': 508.83}","{'bid': 508.45, 'ask': 509.15}","{'bid': 507.45, 'ask': 507.85}",384,508.3,508.45,507.45,508.3
2025-04-07 22:45:00,2025-04-07T23:45:00,2025-04-07T22:45:00,"{'bid': 508.19, 'ask': 508.83}","{'bid': 508.99, 'ask': 509.3}","{'bid': 508.99, 'ask': 509.3}","{'bid': 507.45, 'ask': 508.07}",394,508.19,508.99,507.45,508.99
2025-04-07 23:00:00,2025-04-08T00:00:00,2025-04-07T23:00:00,"{'bid': 508.94, 'ask': 509.3}","{'bid': 509.97, 'ask': 510.24}","{'bid': 510.07, 'ask': 510.29}","{'bid': 508.82, 'ask': 509.08}",308,508.94,510.07,508.82,509.97
2025-04-07 23:15:00,2025-04-08T00:15:00,2025-04-07T23:15:00,"{'bid': 509.98, 'ask': 510.25}","{'bid': 509.05, 'ask': 510.04}","{'bid': 510.19, 'ask': 510.44}","{'bid': 508.75, 'ask': 509.45}",531,509.98,510.19,508.75,509.05
2025-04-07 23:30:00,2025-04-08T00:30:00,2025-04-07T23:30:00,"{'bid': 509.05, 'ask': 510.05}","{'bid': 509.13, 'ask': 510.05}","{'bid': 509.89, 'ask': 510.05}","{'bid': 508.45, 'ask': 509.04}",641,509.05,509.89,508.45,509.13
2025-04-07 23:45:00,2025-04-08T00:45:00,2025-04-07T23:45:00,"{'bid': 509.15, 'ask': 510.05}","{'bid': 509.51, 'ask': 509.69}","{'bid': 509.92, 'ask': 510.8}","{'bid': 508.2, 'ask': 509.18}",952,509.15,509.92,508.2,509.51
2025-04-08 08:00:00,2025-04-08T09:00:00,2025-04-08T08:00:00,"{'bid': 513.27, 'ask': 513.52}","{'bid': 511.33, 'ask': 511.56}","{'bid': 513.45, 'ask': 514.05}","{'bid': 510.78, 'ask': 511.47}",2653,513.27,513.45,510.78,511.33
2025-04-08 08:15:00,2025-04-08T09:15:00,2025-04-08T08:15:00,"{'bid': 511.35, 'ask': 511.56}","{'bid': 510.42, 'ask': 510.64}","{'bid': 511.92, 'ask': 512.75}","{'bid': 509.95, 'ask': 510.15}",2883,511.35,511.92,509.95,510.42
2025-04-08 08:30:00,2025-04-08T09:30:00,2025-04-08T08:30:00,"{'bid': 510.41, 'ask': 510.65}","{'bid': 512.36, 'ask': 512.57}","{'bid': 512.38, 'ask': 513.27}","{'bid': 509.95, 'ask': 510.62}",2005,510.41,512.38,509.95,512.36
2025-04-08 08:45:00,2025-04-08T09:45:00,2025-04-08T08:45:00,"{'bid': 512.38, 'ask': 512.57}","{'bid': 512.67, 'ask': 512.9}","{'bid': 512.85, 'ask': 513.65}","{'bid': 511.14, 'ask': 511.74}",1442,512.38,512.85,511.14,512.67
2025-04-08 09:00:00,2025-04-08T10:00:00,2025-04-08T09:00:00,"{'bid': 512.64, 'ask': 512.89}","{'bid': 512.82, 'ask': 513.06}","{'bid': 512.91, 'ask': 513.65}","{'bid': 511.46, 'ask': 512.24}",1820,512.64,512.91,511.46,512.82
2025-04-08 09:15:00,2025-04-08T10:15:00,2025-04-08T09:15:00,"{'bid': 512.81, 'ask': 513.06}","{'bid': 511.5, 'ask': 511.72}","{'bid': 512.81, 'ask': 513.61}","{'bid': 510.95, 'ask': 511.37}",2031,512.81,512.81,510.95,511.5
2025-04-08 09:30:00,2025-04-08T10:30:00,2025-04-08T09:30:00,"{'bid': 511.5, 'ask': 511.73}","{'bid': 512.33, 'ask': 512.56}","{'bid': 512.66, 'ask': 513.14}","{'bid': 510.95, 'ask': 511.7}",1923,511.5,512.66,510.95,512.33
2025-04-08 09:45:00,2025-04-08T10:45:00,2025-04-08T09:45:00,"{'bid': 512.35, 'ask': 512.59}","{'bid': 510.54, 'ask': 510.77}","{'bid': 512.38, 'ask': 513.05}","{'bid': 509.95, 'ask': 510.65}",2018,512.35,512.38,509.95,510.54
2025-04-08 10:00:00,2025-04-08T11:00:00,2025-04-08T10:00:00,"{'bid': 510.55, 'ask': 510.77}","{'bid': 510.36, 'ask': 511.19}","{'bid': 511.29, 'ask': 512.02}","{'bid': 509.48, 'ask': 510.04}",2092,510.55,511.29,509.48,510.36
2025-04-08 10:15:00,2025-04-08T11:15:00,2025-04-08T10:15:00,"{'bid': 510.34, 'ask': 510.62}","{'bid': 510.97, 'ask': 511.2}","{'bid': 511.18, 'ask': 512.02}","{'bid': 509.65, 'ask': 510.35}",1784,510.34,511.18,509.65,510.97
2025-04-08 10:30:00,2025-04-08T11:30:00,2025-04-08T10:30:00,"{'bid': 510.98, 'ask': 511.21}","{'bid': 512.17, 'ask': 512.37}","{'bid': 512.54, 'ask': 513.35}","{'bid': 510.25, 'ask': 511.1}",1496,510.98,512.54,510.25,512.17
2025-04-08 10:45:00,2025-04-08T11:45:00,2025-04-08T10:45:00,"{'bid': 512.16, 'ask': 512.37}","{'bid': 511.69, 'ask': 511.9}","{'bid': 512.29, 'ask': 513.05}","{'bid': 510.95, 'ask': 511.43}",1848,512.16,512.29,510.95,511.69
2025-04-08 11:00:00,2025-04-08T12:00:00,2025-04-08T11:00:00,"{'bid': 511.7, 'ask': 511.9}","{'bid': 511.43, 'ask': 511.65}","{'bid': 512.76, 'ask': 513.35}","{'bid': 510.95, 'ask': 511.52}",2340,511.7,512.76,510.95,511.43
2025-04-08 11:15:00,2025-04-08T12:15:00,2025-04-08T11:15:00,"{'bid': 511.45, 'ask': 511.66}","{'bid': 513.07, 'ask': 513.3}","{'bid': 513.59, 'ask': 514.05}","{'bid': 510.95, 'ask': 511.32}",2790,511.45,513.59,510.95,513.07
2025-04-08 11:30:00,2025-04-08T12:30:00,2025-04-08T11:30:00,"{'bid': 512.95, 'ask': 513.38}","{'bid': 516.05, 'ask': 516.28}","{'bid': 516.63, 'ask': 518.1}","{'bid': 512.05, 'ask': 512.93}",2577,512.95,516.63,512.05,516.05
2025-04-08 11:45:00,2025-04-08T12:45:00,2025-04-08T11:45:00,"{'bid': 516.07, 'ask': 516.28}","{'bid': 517.97, 'ask': 518.21}","{'bid': 518.22, 'ask': 519.05}","{'bid': 515.05, 'ask': 515.62}",2824,516.07,518.22,515.05,517.97
2025-04-08 12:00:00,2025-04-08T13:00:00,2025-04-08T12:00:00,"{'bid': 517.93, 'ask': 518.16}","{'bid': 517.97, 'ask': 518.17}","{'bid': 519.21, 'ask': 519.51}","{'bid': 516.46, 'ask': 516.74}",3745,517.93,519.21,516.46,517.97
2025-04-08 12:15:00,2025-04-08T13:15:00,2025-04-08T12:15:00,"{'bid': 517.98, 'ask': 518.17}","{'bid': 517.7, 'ask': 517.87}","{'bid': 518.64, 'ask': 519.35}","{'bid': 516.46, 'ask': 516.69}",4905,517.98,518.64,516.46,517.7
2025-04-08 12:30:00,2025-04-08T13:30:00,2025-04-08T12:30:00,"{'bid': 517.7, 'ask': 517.88}","{'bid': 516.25, 'ask': 516.46}","{'bid': 518.15, 'ask': 518.51}","{'bid': 515.62, 'ask': 515.89}",4313,517.7,518.15,515.62,516.25
2025-04-08 12:45:00,2025-04-08T13:45:00,2025-04-08T12:45:00,"{'bid': 516.27, 'ask': 516.5}","{'bid': 516.95, 'ask': 517.13}","{'bid': 517.29, 'ask': 518.15}","{'bid': 515.62, 'ask': 516.08}",4052,516.27,517.29,515.62,516.95
2025-04-08 13:00:00,2025-04-08T14:00:00,2025-04-08T13:00:00,"{'bid': 516.84, 'ask': 517.09}","{'bid': 519.96, 'ask': 520.15}","{'bid': 520.31, 'ask': 520.54}","{'bid': 515.75, 'ask': 516.54}",4936,516.84,520.31,515.75,519.96
2025-04-08 13:15:00,2025-04-08T14:15:00,2025-04-08T13:15:00,"{'bid': 519.96, 'ask': 520.14}","{'bid': 521.83, 'ask': 522.04}","{'bid': 522.13, 'ask': 522.42}","{'bid': 519.4, 'ask': 519.55}",4562,519.96,522.13,519.4,521.83
2025-04-08 13:30:00,2025-04-08T14:30:00,2025-04-08T13:30:00,"{'bid': 521.63, 'ask': 522.02}","{'bid': 519.63, 'ask': 519.77}","{'bid': 522.1, 'ask': 522.24}","{'bid': 517.73, 'ask': 517.88}",10676,521.63,522.1,517.73,519.63
2025-04-08 13:45:00,2025-04-08T14:45:00,2025-04-08T13:45:00,"{'bid': 519.6, 'ask': 519.75}","{'bid': 522.5, 'ask': 522.66}","{'bid': 523.22, 'ask': 523.34}","{'bid': 518.66, 'ask': 518.81}",9050,519.6,523.22,518.66,522.5
2025-04-08 14:00:00,2025-04-08T15:00:00,2025-04-08T14:00:00,"{'bid': 522.53, 'ask': 522.67}","{'bid': 523.7, 'ask': 523.85}","{'bid': 524.36, 'ask': 524.5}","{'bid': 522.08, 'ask': 522.2}",8419,522.53,524.36,522.08,523.7
2025-04-08 14:15:00,2025-04-08T15:15:00,2025-04-08T14:15:00,"{'bid': 523.68, 'ask': 523.82}","{'bid': 523.41, 'ask': 523.55}","{'bid': 524.91, 'ask': 525.04}","{'bid': 522.75, 'ask': 522.9}",7766,523.68,524.91,522.75,523.41
2025-04-08 14:30:00,2025-04-08T15:30:00,2025-04-08T14:30:00,"{'bid': 523.39, 'ask': 523.54}","{'bid': 521.47, 'ask': 521.6}","{'bid': 524.13, 'ask': 524.26}","{'bid': 521.39, 'ask': 521.52}",7585,523.39,524.13,521.39,521.47
2025-04-08 14:45:00,2025-04-08T15:45:00,2025-04-08T14:45:00,"{'bid': 521.45, 'ask': 521.58}","{'bid': 517.79, 'ask': 517.92}","{'bid': 522.34, 'ask': 522.49}","{'bid': 517.76, 'ask': 517.9}",6696,521.45,522.34,517.76,517.79
2025-04-08 15:00:00,2025-04-08T16:00:00,2025-04-08T15:00:00,"{'bid': 517.81, 'ask': 517.94}","{'bid': 515.82, 'ask': 515.96}","{'bid': 519.21, 'ask': 519.34}","{'bid': 515.43, 'ask': 515.56}",7041,517.81,519.21,515.43,515.82
2025-04-08 15:15:00,2025-04-08T16:15:00,2025-04-08T15:15:00,"{'bid': 515.82, 'ask': 515.97}","{'bid': 514.1, 'ask': 514.23}","{'bid': 517.0, 'ask': 517.14}","{'bid': 514.05, 'ask': 514.2}",7038,515.82,517.0,514.05,514.1
2025-04-08 15:30:00,2025-04-08T16:30:00,2025-04-08T15:30:00,"{'bid': 514.12, 'ask': 514.25}","{'bid': 517.36, 'ask': 517.48}","{'bid': 518.46, 'ask': 518.59}","{'bid': 513.94, 'ask': 514.06}",7262,514.12,518.46,513.94,517.36
2025-04-08 15:45:00,2025-04-08T16:45:00,2025-04-08T15:45:00,"{'bid': 517.36, 'ask': 517.49}","{'bid': 516.7, 'ask': 516.82}","{'bid': 518.11, 'ask': 518.24}","{'bid': 514.15, 'ask': 514.3}",6796,517.36,518.11,514.15,516.7
2025-04-08 16:00:00,2025-04-08T17:00:00,2025-04-08T16:00:00,"{'bid': 516.7, 'ask': 516.83}","{'bid': 515.27, 'ask': 515.43}","{'bid': 517.23, 'ask': 517.36}","{'bid': 515.24, 'ask': 515.38}",6900,516.7,517.23,515.24,515.27
2025-04-08 16:15:00,2025-04-08T17:15:00,2025-04-08T16:15:00,"{'bid': 515.25, 'ask': 515.39}","{'bid': 513.9, 'ask': 514.04}","{'bid': 515.43, 'ask': 515.58}","{'bid': 511.73, 'ask': 511.86}",6677,515.25,515.43,511.73,513.9
2025-04-08 16:30:00,2025-04-08T17:30:00,2025-04-08T16:30:00,"{'bid': 513.89, 'ask': 514.02}","{'bid': 508.46, 'ask': 508.61}","{'bid': 514.55, 'ask': 514.68}","{'bid': 507.51, 'ask': 507.64}",9239,513.89,514.55,507.51,508.46
2025-04-08 16:45:00,2025-04-08T17:45:00,2025-04-08T16:45:00,"{'bid': 508.45, 'ask': 508.59}","{'bid': 507.06, 'ask': 507.22}","{'bid': 511.4, 'ask': 511.57}","{'bid': 506.95, 'ask': 507.09}",9628,508.45,511.4,506.95,507.06
2025-04-08 17:00:00,2025-04-08T18:00:00,2025-04-08T17:00:00,"{'bid': 507.09, 'ask': 507.25}","{'bid': 505.0, 'ask': 505.16}","{'bid': 508.46, 'ask': 508.63}","{'bid': 503.43, 'ask': 503.57}",7239,507.09,508.46,503.43,505.0
2025-04-08 17:15:00,2025-04-08T18:15:00,2025-04-08T17:15:00,"{'bid': 505.03, 'ask': 505.19}","{'bid': 502.33, 'ask': 502.49}","{'bid': 506.74, 'ask': 506.86}","{'bid': 502.2, 'ask': 502.35}",8224,505.03,506.74,502.2,502.33
2025-04-08 17:30:00,2025-04-08T18:30:00,2025-04-08T17:30:00,"{'bid': 502.32, 'ask': 502.45}","{'bid': 507.71, 'ask': 507.85}","{'bid': 509.01, 'ask': 509.15}","{'bid': 501.98, 'ask': 502.13}",9485,502.32,509.01,501.98,507.71
2025-04-08 17:45:00,2025-04-08T18:45:00,2025-04-08T17:45:00,"{'bid': 507.75, 'ask': 507.88}","{'bid': 506.68, 'ask': 506.83}","{'bid': 507.85, 'ask': 508.0}","{'bid': 504.42, 'ask': 504.56}",8540,507.75,507.85,504.42,506.68
2025-04-08 18:00:00,2025-04-08T19:00:00,2025-04-08T18:00:00,"{'bid': 506.7, 'ask': 506.84}","{'bid': 503.36, 'ask': 503.5}","{'bid': 507.05, 'ask': 507.18}","{'bid': 502.94, 'ask': 503.07}",8246,506.7,507.05,502.94,503.36
2025-04-08 18:15:00,2025-04-08T19:15:00,2025-04-08T18:15:00,"{'bid': 503.37, 'ask': 503.51}","{'bid': 502.36, 'ask': 502.5}","{'bid': 506.03, 'ask': 506.18}","{'bid': 502.03, 'ask': 502.16}",7337,503.37,506.03,502.03,502.36
2025-04-08 18:30:00,2025-04-08T19:30:00,2025-04-08T18:30:00,"{'bid': 502.35, 'ask': 502.49}","{'bid': 501.43, 'ask': 501.57}","{'bid': 507.69, 'ask': 507.87}","{'bid': 501.35, 'ask': 501.49}",7857,502.35,507.69,501.35,501.43
2025-04-08 18:45:00,2025-04-08T19:45:00,2025-04-08T18:45:00,"{'bid': 501.44, 'ask': 501.58}","{'bid': 501.6, 'ask': 501.75}","{'bid': 504.12, 'ask': 504.25}","{'bid': 501.44, 'ask': 501.58}",6991,501.44,504.12,501.44,501.6
2025-04-08 19:00:00,2025-04-08T20:00:00,2025-04-08T19:00:00,"{'bid': 501.61, 'ask': 501.75}","{'bid': 496.5, 'ask': 496.64}","{'bid': 502.05, 'ask': 502.19}","{'bid': 496.26, 'ask': 496.39}",8033,501.61,502.05,496.26,496.5
2025-04-08 19:15:00,2025-04-08T20:15:00,2025-04-08T19:15:00,"{'bid': 496.51, 'ask': 496.66}","{'bid': 497.44, 'ask': 497.59}","{'bid': 498.54, 'ask': 498.67}","{'bid': 494.27, 'ask': 494.42}",9551,496.51,498.54,494.27,497.44
2025-04-08 19:30:00,2025-04-08T20:30:00,2025-04-08T19:30:00,"{'bid': 497.45, 'ask': 497.6}","{'bid': 490.54, 'ask': 490.68}","{'bid': 497.53, 'ask': 497.68}","{'bid': 490.44, 'ask': 490.58}",9965,497.45,497.53,490.44,490.54
2025-04-08 19:45:00,2025-04-08T20:45:00,2025-04-08T19:45:00,"{'bid': 490.57, 'ask': 490.71}","{'bid': 496.64, 'ask': 496.8}","{'bid': 497.39, 'ask': 497.51}","{'bid': 489.12, 'ask': 489.24}",11850,490.57,497.39,489.12,496.64
2025-04-08 20:00:00,2025-04-08T21:00:00,2025-04-08T20:00:00,"{'bid': 496.6, 'ask': 496.74}","{'bid': 496.18, 'ask': 496.3}","{'bid': 498.6, 'ask': 499.25}","{'bid': 494.96, 'ask': 495.68}",4668,496.6,498.6,494.96,496.18
2025-04-08 20:15:00,2025-04-08T21:15:00,2025-04-08T20:15:00,"{'bid': 496.18, 'ask': 496.36}","{'bid': 494.58, 'ask': 494.8}","{'bid': 496.69, 'ask': 497.05}","{'bid': 493.83, 'ask': 494.03}",2901,496.18,496.69,493.83,494.58
2025-04-08 20:30:00,2025-04-08T21:30:00,2025-04-08T20:30:00,"{'bid': 494.58, 'ask': 494.79}","{'bid': 495.09, 'ask': 495.28}","{'bid': 495.58, 'ask': 496.25}","{'bid': 494.35, 'ask': 494.69}",1964,494.58,495.58,494.35,495.09
2025-04-08 20:45:00,2025-04-08T21:45:00,2025-04-08T20:45:00,"{'bid': 495.05, 'ask': 495.25}","{'bid': 495.88, 'ask': 496.55}","{'bid': 496.35, 'ask': 496.55}","{'bid': 494.95, 'ask': 495.23}",1793,495.05,496.35,494.95,495.88
2025-04-08 21:00:00,2025-04-08T22:00:00,2025-04-08T21:00:00,"{'bid': 495.83, 'ask': 496.55}","{'bid': 495.66, 'ask': 496.03}","{'bid': 496.13, 'ask': 496.55}","{'bid': 495.55, 'ask': 495.75}",85,495.83,496.13,495.55,495.66
2025-04-08 21:15:00,2025-04-08T22:15:00,2025-04-08T21:15:00,"{'bid': 495.68, 'ask': 496.03}","{'bid': 495.62, 'ask': 495.9}","{'bid': 495.76, 'ask': 496.05}","{'bid': 495.45, 'ask': 495.63}",104,495.68,495.76,495.45,495.62
2025-04-08 21:30:00,2025-04-08T22:30:00,2025-04-08T21:30:00,"{'bid': 495.62, 'ask': 495.92}","{'bid': 496.1, 'ask': 496.32}","{'bid': 496.3, 'ask': 496.44}","{'bid': 495.62, 'ask': 495.89}",136,495.62,496.3,495.62,496.1
2025-04-08 21:45:00,2025-04-08T22:45:00,2025-04-08T21:45:00,"{'bid': 496.1, 'ask': 496.38}","{'bid': 495.79, 'ask': 496.05}","{'bid': 496.32, 'ask': 496.53}","{'bid': 495.79, 'ask': 496.04}",139,496.1,496.32,495.79,495.79
2025-04-08 22:00:00,2025-04-08T23:00:00,2025-04-08T22:00:00,"{'bid': 495.5, 'ask': 495.96}","{'bid': 492.6, 'ask': 492.89}","{'bid': 496.06, 'ask': 496.49}","{'bid': 491.46, 'ask': 492.08}",2365,495.5,496.06,491.46,492.6
2025-04-08 22:15:00,2025-04-08T23:15:00,2025-04-08T22:15:00,"{'bid': 492.6, 'ask': 492.99}","{'bid': 491.33, 'ask': 492.05}","{'bid': 492.83, 'ask': 493.54}","{'bid': 489.75, 'ask': 490.08}",2769,492.6,492.83,489.75,491.33
2025-04-08 22:30:00,2025-04-08T23:30:00,2025-04-08T22:30:00,"{'bid': 491.3, 'ask': 492.05}","{'bid': 491.54, 'ask': 491.79}","{'bid': 492.15, 'ask': 492.65}","{'bid': 489.95, 'ask': 490.3}",2429,491.3,492.15,489.95,491.54
2025-04-08 22:45:00,2025-04-08T23:45:00,2025-04-08T22:45:00,"{'bid': 491.53, 'ask': 491.78}","{'bid': 492.31, 'ask': 492.56}","{'bid': 492.58, 'ask': 492.95}","{'bid': 490.75, 'ask': 491.68}",1124,491.53,492.58,490.75,492.31
2025-04-08 23:00:00,2025-04-09T00:00:00,2025-04-08T23:00:00,"{'bid': 492.28, 'ask': 492.54}","{'bid': 490.19, 'ask': 490.42}","{'bid': 492.28, 'ask': 492.56}","{'bid': 490.06, 'ask': 490.41}",1683,492.28,492.28,490.06,490.19
2025-04-08 23:15:00,2025-04-09T00:15:00,2025-04-08T23:15:00,"{'bid': 490.15, 'ask': 490.42}","{'bid': 488.01, 'ask': 488.23}","{'bid': 490.37, 'ask': 491.15}","{'bid': 487.7, 'ask': 487.92}",2595,490.15,490.37,487.7,488.01
2025-04-08 23:30:00,2025-04-09T00:30:00,2025-04-08T23:30:00,"{'bid': 488.01, 'ask': 488.22}","{'bid': 487.77, 'ask': 487.97}","{'bid': 489.18, 'ask': 489.5}","{'bid': 487.7, 'ask': 487.84}",1965,488.01,489.18,487.7,487.77
2025-04-08 23:45:00,2025-04-09T00:45:00,2025-04-08T23:45:00,"{'bid': 487.77, 'ask': 487.96}","{'bid': 489.96, 'ask': 490.83}","{'bid': 490.55, 'ask': 490.84}","{'bid': 487.45, 'ask': 487.81}",1566,487.77,490.55,487.45,489.96
2025-04-09 08:00:00,2025-04-09T09:00:00,2025-04-09T08:00:00,"{'bid': 498.08, 'ask': 498.47}","{'bid': 495.3, 'ask': 495.55}","{'bid': 499.81, 'ask': 500.05}","{'bid': 494.24, 'ask': 494.78}",3215,498.08,499.81,494.24,495.3
2025-04-09 08:15:00,2025-04-09T09:15:00,2025-04-09T08:15:00,"{'bid': 495.22, 'ask': 495.48}","{'bid': 494.66, 'ask': 494.94}","{'bid': 497.2, 'ask': 497.73}","{'bid': 494.4, 'ask': 494.91}",2703,495.22,497.2,494.4,494.66
2025-04-09 08:30:00,2025-04-09T09:30:00,2025-04-09T08:30:00,"{'bid': 494.75, 'ask': 494.98}","{'bid': 496.07, 'ask': 496.33}","{'bid': 496.57, 'ask': 497.04}","{'bid': 491.96, 'ask': 492.3}",3034,494.75,496.57,491.96,496.07
2025-04-09 08:45:00,2025-04-09T09:45:00,2025-04-09T08:45:00,"{'bid': 496.08, 'ask': 496.33}","{'bid': 497.81, 'ask': 498.09}","{'bid': 498.26, 'ask': 498.47}","{'bid': 495.32, 'ask': 495.79}",2612,496.08,498.26,495.32,497.81
2025-04-09 09:00:00,2025-04-09T10:00:00,2025-04-09T09:00:00,"{'bid': 497.79, 'ask': 498.07}","{'bid': 498.17, 'ask': 498.38}","{'bid': 499.05, 'ask': 499.53}","{'bid': 496.15, 'ask': 496.75}",2523,497.79,499.05,496.15,498.17
2025-04-09 09:15:00,2025-04-09T10:15:00,2025-04-09T09:15:00,"{'bid': 497.69, 'ask': 498.32}","{'bid': 497.45, 'ask': 497.72}","{'bid': 498.66, 'ask': 499.55}","{'bid': 496.21, 'ask': 496.68}",2259,497.69,498.66,496.21,497.45
2025-04-09 09:30:00,2025-04-09T10:30:00,2025-04-09T09:30:00,"{'bid': 497.44, 'ask': 498.35}","{'bid': 496.17, 'ask': 496.43}","{'bid': 498.0, 'ask': 498.95}","{'bid': 495.25, 'ask': 495.91}",2043,497.44,498.0,495.25,496.17
2025-04-09 09:45:00,2025-04-09T10:45:00,2025-04-09T09:45:00,"{'bid': 496.13, 'ask': 496.39}","{'bid': 495.45, 'ask': 495.7}","{'bid': 496.19, 'ask': 496.85}","{'bid': 494.05, 'ask': 494.69}",2465,496.13,496.19,494.05,495.45
2025-04-09 10:00:00,2025-04-09T11:00:00,2025-04-09T10:00:00,"{'bid': 495.48, 'ask': 495.72}","{'bid': 495.29, 'ask': 495.55}","{'bid': 496.19, 'ask': 497.15}","{'bid': 492.55, 'ask': 493.82}",2608,495.48,496.19,492.55,495.29
2025-04-09 10:15:00,2025-04-09T11:15:00,2025-04-09T10:15:00,"{'bid': 495.29, 'ask': 495.54}","{'bid': 493.46, 'ask': 493.72}","{'bid': 495.47, 'ask': 496.25}","{'bid': 492.1, 'ask': 492.36}",2534,495.29,495.47,492.1,493.46
2025-04-09 10:30:00,2025-04-09T11:30:00,2025-04-09T10:30:00,"{'bid': 493.44, 'ask': 493.72}","{'bid': 494.33, 'ask': 494.6}","{'bid': 494.83, 'ask': 495.65}","{'bid': 491.35, 'ask': 492.05}",2868,493.44,494.83,491.35,494.33
2025-04-09 10:45:00,2025-04-09T11:45:00,2025-04-09T10:45:00,"{'bid': 494.33, 'ask': 494.64}","{'bid': 494.26, 'ask': 494.99}","{'bid': 498.11, 'ask': 498.95}","{'bid': 493.35, 'ask': 494.23}",2762,494.33,498.11,493.35,494.26
2025-04-09 11:00:00,2025-04-09T12:00:00,2025-04-09T11:00:00,"{'bid': 494.47, 'ask': 495.0}","{'bid': 490.51, 'ask': 490.85}","{'bid': 494.5, 'ask': 497.6}","{'bid': 485.04, 'ask': 487.55}",3941,494.47,494.5,485.04,490.51
2025-04-09 11:15:00,2025-04-09T12:15:00,2025-04-09T11:15:00,"{'bid': 490.6, 'ask': 490.93}","{'bid': 490.51, 'ask': 490.8}","{'bid': 492.75, 'ask': 493.28}","{'bid': 488.95, 'ask': 489.64}",3801,490.6,492.75,488.95,490.51
2025-04-09 11:30:00,2025-04-09T12:30:00,2025-04-09T11:30:00,"{'bid': 490.5, 'ask': 490.79}","{'bid': 485.91, 'ask': 486.19}","{'bid': 490.68, 'ask': 491.45}","{'bid': 485.15, 'ask': 485.49}",3649,490.5,490.68,485.15,485.91
2025-04-09 11:45:00,2025-04-09T12:45:00,2025-04-09T11:45:00,"{'bid': 485.9, 'ask': 486.17}","{'bid': 487.6, 'ask': 487.91}","{'bid': 492.77, 'ask': 497.14}","{'bid': 485.15, 'ask': 485.71}",3301,485.9,492.77,485.15,487.6
2025-04-09 12:00:00,2025-04-09T13:00:00,2025-04-09T12:00:00,"{'bid': 487.6, 'ask': 487.9}","{'bid': 488.4, 'ask': 489.35}","{'bid': 489.0, 'ask': 489.93}","{'bid': 486.24, 'ask': 486.44}",3224,487.6,489.0,486.24,488.4
2025-04-09 12:15:00,2025-04-09T13:15:00,2025-04-09T12:15:00,"{'bid': 488.41, 'ask': 488.69}","{'bid': 486.94, 'ask': 487.18}","{'bid': 488.71, 'ask': 489.65}","{'bid': 486.15, 'ask': 486.35}",2787,488.41,488.71,486.15,486.94
2025-04-09 12:30:00,2025-04-09T13:30:00,2025-04-09T12:30:00,"{'bid': 486.88, 'ask': 487.11}","{'bid': 488.98, 'ask': 489.24}","{'bid': 489.05, 'ask': 489.65}","{'bid': 485.5, 'ask': 486.2}",3263,486.88,489.05,485.5,488.98
2025-04-09 12:45:00,2025-04-09T13:45:00,2025-04-09T12:45:00,"{'bid': 488.99, 'ask': 489.25}","{'bid': 491.28, 'ask': 491.55}","{'bid': 493.91, 'ask': 494.75}","{'bid': 488.45, 'ask': 488.82}",3908,488.99,493.91,488.45,491.28
2025-04-09 13:00:00,2025-04-09T14:00:00,2025-04-09T13:00:00,"{'bid': 491.25, 'ask': 491.55}","{'bid': 493.38, 'ask': 493.59}","{'bid': 496.65, 'ask': 497.14}","{'bid': 491.05, 'ask': 491.5}",5141,491.25,496.65,491.05,493.38
2025-04-09 13:15:00,2025-04-09T14:15:00,2025-04-09T13:15:00,"{'bid': 493.31, 'ask': 493.6}","{'bid': 493.24, 'ask': 493.49}","{'bid': 495.95, 'ask': 496.55}","{'bid': 492.75, 'ask': 493.17}",3965,493.31,495.95,492.75,493.24
2025-04-09 13:30:00,2025-04-09T14:30:00,2025-04-09T13:30:00,"{'bid': 493.25, 'ask': 493.49}","{'bid': 497.54, 'ask': 497.69}","{'bid': 501.96, 'ask': 502.12}","{'bid': 493.25, 'ask': 493.49}",10885,493.25,501.96,493.25,497.54
2025-04-09 13:45:00,2025-04-09T14:45:00,2025-04-09T13:45:00,"{'bid': 497.49, 'ask': 497.65}","{'bid': 499.98, 'ask': 500.16}","{'bid': 501.29, 'ask': 501.42}","{'bid': 495.66, 'ask': 495.79}",9078,497.49,501.29,495.66,499.98
2025-04-09 14:00:00,2025-04-09T15:00:00,2025-04-09T14:00:00,"{'bid': 499.96, 'ask': 500.14}","{'bid': 497.27, 'ask': 497.41}","{'bid': 503.58, 'ask': 503.73}","{'bid': 496.62, 'ask': 496.76}",8967,499.96,503.58,496.62,497.27
2025-04-09 14:15:00,2025-04-09T15:15:00,2025-04-09T14:15:00,"{'bid': 497.25, 'ask': 497.39}","{'bid': 498.9, 'ask': 499.07}","{'bid': 500.28, 'ask': 500.42}","{'bid': 496.64, 'ask': 496.78}",8381,497.25,500.28,496.64,498.9
2025-04-09 14:30:00,2025-04-09T15:30:00,2025-04-09T14:30:00,"{'bid': 498.91, 'ask': 499.08}","{'bid': 497.59, 'ask': 497.75}","{'bid': 501.58, 'ask': 501.73}","{'bid': 497.4, 'ask': 497.54}",7387,498.91,501.58,497.4,497.59
2025-04-09 14:45:00,2025-04-09T15:45:00,2025-04-09T14:45:00,"{'bid': 497.59, 'ask': 497.74}","{'bid': 493.16, 'ask': 493.32}","{'bid': 499.74, 'ask': 499.9}","{'bid': 493.02, 'ask': 493.19}",7394,497.59,499.74,493.02,493.16
2025-04-09 15:00:00,2025-04-09T16:00:00,2025-04-09T15:00:00,"{'bid': 493.17, 'ask': 493.32}","{'bid': 496.43, 'ask': 496.57}","{'bid': 497.7, 'ask': 497.86}","{'bid': 493.02, 'ask': 493.17}",7194,493.17,497.7,493.02,496.43
2025-04-09 15:15:00,2025-04-09T16:15:00,2025-04-09T15:15:00,"{'bid': 496.44, 'ask': 496.58}","{'bid': 498.23, 'ask': 498.37}","{'bid': 499.63, 'ask': 499.78}","{'bid': 496.42, 'ask': 496.55}",6080,496.44,499.63,496.42,498.23
2025-04-09 15:30:00,2025-04-09T16:30:00,2025-04-09T15:30:00,"{'bid': 498.2, 'ask': 498.36}","{'bid': 495.15, 'ask': 495.35}","{'bid': 499.51, 'ask': 499.65}","{'bid': 494.79, 'ask': 494.93}",6156,498.2,499.51,494.79,495.15
2025-04-09 15:45:00,2025-04-09T16:45:00,2025-04-09T15:45:00,"{'bid': 495.15, 'ask': 495.34}","{'bid': 495.9, 'ask': 496.06}","{'bid': 498.97, 'ask': 499.11}","{'bid': 495.13, 'ask': 495.3}",5998,495.15,498.97,495.13,495.9
2025-04-09 16:00:00,2025-04-09T17:00:00,2025-04-09T16:00:00,"{'bid': 495.89, 'ask': 496.04}","{'bid': 499.82, 'ask': 499.97}","{'bid': 500.34, 'ask': 500.48}","{'bid': 494.72, 'ask': 494.86}",5390,495.89,500.34,494.72,499.82
2025-04-09 16:15:00,2025-04-09T17:15:00,2025-04-09T16:15:00,"{'bid': 499.81, 'ask': 499.97}","{'bid': 499.2, 'ask': 499.37}","{'bid': 500.46, 'ask': 500.6}","{'bid': 499.0, 'ask': 499.13}",5693,499.81,500.46,499.0,499.2
2025-04-09 16:30:00,2025-04-09T17:30:00,2025-04-09T16:30:00,"{'bid': 499.18, 'ask': 499.35}","{'bid': 499.68, 'ask': 499.83}","{'bid': 500.65, 'ask': 500.78}","{'bid': 498.6, 'ask': 498.74}",5965,499.18,500.65,498.6,499.68
2025-04-09 16:45:00,2025-04-09T17:45:00,2025-04-09T16:45:00,"{'bid': 499.7, 'ask': 499.84}","{'bid': 501.14, 'ask': 501.29}","{'bid': 502.52, 'ask': 502.64}","{'bid': 499.14, 'ask': 499.3}",6283,499.7,502.52,499.14,501.14
2025-04-09 17:00:00,2025-04-09T18:00:00,2025-04-09T17:00:00,"{'bid': 501.15, 'ask': 501.31}","{'bid': 502.34, 'ask': 502.48}","{'bid': 505.63, 'ask': 505.81}","{'bid': 500.96, 'ask': 501.09}",7806,501.15,505.63,500.96,502.34
2025-04-09 17:15:00,2025-04-09T18:15:00,2025-04-09T17:15:00,"{'bid': 502.35, 'ask': 502.49}","{'bid': 523.69, 'ask': 523.91}","{'bid': 533.29, 'ask': 533.47}","{'bid': 497.45, 'ask': 497.7}",11162,502.35,533.29,497.45,523.69
2025-04-09 17:30:00,2025-04-09T18:30:00,2025-04-09T17:30:00,"{'bid': 523.85, 'ask': 524.06}","{'bid': 525.89, 'ask': 526.15}","{'bid': 536.44, 'ask': 536.56}","{'bid': 523.0, 'ask': 523.21}",10707,523.85,536.44,523.0,525.89
2025-04-09 17:45:00,2025-04-09T18:45:00,2025-04-09T17:45:00,"{'bid': 525.97, 'ask': 526.2}","{'bid': 534.81, 'ask': 535.01}","{'bid': 535.4, 'ask': 535.59}","{'bid': 525.75, 'ask': 526.0}",8512,525.97,535.4,525.75,534.81
2025-04-09 18:00:00,2025-04-09T19:00:00,2025-04-09T18:00:00,"{'bid': 534.82, 'ask': 535.01}","{'bid': 534.4, 'ask': 534.59}","{'bid': 537.79, 'ask': 538.04}","{'bid': 531.06, 'ask': 531.21}",10189,534.82,537.79,531.06,534.4
2025-04-09 18:15:00,2025-04-09T19:15:00,2025-04-09T18:15:00,"{'bid': 534.42, 'ask': 534.61}","{'bid': 538.16, 'ask': 538.35}","{'bid': 539.64, 'ask': 539.77}","{'bid': 532.96, 'ask': 533.15}",10068,534.42,539.64,532.96,538.16
2025-04-09 18:30:00,2025-04-09T19:30:00,2025-04-09T18:30:00,"{'bid': 538.13, 'ask': 538.3}","{'bid': 532.66, 'ask': 532.82}","{'bid': 539.76, 'ask': 539.93}","{'bid': 532.55, 'ask': 532.71}",9295,538.13,539.76,532.55,532.66
2025-04-09 18:45:00,2025-04-09T19:45:00,2025-04-09T18:45:00,"{'bid': 532.7, 'ask': 532.84}","{'bid': 530.8, 'ask': 530.98}","{'bid': 536.08, 'ask': 536.24}","{'bid': 530.48, 'ask': 530.67}",9390,532.7,536.08,530.48,530.8
2025-04-09 19:00:00,2025-04-09T20:00:00,2025-04-09T19:00:00,"{'bid': 530.87, 'ask': 531.0}","{'bid': 537.33, 'ask': 537.48}","{'bid': 537.65, 'ask': 537.79}","{'bid': 529.63, 'ask': 529.76}",9971,530.87,537.65,529.63,537.33
2025-04-09 19:15:00,2025-04-09T20:15:00,2025-04-09T19:15:00,"{'bid': 537.36, 'ask': 537.5}","{'bid': 540.53, 'ask': 540.67}","{'bid': 541.69, 'ask': 541.83}","{'bid': 535.73, 'ask': 535.88}",8324,537.36,541.69,535.73,540.53
2025-04-09 19:30:00,2025-04-09T20:30:00,2025-04-09T19:30:00,"{'bid': 540.51, 'ask': 540.64}","{'bid': 541.69, 'ask': 541.85}","{'bid': 543.31, 'ask': 543.44}","{'bid': 539.49, 'ask': 539.63}",9098,540.51,543.31,539.49,541.69
2025-04-09 19:45:00,2025-04-09T20:45:00,2025-04-09T19:45:00,"{'bid': 541.68, 'ask': 541.83}","{'bid': 543.27, 'ask': 543.43}","{'bid': 546.27, 'ask': 546.4}","{'bid': 540.34, 'ask': 540.47}",11118,541.68,546.27,540.34,543.27
2025-04-09 20:00:00,2025-04-09T21:00:00,2025-04-09T20:00:00,"{'bid': 543.29, 'ask': 543.44}","{'bid': 542.66, 'ask': 542.89}","{'bid': 545.38, 'ask': 547.05}","{'bid': 541.41, 'ask': 542.05}",4731,543.29,545.38,541.41,542.66
2025-04-09 20:15:00,2025-04-09T21:15:00,2025-04-09T20:15:00,"{'bid': 542.68, 'ask': 542.9}","{'bid': 544.79, 'ask': 544.97}","{'bid': 545.05, 'ask': 545.75}","{'bid': 542.64, 'ask': 542.84}",2278,542.68,545.05,542.64,544.79
2025-04-09 20:30:00,2025-04-09T21:30:00,2025-04-09T20:30:00,"{'bid': 544.76, 'ask': 544.95}","{'bid': 545.13, 'ask': 545.31}","{'bid': 545.35, 'ask': 545.79}","{'bid': 544.01, 'ask': 544.21}",1809,544.76,545.35,544.01,545.13
2025-04-09 20:45:00,2025-04-09T21:45:00,2025-04-09T20:45:00,"{'bid': 545.1, 'ask': 545.31}","{'bid': 545.66, 'ask': 545.89}","{'bid': 546.01, 'ask': 546.49}","{'bid': 544.95, 'ask': 545.09}",1561,545.1,546.01,544.95,545.66
2025-04-09 21:00:00,2025-04-09T22:00:00,2025-04-09T21:00:00,"{'bid': 545.77, 'ask': 545.98}","{'bid': 545.95, 'ask': 546.2}","{'bid': 546.18, 'ask': 546.44}","{'bid': 545.77, 'ask': 545.9}",132,545.77,546.18,545.77,545.95
2025-04-09 21:15:00,2025-04-09T22:15:00,2025-04-09T21:15:00,"{'bid': 546.01, 'ask': 546.2}","{'bid': 545.33, 'ask': 545.53}","{'bid': 546.22, 'ask': 546.34}","{'bid': 545.32, 'ask': 545.5}",239,546.01,546.22,545.32,545.33
2025-04-09 21:30:00,2025-04-09T22:30:00,2025-04-09T21:30:00,"{'bid': 545.35, 'ask': 545.53}","{'bid': 544.67, 'ask': 545.05}","{'bid': 545.4, 'ask': 545.67}","{'bid': 544.12, 'ask': 544.52}",254,545.35,545.4,544.12,544.67
2025-04-09 21:45:00,2025-04-09T22:45:00,2025-04-09T21:45:00,"{'bid': 544.67, 'ask': 544.95}","{'bid': 544.26, 'ask': 544.48}","{'bid': 544.81, 'ask': 545.05}","{'bid': 544.02, 'ask': 544.28}",285,544.67,544.81,544.02,544.26
2025-04-09 22:00:00,2025-04-09T23:00:00,2025-04-09T22:00:00,"{'bid': 544.33, 'ask': 544.49}","{'bid': 545.36, 'ask': 545.54}","{'bid': 545.44, 'ask': 546.35}","{'bid': 543.56, 'ask': 543.69}",1720,544.33,545.44,543.56,545.36
2025-04-09 22:15:00,2025-04-09T23:15:00,2025-04-09T22:15:00,"{'bid': 545.36, 'ask': 545.53}","{'bid': 545.81, 'ask': 545.95}","{'bid': 545.9, 'ask': 546.35}","{'bid': 544.45, 'ask': 545.13}",1267,545.36,545.9,544.45,545.81
2025-04-09 22:30:00,2025-04-09T23:30:00,2025-04-09T22:30:00,"{'bid': 545.76, 'ask': 545.95}","{'bid': 546.06, 'ask': 546.28}","{'bid': 546.15, 'ask': 546.35}","{'bid': 544.96, 'ask': 545.31}",942,545.76,546.15,544.96,546.06
2025-04-09 22:45:00,2025-04-09T23:45:00,2025-04-09T22:45:00,"{'bid': 546.07, 'ask': 546.28}","{'bid': 546.13, 'ask': 546.3}","{'bid': 546.18, 'ask': 546.34}","{'bid': 545.07, 'ask': 545.58}",879,546.07,546.18,545.07,546.13
2025-04-09 23:00:00,2025-04-10T00:00:00,2025-04-09T23:00:00,"{'bid': 546.14, 'ask': 546.3}","{'bid': 545.54, 'ask': 545.76}","{'bid': 547.07, 'ask': 547.49}","{'bid': 545.06, 'ask': 545.54}",1509,546.14,547.07,545.06,545.54
2025-04-09 23:15:00,2025-04-10T00:15:00,2025-04-09T23:15:00,"{'bid': 545.61, 'ask': 545.88}","{'bid': 545.62, 'ask': 545.86}","{'bid': 546.17, 'ask': 546.95}","{'bid': 545.39, 'ask': 545.57}",812,545.61,546.17,545.39,545.62
2025-04-09 23:30:00,2025-04-10T00:30:00,2025-04-09T23:30:00,"{'bid': 545.45, 'ask': 545.86}","{'bid': 545.89, 'ask': 546.23}","{'bid': 546.15, 'ask': 546.95}","{'bid': 545.06, 'ask': 545.86}",942,545.45,546.15,545.06,545.89
2025-04-09 23:45:00,2025-04-10T00:45:00,2025-04-09T23:45:00,"{'bid': 545.91, 'ask': 546.14}","{'bid': 545.71, 'ask': 545.9}","{'bid': 546.13, 'ask': 546.95}","{'bid': 545.06, 'ask': 545.35}",1585,545.91,546.13,545.06,545.71
2025-04-10 08:00:00,2025-04-10T09:00:00,2025-04-10T08:00:00,"{'bid': 534.54, 'ask': 535.24}","{'bid': 534.88, 'ask': 535.13}","{'bid': 535.97, 'ask': 536.2}","{'bid': 533.45, 'ask': 534.38}",3190,534.54,535.97,533.45,534.88
2025-04-10 08:15:00,2025-04-10T09:15:00,2025-04-10T08:15:00,"{'bid': 534.85, 'ask': 535.11}","{'bid': 533.89, 'ask': 534.14}","{'bid': 534.98, 'ask': 535.34}","{'bid': 532.45, 'ask': 533.16}",2668,534.85,534.98,532.45,533.89
2025-04-10 08:30:00,2025-04-10T09:30:00,2025-04-10T08:30:00,"{'bid': 533.91, 'ask': 534.14}","{'bid': 533.3, 'ask': 533.54}","{'bid': 534.0, 'ask': 534.42}","{'bid': 530.45, 'ask': 530.78}",3076,533.91,534.0,530.45,533.3
2025-04-10 08:45:00,2025-04-10T09:45:00,2025-04-10T08:45:00,"{'bid': 533.32, 'ask': 533.56}","{'bid': 531.81, 'ask': 532.04}","{'bid': 534.38, 'ask': 535.05}","{'bid': 531.03, 'ask': 531.42}",2497,533.32,534.38,531.03,531.81
2025-04-10 09:00:00,2025-04-10T10:00:00,2025-04-10T09:00:00,"{'bid': 531.79, 'ask': 532.02}","{'bid': 532.34, 'ask': 532.56}","{'bid': 532.45, 'ask': 533.15}","{'bid': 530.64, 'ask': 530.81}",2705,531.79,532.45,530.64,532.34
2025-04-10 09:15:00,2025-04-10T10:15:00,2025-04-10T09:15:00,"{'bid': 532.21, 'ask': 532.55}","{'bid': 531.89, 'ask': 532.1}","{'bid': 533.4, 'ask': 533.91}","{'bid': 531.25, 'ask': 531.73}",2222,532.21,533.4,531.25,531.89
2025-04-10 09:30:00,2025-04-10T10:30:00,2025-04-10T09:30:00,"{'bid': 531.89, 'ask': 532.09}","{'bid': 532.2, 'ask': 532.4}","{'bid': 534.2, 'ask': 534.73}","{'bid': 531.89, 'ask': 532.09}",2070,531.89,534.2,531.89,532.2
2025-04-10 09:45:00,2025-04-10T10:45:00,2025-04-10T09:45:00,"{'bid': 532.17, 'ask': 532.4}","{'bid': 532.64, 'ask': 532.84}","{'bid': 533.87, 'ask': 534.65}","{'bid': 531.73, 'ask': 531.99}",2068,532.17,533.87,531.73,532.64
2025-04-10 10:00:00,2025-04-10T11:00:00,2025-04-10T10:00:00,"{'bid': 532.61, 'ask': 532.8}","{'bid': 535.39, 'ask': 535.63}","{'bid': 535.93, 'ask': 536.75}","{'bid': 532.33, 'ask': 532.66}",1944,532.61,535.93,532.33,535.39
2025-04-10 10:15:00,2025-04-10T11:15:00,2025-04-10T10:15:00,"{'bid': 535.43, 'ask': 535.66}","{'bid': 535.34, 'ask': 535.56}","{'bid': 536.81, 'ask': 537.65}","{'bid': 534.44, 'ask': 534.98}",2153,535.43,536.81,534.44,535.34
2025-04-10 10:30:00,2025-04-10T11:30:00,2025-04-10T10:30:00,"{'bid': 535.34, 'ask': 535.55}","{'bid': 535.94, 'ask': 536.16}","{'bid': 537.25, 'ask': 537.95}","{'bid': 534.55, 'ask': 535.26}",2493,535.34,537.25,534.55,535.94
2025-04-10 10:45:00,2025-04-10T11:45:00,2025-04-10T10:45:00,"{'bid': 535.89, 'ask': 536.13}","{'bid': 533.7, 'ask': 533.9}","{'bid': 535.94, 'ask': 536.75}","{'bid': 533.63, 'ask': 533.85}",1899,535.89,535.94,533.63,533.7
2025-04-10 11:00:00,2025-04-10T12:00:00,2025-04-10T11:00:00,"{'bid': 533.7, 'ask': 533.99}","{'bid': 533.75, 'ask': 533.97}","{'bid': 535.17, 'ask': 535.82}","{'bid': 533.27, 'ask': 533.51}",2113,533.7,535.17,533.27,533.75
2025-04-10 11:15:00,2025-04-10T12:15:00,2025-04-10T11:15:00,"{'bid': 533.75, 'ask': 533.94}","{'bid': 533.95, 'ask': 534.17}","{'bid': 534.98, 'ask': 535.55}","{'bid': 533.35, 'ask': 533.71}",1977,533.75,534.98,533.35,533.95
2025-04-10 11:30:00,2025-04-10T12:30:00,2025-04-10T11:30:00,"{'bid': 533.98, 'ask': 534.19}","{'bid': 534.54, 'ask': 534.98}","{'bid': 535.92, 'ask': 536.23}","{'bid': 533.33, 'ask': 533.66}",1913,533.98,535.92,533.33,534.54
2025-04-10 11:45:00,2025-04-10T12:45:00,2025-04-10T11:45:00,"{'bid': 534.77, 'ask': 534.97}","{'bid': 535.19, 'ask': 535.38}","{'bid': 535.33, 'ask': 535.85}","{'bid': 533.96, 'ask': 534.69}",1573,534.77,535.33,533.96,535.19
2025-04-10 12:00:00,2025-04-10T13:00:00,2025-04-10T12:00:00,"{'bid': 535.13, 'ask': 535.33}","{'bid': 533.84, 'ask': 534.02}","{'bid': 535.25, 'ask': 536.08}","{'bid': 532.15, 'ask': 533.03}",2397,535.13,535.25,532.15,533.84
2025-04-10 12:15:00,2025-04-10T13:15:00,2025-04-10T12:15:00,"{'bid': 533.83, 'ask': 534.01}","{'bid': 532.95, 'ask': 533.65}","{'bid': 534.66, 'ask': 534.86}","{'bid': 532.05, 'ask': 532.58}",3026,533.83,534.66,532.05,532.95
2025-04-10 12:30:00,2025-04-10T13:30:00,2025-04-10T12:30:00,"{'bid': 532.95, 'ask': 536.8}","{'bid': 532.35, 'ask': 532.57}","{'bid': 538.61, 'ask': 539.37}","{'bid': 530.95, 'ask': 531.52}",5230,532.95,538.61,530.95,532.35
2025-04-10 12:45:00,2025-04-10T13:45:00,2025-04-10T12:45:00,"{'bid': 532.35, 'ask': 532.59}","{'bid': 533.14, 'ask': 533.34}","{'bid': 533.37, 'ask': 533.51}","{'bid': 530.95, 'ask': 531.12}",4079,532.35,533.37,530.95,533.14
2025-04-10 13:00:00,2025-04-10T14:00:00,2025-04-10T13:00:00,"{'bid': 533.14, 'ask': 533.33}","{'bid': 532.83, 'ask': 533.0}","{'bid': 534.93, 'ask': 535.08}","{'bid': 532.45, 'ask': 532.72}",3394,533.14,534.93,532.45,532.83
2025-04-10 13:15:00,2025-04-10T14:15:00,2025-04-10T13:15:00,"{'bid': 532.85, 'ask': 533.03}","{'bid': 532.11, 'ask': 532.29}","{'bid': 535.06, 'ask': 535.45}","{'bid': 531.45, 'ask': 531.92}",3434,532.85,535.06,531.45,532.11
2025-04-10 13:30:00,2025-04-10T14:30:00,2025-04-10T13:30:00,"{'bid': 532.14, 'ask': 532.39}","{'bid': 530.03, 'ask': 530.16}","{'bid': 533.44, 'ask': 533.57}","{'bid': 528.45, 'ask': 528.61}",10793,532.14,533.44,528.45,530.03
2025-04-10 13:45:00,2025-04-10T14:45:00,2025-04-10T13:45:00,"{'bid': 530.0, 'ask': 530.18}","{'bid': 528.83, 'ask': 529.0}","{'bid': 533.27, 'ask': 533.43}","{'bid': 528.82, 'ask': 528.99}",10184,530.0,533.27,528.82,528.83
2025-04-10 14:00:00,2025-04-10T15:00:00,2025-04-10T14:00:00,"{'bid': 528.81, 'ask': 529.0}","{'bid': 527.53, 'ask': 527.72}","{'bid': 530.0, 'ask': 530.23}","{'bid': 526.25, 'ask': 526.43}",7870,528.81,530.0,526.25,527.53
2025-04-10 14:15:00,2025-04-10T15:15:00,2025-04-10T14:15:00,"{'bid': 527.54, 'ask': 527.73}","{'bid': 528.02, 'ask': 528.16}","{'bid': 530.57, 'ask': 530.7}","{'bid': 526.95, 'ask': 527.11}",8114,527.54,530.57,526.95,528.02
2025-04-10 14:30:00,2025-04-10T15:30:00,2025-04-10T14:30:00,"{'bid': 527.92, 'ask': 528.14}","{'bid': 529.86, 'ask': 530.03}","{'bid': 531.87, 'ask': 532.01}","{'bid': 527.86, 'ask': 528.03}",7886,527.92,531.87,527.86,529.86
2025-04-10 14:45:00,2025-04-10T15:45:00,2025-04-10T14:45:00,"{'bid': 529.84, 'ask': 529.99}","{'bid': 526.36, 'ask': 526.5}","{'bid': 530.19, 'ask': 530.31}","{'bid': 525.99, 'ask': 526.11}",7693,529.84,530.19,525.99,526.36
2025-04-10 15:00:00,2025-04-10T16:00:00,2025-04-10T15:00:00,"{'bid': 526.35, 'ask': 526.48}","{'bid': 526.39, 'ask': 526.53}","{'bid': 528.62, 'ask': 528.75}","{'bid': 525.88, 'ask': 526.04}",7027,526.35,528.62,525.88,526.39
2025-04-10 15:15:00,2025-04-10T16:15:00,2025-04-10T15:15:00,"{'bid': 526.35, 'ask': 526.51}","{'bid': 523.66, 'ask': 523.79}","{'bid': 526.63, 'ask': 526.77}","{'bid': 523.66, 'ask': 523.79}",6236,526.35,526.63,523.66,523.66
2025-04-10 15:30:00,2025-04-10T16:30:00,2025-04-10T15:30:00,"{'bid': 523.65, 'ask': 523.77}","{'bid': 521.6, 'ask': 521.73}","{'bid': 524.2, 'ask': 524.32}","{'bid': 521.32, 'ask': 521.44}",7204,523.65,524.2,521.32,521.6
2025-04-10 15:45:00,2025-04-10T16:45:00,2025-04-10T15:45:00,"{'bid': 521.59, 'ask': 521.73}","{'bid': 518.52, 'ask': 518.65}","{'bid': 522.64, 'ask': 522.79}","{'bid': 517.84, 'ask': 518.0}",7792,521.59,522.64,517.84,518.52
2025-04-10 16:00:00,2025-04-10T17:00:00,2025-04-10T16:00:00,"{'bid': 518.56, 'ask': 518.68}","{'bid': 516.23, 'ask': 516.37}","{'bid': 520.02, 'ask': 520.17}","{'bid': 515.59, 'ask': 515.76}",8808,518.56,520.02,515.59,516.23
2025-04-10 16:15:00,2025-04-10T17:15:00,2025-04-10T16:15:00,"{'bid': 516.2, 'ask': 516.37}","{'bid': 511.65, 'ask': 511.8}","{'bid': 516.33, 'ask': 516.47}","{'bid': 509.47, 'ask': 509.64}",9586,516.2,516.33,509.47,511.65
2025-04-10 16:30:00,2025-04-10T17:30:00,2025-04-10T16:30:00,"{'bid': 511.67, 'ask': 511.81}","{'bid': 517.69, 'ask': 517.89}","{'bid': 518.77, 'ask': 518.89}","{'bid': 511.47, 'ask': 511.62}",10541,511.67,518.77,511.47,517.69
2025-04-10 16:45:00,2025-04-10T17:45:00,2025-04-10T16:45:00,"{'bid': 517.75, 'ask': 517.91}","{'bid': 519.62, 'ask': 519.79}","{'bid': 520.47, 'ask': 520.61}","{'bid': 515.37, 'ask': 515.52}",9138,517.75,520.47,515.37,519.62
2025-04-10 17:00:00,2025-04-10T18:00:00,2025-04-10T17:00:00,"{'bid': 519.63, 'ask': 519.78}","{'bid': 514.6, 'ask': 514.75}","{'bid': 524.56, 'ask': 524.76}","{'bid': 513.45, 'ask': 513.59}",8606,519.63,524.56,513.45,514.6
2025-04-10 17:15:00,2025-04-10T18:15:00,2025-04-10T17:15:00,"{'bid': 514.63, 'ask': 514.79}","{'bid': 519.23, 'ask': 519.38}","{'bid': 519.5, 'ask': 519.68}","{'bid': 512.82, 'ask': 512.96}",8698,514.63,519.5,512.82,519.23
2025-04-10 17:30:00,2025-04-10T18:30:00,2025-04-10T17:30:00,"{'bid': 519.2, 'ask': 519.37}","{'bid': 522.59, 'ask': 522.73}","{'bid': 522.8, 'ask': 522.93}","{'bid': 518.28, 'ask': 518.42}",8751,519.2,522.8,518.28,522.59
2025-04-10 17:45:00,2025-04-10T18:45:00,2025-04-10T17:45:00,"{'bid': 522.52, 'ask': 522.7}","{'bid': 524.12, 'ask': 524.31}","{'bid': 525.46, 'ask': 525.61}","{'bid': 520.98, 'ask': 521.12}",8786,522.52,525.46,520.98,524.12
2025-04-10 18:00:00,2025-04-10T19:00:00,2025-04-10T18:00:00,"{'bid': 524.11, 'ask': 524.31}","{'bid': 520.82, 'ask': 520.98}","{'bid': 527.7, 'ask': 527.82}","{'bid': 520.47, 'ask': 520.63}",8225,524.11,527.7,520.47,520.82
2025-04-10 18:15:00,2025-04-10T19:15:00,2025-04-10T18:15:00,"{'bid': 520.82, 'ask': 520.97}","{'bid': 528.31, 'ask': 528.45}","{'bid': 528.67, 'ask': 528.82}","{'bid': 520.24, 'ask': 520.37}",8480,520.82,528.67,520.24,528.31
2025-04-10 18:30:00,2025-04-10T19:30:00,2025-04-10T18:30:00,"{'bid': 528.31, 'ask': 528.46}","{'bid': 529.37, 'ask': 529.51}","{'bid': 529.66, 'ask': 529.79}","{'bid': 525.44, 'ask': 525.6}",8182,528.31,529.66,525.44,529.37
2025-04-10 18:45:00,2025-04-10T19:45:00,2025-04-10T18:45:00,"{'bid': 529.36, 'ask': 529.54}","{'bid': 526.05, 'ask': 526.19}","{'bid': 529.44, 'ask': 529.58}","{'bid': 523.53, 'ask': 523.66}",8522,529.36,529.44,523.53,526.05
2025-04-10 19:00:00,2025-04-10T20:00:00,2025-04-10T19:00:00,"{'bid': 526.07, 'ask': 526.21}","{'bid': 525.24, 'ask': 525.39}","{'bid': 529.35, 'ask': 529.49}","{'bid': 523.74, 'ask': 523.89}",8992,526.07,529.35,523.74,525.24
2025-04-10 19:15:00,2025-04-10T20:15:00,2025-04-10T19:15:00,"{'bid': 525.22, 'ask': 525.36}","{'bid': 522.39, 'ask': 522.51}","{'bid': 528.61, 'ask': 528.77}","{'bid': 522.31, 'ask': 522.45}",8925,525.22,528.61,522.31,522.39
2025-04-10 19:30:00,2025-04-10T20:30:00,2025-04-10T19:30:00,"{'bid': 522.39, 'ask': 522.56}","{'bid': 518.75, 'ask': 518.9}","{'bid': 525.61, 'ask': 525.73}","{'bid': 518.11, 'ask': 518.28}",10117,522.39,525.61,518.11,518.75
2025-04-10 19:45:00,2025-04-10T20:45:00,2025-04-10T19:45:00,"{'bid': 518.74, 'ask': 518.87}","{'bid': 524.75, 'ask': 524.88}","{'bid': 526.44, 'ask': 526.58}","{'bid': 518.16, 'ask': 518.28}",11651,518.74,526.44,518.16,524.75
2025-04-10 20:00:00,2025-04-10T21:00:00,2025-04-10T20:00:00,"{'bid': 524.74, 'ask': 524.86}","{'bid': 526.45, 'ask': 526.65}","{'bid': 526.8, 'ask': 527.05}","{'bid': 523.32, 'ask': 523.66}",5001,524.74,526.8,523.32,526.45
2025-04-10 20:15:00,2025-04-10T21:15:00,2025-04-10T20:15:00,"{'bid': 526.39, 'ask': 526.58}","{'bid': 524.31, 'ask': 524.52}","{'bid': 526.39, 'ask': 526.65}","{'bid': 524.25, 'ask': 524.46}",2012,526.39,526.39,524.25,524.31
2025-04-10 20:30:00,2025-04-10T21:30:00,2025-04-10T20:30:00,"{'bid': 524.29, 'ask': 524.49}","{'bid': 523.75, 'ask': 523.97}","{'bid': 524.73, 'ask': 525.05}","{'bid': 523.5, 'ask': 523.76}",1386,524.29,524.73,523.5,523.75
2025-04-10 20:45:00,2025-04-10T21:45:00,2025-04-10T20:45:00,"{'bid': 523.75, 'ask': 523.96}","{'bid': 525.05, 'ask': 525.21}","{'bid': 525.05, 'ask': 525.95}","{'bid': 523.64, 'ask': 523.86}",1302,523.75,525.05,523.64,525.05
2025-04-10 21:00:00,2025-04-10T22:00:00,2025-04-10T21:00:00,"{'bid': 525.06, 'ask': 525.21}","{'bid': 524.8, 'ask': 525.14}","{'bid': 525.15, 'ask': 526.65}","{'bid': 524.8, 'ask': 525.04}",25,525.06,525.15,524.8,524.8
2025-04-10 21:15:00,2025-04-10T22:15:00,2025-04-10T21:15:00,"{'bid': 524.8, 'ask': 524.99}","{'bid': 524.71, 'ask': 525.01}","{'bid': 524.95, 'ask': 525.29}","{'bid': 524.7, 'ask': 524.94}",41,524.8,524.95,524.7,524.71
2025-04-10 21:30:00,2025-04-10T22:30:00,2025-04-10T21:30:00,"{'bid': 524.71, 'ask': 525.05}","{'bid': 524.45, 'ask': 524.72}","{'bid': 524.83, 'ask': 525.29}","{'bid': 524.21, 'ask': 524.58}",63,524.71,524.83,524.21,524.45
2025-04-10 21:45:00,2025-04-10T22:45:00,2025-04-10T21:45:00,"{'bid': 524.45, 'ask': 524.63}","{'bid': 523.95, 'ask': 524.48}","{'bid': 524.52, 'ask': 524.72}","{'bid': 523.95, 'ask': 524.46}",66,524.45,524.52,523.95,523.95
2025-04-10 22:00:00,2025-04-10T23:00:00,2025-04-10T22:00:00,"{'bid': 524.33, 'ask': 524.55}","{'bid': 526.0, 'ask': 526.22}","{'bid': 526.44, 'ask': 527.04}","{'bid': 523.95, 'ask': 524.55}",1075,524.33,526.44,523.95,526.0
2025-04-10 22:15:00,2025-04-10T23:15:00,2025-04-10T22:15:00,"{'bid': 526.01, 'ask': 526.22}","{'bid': 525.68, 'ask': 525.88}","{'bid': 526.32, 'ask': 526.55}","{'bid': 524.95, 'ask': 525.62}",959,526.01,526.32,524.95,525.68
2025-04-10 22:30:00,2025-04-10T23:30:00,2025-04-10T22:30:00,"{'bid': 525.53, 'ask': 525.91}","{'bid': 527.1, 'ask': 527.35}","{'bid': 527.22, 'ask': 527.49}","{'bid': 525.53, 'ask': 525.91}",1300,525.53,527.22,525.53,527.1
2025-04-10 22:45:00,2025-04-10T23:45:00,2025-04-10T22:45:00,"{'bid': 527.1, 'ask': 527.3}","{'bid': 525.76, 'ask': 525.94}","{'bid': 527.53, 'ask': 527.92}","{'bid': 525.48, 'ask': 525.88}",1129,527.1,527.53,525.48,525.76
2025-04-10 23:00:00,2025-04-11T00:00:00,2025-04-10T23:00:00,"{'bid': 525.76, 'ask': 526.24}","{'bid': 524.2, 'ask': 524.41}","{'bid': 526.04, 'ask': 526.85}","{'bid': 523.95, 'ask': 524.18}",1859,525.76,526.04,523.95,524.2
2025-04-10 23:15:00,2025-04-11T00:15:00,2025-04-10T23:15:00,"{'bid': 524.11, 'ask': 524.4}","{'bid': 523.25, 'ask': 523.46}","{'bid': 524.18, 'ask': 524.75}","{'bid': 521.65, 'ask': 522.43}",1650,524.11,524.18,521.65,523.25
2025-04-10 23:30:00,2025-04-11T00:30:00,2025-04-10T23:30:00,"{'bid': 523.2, 'ask': 523.44}","{'bid': 523.48, 'ask': 523.7}","{'bid': 523.84, 'ask': 524.62}","{'bid': 522.25, 'ask': 522.98}",1357,523.2,523.84,522.25,523.48
2025-04-10 23:45:00,2025-04-11T00:45:00,2025-04-10T23:45:00,"{'bid': 523.46, 'ask': 523.7}","{'bid': 522.04, 'ask': 522.3}","{'bid': 523.7, 'ask': 524.45}","{'bid': 520.49, 'ask': 521.33}",2199,523.46,523.7,520.49,522.04
2025-04-11 08:00:00,2025-04-11T09:00:00,2025-04-11T08:00:00,"{'bid': 525.93, 'ask': 527.04}","{'bid': 526.36, 'ask': 526.62}","{'bid': 527.4, 'ask': 528.05}","{'bid': 522.85, 'ask': 523.75}",4273,525.93,527.4,522.85,526.36
2025-04-11 08:15:00,2025-04-11T09:15:00,2025-04-11T08:15:00,"{'bid': 526.37, 'ask': 526.62}","{'bid': 523.46, 'ask': 523.7}","{'bid': 526.68, 'ask': 527.03}","{'bid': 522.25, 'ask': 523.05}",3291,526.37,526.68,522.25,523.46
2025-04-11 08:30:00,2025-04-11T09:30:00,2025-04-11T08:30:00,"{'bid': 523.47, 'ask': 523.73}","{'bid': 521.57, 'ask': 521.8}","{'bid': 524.04, 'ask': 524.55}","{'bid': 520.45, 'ask': 520.87}",3333,523.47,524.04,520.45,521.57
2025-04-11 08:45:00,2025-04-11T09:45:00,2025-04-11T08:45:00,"{'bid': 521.57, 'ask': 521.83}","{'bid': 522.41, 'ask': 522.66}","{'bid': 522.76, 'ask': 523.05}","{'bid': 520.89, 'ask': 521.36}",2985,521.57,522.76,520.89,522.41
2025-04-11 09:00:00,2025-04-11T10:00:00,2025-04-11T09:00:00,"{'bid': 522.27, 'ask': 522.64}","{'bid': 522.93, 'ask': 523.2}","{'bid': 523.29, 'ask': 523.85}","{'bid': 521.05, 'ask': 521.65}",2803,522.27,523.29,521.05,522.93
2025-04-11 09:15:00,2025-04-11T10:15:00,2025-04-11T09:15:00,"{'bid': 522.98, 'ask': 523.19}","{'bid': 523.63, 'ask': 523.9}","{'bid': 524.23, 'ask': 524.55}","{'bid': 521.95, 'ask': 522.79}",2339,522.98,524.23,521.95,523.63
2025-04-11 09:30:00,2025-04-11T10:30:00,2025-04-11T09:30:00,"{'bid': 523.64, 'ask': 523.9}","{'bid': 526.1, 'ask': 526.27}","{'bid': 526.1, 'ask': 526.3}","{'bid': 522.87, 'ask': 523.45}",2347,523.64,526.1,522.87,526.1
2025-04-11 09:45:00,2025-04-11T10:45:00,2025-04-11T09:45:00,"{'bid': 526.09, 'ask': 526.3}","{'bid': 528.86, 'ask': 529.13}","{'bid': 528.93, 'ask': 529.85}","{'bid': 524.65, 'ask': 525.36}",2755,526.09,528.93,524.65,528.86
2025-04-11 10:00:00,2025-04-11T11:00:00,2025-04-11T10:00:00,"{'bid': 528.85, 'ask': 529.12}","{'bid': 528.23, 'ask': 528.49}","{'bid': 529.38, 'ask': 530.14}","{'bid': 526.89, 'ask': 527.61}",2705,528.85,529.38,526.89,528.23
2025-04-11 10:15:00,2025-04-11T11:15:00,2025-04-11T10:15:00,"{'bid': 528.16, 'ask': 528.43}","{'bid': 529.43, 'ask': 529.68}","{'bid': 530.18, 'ask': 531.05}","{'bid': 527.05, 'ask': 527.96}",2333,528.16,530.18,527.05,529.43
2025-04-11 10:30:00,2025-04-11T11:30:00,2025-04-11T10:30:00,"{'bid': 529.41, 'ask': 529.67}","{'bid': 528.69, 'ask': 528.96}","{'bid': 530.61, 'ask': 531.2}","{'bid': 528.25, 'ask': 528.9}",1967,529.41,530.61,528.25,528.69
2025-04-11 10:45:00,2025-04-11T11:45:00,2025-04-11T10:45:00,"{'bid': 528.74, 'ask': 529.0}","{'bid': 528.73, 'ask': 529.02}","{'bid': 529.64, 'ask': 530.08}","{'bid': 527.17, 'ask': 527.77}",2483,528.74,529.64,527.17,528.73
2025-04-11 11:00:00,2025-04-11T12:00:00,2025-04-11T11:00:00,"{'bid': 528.74, 'ask': 529.02}","{'bid': 527.85, 'ask': 528.13}","{'bid': 529.54, 'ask': 530.15}","{'bid': 527.35, 'ask': 527.99}",2225,528.74,529.54,527.35,527.85
2025-04-11 11:15:00,2025-04-11T12:15:00,2025-04-11T11:15:00,"{'bid': 527.85, 'ask': 528.11}","{'bid': 526.21, 'ask': 526.5}","{'bid': 528.07, 'ask': 528.65}","{'bid': 525.07, 'ask': 525.83}",2351,527.85,528.07,525.07,526.21
2025-04-11 11:30:00,2025-04-11T12:30:00,2025-04-11T11:30:00,"{'bid': 526.22, 'ask': 526.5}","{'bid': 526.02, 'ask': 526.25}","{'bid': 526.74, 'ask': 527.23}","{'bid': 524.95, 'ask': 525.41}",2124,526.22,526.74,524.95,526.02
2025-04-11 11:45:00,2025-04-11T12:45:00,2025-04-11T11:45:00,"{'bid': 525.96, 'ask': 526.23}","{'bid': 526.85, 'ask': 527.09}","{'bid': 527.78, 'ask': 528.64}","{'bid': 523.75, 'ask': 524.49}",2403,525.96,527.78,523.75,526.85
2025-04-11 12:00:00,2025-04-11T13:00:00,2025-04-11T12:00:00,"{'bid': 526.81, 'ask': 527.07}","{'bid': 527.05, 'ask': 527.29}","{'bid': 527.8, 'ask': 528.64}","{'bid': 525.55, 'ask': 526.42}",2476,526.81,527.8,525.55,527.05
2025-04-11 12:15:00,2025-04-11T13:15:00,2025-04-11T12:15:00,"{'bid': 527.03, 'ask': 527.28}","{'bid': 526.3, 'ask': 527.35}","{'bid': 527.67, 'ask': 528.35}","{'bid': 525.85, 'ask': 526.31}",2359,527.03,527.67,525.85,526.3
2025-04-11 12:30:00,2025-04-11T13:30:00,2025-04-11T12:30:00,"{'bid': 527.18, 'ask': 527.69}","{'bid': 527.5, 'ask': 527.72}","{'bid': 529.68, 'ask': 530.4}","{'bid': 526.3, 'ask': 527.25}",2978,527.18,529.68,526.3,527.5
2025-04-11 12:45:00,2025-04-11T13:45:00,2025-04-11T12:45:00,"{'bid': 527.53, 'ask': 527.74}","{'bid': 525.49, 'ask': 525.69}","{'bid': 527.66, 'ask': 528.17}","{'bid': 525.0, 'ask': 525.37}",3179,527.53,527.66,525.0,525.49
2025-04-11 13:00:00,2025-04-11T14:00:00,2025-04-11T13:00:00,"{'bid': 525.51, 'ask': 525.69}","{'bid': 522.39, 'ask': 522.59}","{'bid': 526.61, 'ask': 526.9}","{'bid': 521.32, 'ask': 521.56}",4344,525.51,526.61,521.32,522.39
2025-04-11 13:15:00,2025-04-11T14:15:00,2025-04-11T13:15:00,"{'bid': 522.37, 'ask': 522.59}","{'bid': 522.82, 'ask': 523.1}","{'bid': 524.38, 'ask': 524.55}","{'bid': 521.8, 'ask': 521.96}",3993,522.37,524.38,521.8,522.82
2025-04-11 13:30:00,2025-04-11T14:30:00,2025-04-11T13:30:00,"{'bid': 522.8, 'ask': 523.07}","{'bid': 525.42, 'ask': 525.59}","{'bid': 526.18, 'ask': 526.33}","{'bid': 521.06, 'ask': 521.21}",9150,522.8,526.18,521.06,525.42
2025-04-11 13:45:00,2025-04-11T14:45:00,2025-04-11T13:45:00,"{'bid': 525.45, 'ask': 525.64}","{'bid': 526.26, 'ask': 526.5}","{'bid': 528.77, 'ask': 528.9}","{'bid': 525.18, 'ask': 525.3}",8222,525.45,528.77,525.18,526.26
2025-04-11 14:00:00,2025-04-11T15:00:00,2025-04-11T14:00:00,"{'bid': 526.31, 'ask': 526.55}","{'bid': 526.23, 'ask': 526.39}","{'bid': 528.37, 'ask': 528.51}","{'bid': 523.32, 'ask': 523.48}",9224,526.31,528.37,523.32,526.23
2025-04-11 14:15:00,2025-04-11T15:15:00,2025-04-11T14:15:00,"{'bid': 526.25, 'ask': 526.4}","{'bid': 520.62, 'ask': 520.77}","{'bid': 527.55, 'ask': 527.7}","{'bid': 520.15, 'ask': 520.28}",8298,526.25,527.55,520.15,520.62
2025-04-11 14:30:00,2025-04-11T15:30:00,2025-04-11T14:30:00,"{'bid': 520.65, 'ask': 520.82}","{'bid': 525.2, 'ask': 525.36}","{'bid': 525.44, 'ask': 525.58}","{'bid': 520.03, 'ask': 520.21}",7927,520.65,525.44,520.03,525.2
2025-04-11 14:45:00,2025-04-11T15:45:00,2025-04-11T14:45:00,"{'bid': 525.25, 'ask': 525.4}","{'bid': 523.12, 'ask': 523.28}","{'bid': 526.63, 'ask': 526.77}","{'bid': 522.89, 'ask': 523.03}",7411,525.25,526.63,522.89,523.12
2025-04-11 15:00:00,2025-04-11T16:00:00,2025-04-11T15:00:00,"{'bid': 523.11, 'ask': 523.25}","{'bid': 521.83, 'ask': 521.96}","{'bid': 527.3, 'ask': 527.47}","{'bid': 521.64, 'ask': 521.84}",7244,523.11,527.3,521.64,521.83
2025-04-11 15:15:00,2025-04-11T16:15:00,2025-04-11T15:15:00,"{'bid': 521.82, 'ask': 521.94}","{'bid': 522.99, 'ask': 523.15}","{'bid': 523.48, 'ask': 523.62}","{'bid': 520.8, 'ask': 520.96}",6424,521.82,523.48,520.8,522.99
2025-04-11 15:30:00,2025-04-11T16:30:00,2025-04-11T15:30:00,"{'bid': 523.0, 'ask': 523.14}","{'bid': 525.28, 'ask': 525.42}","{'bid': 525.99, 'ask': 526.15}","{'bid': 522.28, 'ask': 522.44}",6080,523.0,525.99,522.28,525.28
2025-04-11 15:45:00,2025-04-11T16:45:00,2025-04-11T15:45:00,"{'bid': 525.29, 'ask': 525.43}","{'bid': 526.86, 'ask': 527.0}","{'bid': 527.04, 'ask': 527.17}","{'bid': 524.65, 'ask': 524.79}",5402,525.29,527.04,524.65,526.86
2025-04-11 16:00:00,2025-04-11T17:00:00,2025-04-11T16:00:00,"{'bid': 526.87, 'ask': 527.01}","{'bid': 527.77, 'ask': 527.9}","{'bid': 528.39, 'ask': 528.55}","{'bid': 526.02, 'ask': 526.15}",5339,526.87,528.39,526.02,527.77
2025-04-11 16:15:00,2025-04-11T17:15:00,2025-04-11T16:15:00,"{'bid': 527.77, 'ask': 527.91}","{'bid': 527.32, 'ask': 527.45}","{'bid': 528.6, 'ask': 528.72}","{'bid': 526.34, 'ask': 526.47}",4879,527.77,528.6,526.34,527.32
2025-04-11 16:30:00,2025-04-11T17:30:00,2025-04-11T16:30:00,"{'bid': 527.34, 'ask': 527.47}","{'bid': 531.89, 'ask': 532.04}","{'bid': 532.18, 'ask': 532.31}","{'bid': 527.34, 'ask': 527.47}",5970,527.34,532.18,527.34,531.89
2025-04-11 16:45:00,2025-04-11T17:45:00,2025-04-11T16:45:00,"{'bid': 531.89, 'ask': 532.03}","{'bid': 531.67, 'ask': 531.82}","{'bid': 532.77, 'ask': 532.91}","{'bid': 531.01, 'ask': 531.15}",5660,531.89,532.77,531.01,531.67
2025-04-11 17:00:00,2025-04-11T18:00:00,2025-04-11T17:00:00,"{'bid': 531.66, 'ask': 531.82}","{'bid': 531.27, 'ask': 531.4}","{'bid': 533.01, 'ask': 533.13}","{'bid': 530.55, 'ask': 530.67}",6067,531.66,533.01,530.55,531.27
2025-04-11 17:15:00,2025-04-11T18:15:00,2025-04-11T17:15:00,"{'bid': 531.29, 'ask': 531.41}","{'bid': 529.78, 'ask': 529.92}","{'bid': 531.91, 'ask': 532.07}","{'bid': 529.43, 'ask': 529.59}",5763,531.29,531.91,529.43,529.78
2025-04-11 17:30:00,2025-04-11T18:30:00,2025-04-11T17:30:00,"{'bid': 529.75, 'ask': 529.89}","{'bid': 535.32, 'ask': 535.5}","{'bid': 536.06, 'ask': 536.18}","{'bid': 528.77, 'ask': 528.94}",6741,529.75,536.06,528.77,535.32
2025-04-11 17:45:00,2025-04-11T18:45:00,2025-04-11T17:45:00,"{'bid': 535.31, 'ask': 535.48}","{'bid': 534.59, 'ask': 534.76}","{'bid': 536.35, 'ask': 536.5}","{'bid': 533.15, 'ask': 533.3}",6663,535.31,536.35,533.15,534.59
2025-04-11 18:00:00,2025-04-11T19:00:00,2025-04-11T18:00:00,"{'bid': 534.57, 'ask': 534.73}","{'bid': 533.51, 'ask': 533.65}","{'bid': 534.92, 'ask': 535.06}","{'bid': 532.68, 'ask': 532.81}",6251,534.57,534.92,532.68,533.51
2025-04-11 18:15:00,2025-04-11T19:15:00,2025-04-11T18:15:00,"{'bid': 533.51, 'ask': 533.64}","{'bid': 533.03, 'ask': 533.19}","{'bid': 534.02, 'ask': 534.16}","{'bid': 531.51, 'ask': 531.65}",5753,533.51,534.02,531.51,533.03
2025-04-11 18:30:00,2025-04-11T19:30:00,2025-04-11T18:30:00,"{'bid': 533.07, 'ask': 533.21}","{'bid': 533.62, 'ask': 533.75}","{'bid': 534.15, 'ask': 534.28}","{'bid': 532.31, 'ask': 532.45}",5167,533.07,534.15,532.31,533.62
2025-04-11 18:45:00,2025-04-11T19:45:00,2025-04-11T18:45:00,"{'bid': 533.63, 'ask': 533.76}","{'bid': 532.12, 'ask': 532.27}","{'bid': 534.42, 'ask': 534.58}","{'bid': 531.93, 'ask': 532.05}",5105,533.63,534.42,531.93,532.12
2025-04-11 19:00:00,2025-04-11T20:00:00,2025-04-11T19:00:00,"{'bid': 532.15, 'ask': 532.3}","{'bid': 534.96, 'ask': 535.11}","{'bid': 535.24, 'ask': 535.36}","{'bid': 532.02, 'ask': 532.17}",5041,532.15,535.24,532.02,534.96
2025-04-11 19:15:00,2025-04-11T20:15:00,2025-04-11T19:15:00,"{'bid': 534.96, 'ask': 535.12}","{'bid': 534.64, 'ask': 534.79}","{'bid': 535.6, 'ask': 535.73}","{'bid': 533.57, 'ask': 533.7}",4797,534.96,535.6,533.57,534.64
2025-04-11 19:30:00,2025-04-11T20:30:00,2025-04-11T19:30:00,"{'bid': 534.62, 'ask': 534.77}","{'bid': 534.84, 'ask': 534.99}","{'bid': 535.09, 'ask': 535.22}","{'bid': 533.4, 'ask': 533.54}",5580,534.62,535.09,533.4,534.84
2025-04-11 19:45:00,2025-04-11T20:45:00,2025-04-11T19:45:00,"{'bid': 534.85, 'ask': 534.99}","{'bid': 534.02, 'ask': 534.14}","{'bid': 535.32, 'ask': 535.46}","{'bid': 533.69, 'ask': 533.81}",7434,534.85,535.32,533.69,534.02
2025-04-11 20:00:00,2025-04-11T21:00:00,2025-04-11T20:00:00,"{'bid': 533.98, 'ask': 534.11}","{'bid': 534.41, 'ask': 534.56}","{'bid': 534.49, 'ask': 534.8}","{'bid': 533.43, 'ask': 533.62}",2344,533.98,534.49,533.43,534.41
2025-04-11 20:15:00,2025-04-11T21:15:00,2025-04-11T20:15:00,"{'bid': 534.43, 'ask': 534.56}","{'bid': 534.52, 'ask': 534.65}","{'bid': 534.83, 'ask': 535.08}","{'bid': 533.81, 'ask': 533.96}",1221,534.43,534.83,533.81,534.52
2025-04-11 20:30:00,2025-04-11T21:30:00,2025-04-11T20:30:00,"{'bid': 534.53, 'ask': 534.65}","{'bid': 534.6, 'ask': 534.74}","{'bid': 534.69, 'ask': 534.9}","{'bid': 534.09, 'ask': 534.44}",656,534.53,534.69,534.09,534.6
2025-04-11 20:45:00,2025-04-11T21:45:00,2025-04-11T20:45:00,"{'bid': 534.6, 'ask': 534.76}","{'bid': 534.19, 'ask': 534.47}","{'bid': 534.75, 'ask': 534.9}","{'bid': 533.92, 'ask': 534.2}",752,534.6,534.75,533.92,534.19
2025-04-14 08:00:00,2025-04-14T09:00:00,2025-04-14T08:00:00,"{'bid': 541.01, 'ask': 541.79}","{'bid': 541.35, 'ask': 541.57}","{'bid': 541.91, 'ask': 542.3}","{'bid': 540.7, 'ask': 541.16}",1733,541.01,541.91,540.7,541.35
2025-04-14 08:15:00,2025-04-14T09:15:00,2025-04-14T08:15:00,"{'bid': 541.37, 'ask': 541.58}","{'bid': 541.63, 'ask': 541.84}","{'bid': 541.93, 'ask': 542.44}","{'bid': 541.0, 'ask': 541.51}",1213,541.37,541.93,541.0,541.63
2025-04-14 08:30:00,2025-04-14T09:30:00,2025-04-14T08:30:00,"{'bid': 541.63, 'ask': 542.14}","{'bid': 541.49, 'ask': 541.71}","{'bid': 541.99, 'ask': 542.45}","{'bid': 541.15, 'ask': 541.6}",1050,541.63,541.99,541.15,541.49
2025-04-14 08:45:00,2025-04-14T09:45:00,2025-04-14T08:45:00,"{'bid': 541.5, 'ask': 541.7}","{'bid': 541.41, 'ask': 541.62}","{'bid': 541.84, 'ask': 542.3}","{'bid': 541.0, 'ask': 541.48}",998,541.5,541.84,541.0,541.41
2025-04-14 09:00:00,2025-04-14T10:00:00,2025-04-14T09:00:00,"{'bid': 541.42, 'ask': 541.62}","{'bid': 541.36, 'ask': 541.57}","{'bid': 542.08, 'ask': 542.55}","{'bid': 540.97, 'ask': 541.51}",944,541.42,542.08,540.97,541.36
2025-04-14 09:15:00,2025-04-14T10:15:00,2025-04-14T09:15:00,"{'bid': 541.34, 'ask': 541.55}","{'bid': 540.16, 'ask': 540.37}","{'bid': 541.47, 'ask': 541.81}","{'bid': 539.69, 'ask': 540.26}",1332,541.34,541.47,539.69,540.16
2025-04-14 09:30:00,2025-04-14T10:30:00,2025-04-14T09:30:00,"{'bid': 540.17, 'ask': 540.39}","{'bid': 539.59, 'ask': 539.8}","{'bid': 540.46, 'ask': 540.95}","{'bid': 539.05, 'ask': 539.49}",1376,540.17,540.46,539.05,539.59
2025-04-14 09:45:00,2025-04-14T10:45:00,2025-04-14T09:45:00,"{'bid': 539.57, 'ask': 539.79}","{'bid': 540.16, 'ask': 540.37}","{'bid': 540.22, 'ask': 540.65}","{'bid': 538.75, 'ask': 539.36}",1108,539.57,540.22,538.75,540.16
2025-04-14 10:00:00,2025-04-14T11:00:00,2025-04-14T10:00:00,"{'bid': 540.17, 'ask': 540.37}","{'bid': 540.35, 'ask': 540.57}","{'bid': 540.83, 'ask': 541.05}","{'bid': 539.66, 'ask': 540.21}",1003,540.17,540.83,539.66,540.35
2025-04-14 10:15:00,2025-04-14T11:15:00,2025-04-14T10:15:00,"{'bid': 540.31, 'ask': 540.54}","{'bid': 540.12, 'ask': 540.32}","{'bid': 540.4, 'ask': 540.95}","{'bid': 539.39, 'ask': 539.86}",964,540.31,540.4,539.39,540.12
2025-04-14 10:30:00,2025-04-14T11:30:00,2025-04-14T10:30:00,"{'bid': 540.14, 'ask': 540.34}","{'bid': 540.81, 'ask': 541.02}","{'bid': 541.02, 'ask': 541.55}","{'bid': 540.14, 'ask': 540.34}",967,540.14,541.02,540.14,540.81
2025-04-14 10:45:00,2025-04-14T11:45:00,2025-04-14T10:45:00,"{'bid': 540.82, 'ask': 541.02}","{'bid': 541.3, 'ask': 541.53}","{'bid': 541.31, 'ask': 541.85}","{'bid': 540.25, 'ask': 540.77}",877,540.82,541.31,540.25,541.3
2025-04-14 11:00:00,2025-04-14T12:00:00,2025-04-14T11:00:00,"{'bid': 541.29, 'ask': 541.5}","{'bid': 542.32, 'ask': 542.54}","{'bid': 542.48, 'ask': 543.05}","{'bid': 540.85, 'ask': 541.33}",1366,541.29,542.48,540.85,542.32
2025-04-14 11:15:00,2025-04-14T12:15:00,2025-04-14T11:15:00,"{'bid': 542.31, 'ask': 542.53}","{'bid': 542.25, 'ask': 542.46}","{'bid': 542.84, 'ask': 543.65}","{'bid': 541.45, 'ask': 541.92}",1454,542.31,542.84,541.45,542.25
2025-04-14 11:30:00,2025-04-14T12:30:00,2025-04-14T11:30:00,"{'bid': 542.25, 'ask': 542.44}","{'bid': 541.64, 'ask': 541.82}","{'bid': 542.41, 'ask': 543.0}","{'bid': 541.25, 'ask': 541.57}",1435,542.25,542.41,541.25,541.64
2025-04-14 11:45:00,2025-04-14T12:45:00,2025-04-14T11:45:00,"{'bid': 541.65, 'ask': 541.82}","{'bid': 539.98, 'ask': 540.13}","{'bid': 541.76, 'ask': 542.15}","{'bid': 539.86, 'ask': 540.05}",1708,541.65,541.76,539.86,539.98
2025-04-14 12:00:00,2025-04-14T13:00:00,2025-04-14T12:00:00,"{'bid': 540.0, 'ask': 540.15}","{'bid': 541.1, 'ask': 541.27}","{'bid': 541.37, 'ask': 541.85}","{'bid': 539.66, 'ask': 539.94}",2566,540.0,541.37,539.66,541.1
2025-04-14 12:15:00,2025-04-14T13:15:00,2025-04-14T12:15:00,"{'bid': 541.11, 'ask': 541.26}","{'bid': 541.52, 'ask': 541.7}","{'bid': 541.76, 'ask': 542.15}","{'bid': 540.55, 'ask': 541.15}",1494,541.11,541.76,540.55,541.52
2025-04-14 12:30:00,2025-04-14T13:30:00,2025-04-14T12:30:00,"{'bid': 541.51, 'ask': 541.69}","{'bid': 542.22, 'ask': 542.4}","{'bid': 542.78, 'ask': 543.05}","{'bid': 541.28, 'ask': 541.44}",1682,541.51,542.78,541.28,542.22
2025-04-14 12:45:00,2025-04-14T13:45:00,2025-04-14T12:45:00,"{'bid': 542.18, 'ask': 542.35}","{'bid': 542.67, 'ask': 542.85}","{'bid': 542.78, 'ask': 542.93}","{'bid': 541.97, 'ask': 542.15}",1732,542.18,542.78,541.97,542.67
2025-04-14 13:00:00,2025-04-14T14:00:00,2025-04-14T13:00:00,"{'bid': 542.68, 'ask': 542.85}","{'bid': 542.79, 'ask': 542.96}","{'bid': 543.09, 'ask': 543.57}","{'bid': 542.2, 'ask': 542.53}",2311,542.68,543.09,542.2,542.79
2025-04-14 13:15:00,2025-04-14T14:15:00,2025-04-14T13:15:00,"{'bid': 542.77, 'ask': 542.93}","{'bid': 543.92, 'ask': 544.1}","{'bid': 544.4, 'ask': 544.55}","{'bid': 542.75, 'ask': 542.91}",2204,542.77,544.4,542.75,543.92
2025-04-14 13:30:00,2025-04-14T14:30:00,2025-04-14T13:30:00,"{'bid': 543.9, 'ask': 544.1}","{'bid': 540.64, 'ask': 540.8}","{'bid': 544.05, 'ask': 544.46}","{'bid': 539.18, 'ask': 539.32}",9866,543.9,544.05,539.18,540.64
2025-04-14 13:45:00,2025-04-14T14:45:00,2025-04-14T13:45:00,"{'bid': 540.64, 'ask': 540.79}","{'bid': 540.47, 'ask': 540.61}","{'bid': 541.88, 'ask': 542.02}","{'bid': 539.16, 'ask': 539.3}",8722,540.64,541.88,539.16,540.47
2025-04-14 14:00:00,2025-04-14T15:00:00,2025-04-14T14:00:00,"{'bid': 540.48, 'ask': 540.63}","{'bid': 541.34, 'ask': 541.48}","{'bid': 543.42, 'ask': 543.55}","{'bid': 539.9, 'ask': 540.03}",7956,540.48,543.42,539.9,541.34
2025-04-14 14:15:00,2025-04-14T15:15:00,2025-04-14T14:15:00,"{'bid': 541.36, 'ask': 541.5}","{'bid': 542.02, 'ask': 542.15}","{'bid': 542.33, 'ask': 542.45}","{'bid': 539.63, 'ask': 539.76}",6727,541.36,542.33,539.63,542.02
2025-04-14 14:30:00,2025-04-14T15:30:00,2025-04-14T14:30:00,"{'bid': 542.04, 'ask': 542.16}","{'bid': 542.26, 'ask': 542.41}","{'bid': 542.96, 'ask': 543.1}","{'bid': 541.55, 'ask': 541.68}",5168,542.04,542.96,541.55,542.26
2025-04-14 14:45:00,2025-04-14T15:45:00,2025-04-14T14:45:00,"{'bid': 542.27, 'ask': 542.41}","{'bid': 542.34, 'ask': 542.5}","{'bid': 543.78, 'ask': 543.91}","{'bid': 541.86, 'ask': 542.0}",5001,542.27,543.78,541.86,542.34
2025-04-14 15:00:00,2025-04-14T16:00:00,2025-04-14T15:00:00,"{'bid': 542.36, 'ask': 542.49}","{'bid': 540.59, 'ask': 540.74}","{'bid': 543.02, 'ask': 543.15}","{'bid': 540.33, 'ask': 540.48}",4980,542.36,543.02,540.33,540.59
2025-04-14 15:15:00,2025-04-14T16:15:00,2025-04-14T15:15:00,"{'bid': 540.6, 'ask': 540.74}","{'bid': 538.49, 'ask': 538.63}","{'bid': 541.17, 'ask': 541.29}","{'bid': 538.37, 'ask': 538.51}",4640,540.6,541.17,538.37,538.49
2025-04-14 15:30:00,2025-04-14T16:30:00,2025-04-14T15:30:00,"{'bid': 538.52, 'ask': 538.65}","{'bid': 538.15, 'ask': 538.3}","{'bid': 539.84, 'ask': 539.97}","{'bid': 536.82, 'ask': 536.95}",5557,538.52,539.84,536.82,538.15
2025-04-14 15:45:00,2025-04-14T16:45:00,2025-04-14T15:45:00,"{'bid': 538.18, 'ask': 538.33}","{'bid': 535.66, 'ask': 535.79}","{'bid': 538.21, 'ask': 538.35}","{'bid': 535.16, 'ask': 535.3}",6075,538.18,538.21,535.16,535.66
2025-04-14 16:00:00,2025-04-14T17:00:00,2025-04-14T16:00:00,"{'bid': 535.68, 'ask': 535.81}","{'bid': 535.37, 'ask': 535.51}","{'bid': 536.78, 'ask': 536.91}","{'bid': 533.8, 'ask': 533.93}",6238,535.68,536.78,533.8,535.37
2025-04-14 16:15:00,2025-04-14T17:15:00,2025-04-14T16:15:00,"{'bid': 535.36, 'ask': 535.52}","{'bid': 535.77, 'ask': 535.92}","{'bid': 537.75, 'ask': 537.89}","{'bid': 535.09, 'ask': 535.22}",6324,535.36,537.75,535.09,535.77
2025-04-14 16:30:00,2025-04-14T17:30:00,2025-04-14T16:30:00,"{'bid': 535.75, 'ask': 535.91}","{'bid': 537.48, 'ask': 537.63}","{'bid': 537.78, 'ask': 537.92}","{'bid': 535.34, 'ask': 535.47}",5106,535.75,537.78,535.34,537.48
2025-04-14 16:45:00,2025-04-14T17:45:00,2025-04-14T16:45:00,"{'bid': 537.46, 'ask': 537.62}","{'bid': 535.44, 'ask': 535.56}","{'bid': 537.84, 'ask': 537.97}","{'bid': 535.27, 'ask': 535.43}",4909,537.46,537.84,535.27,535.44
2025-04-14 17:00:00,2025-04-14T18:00:00,2025-04-14T17:00:00,"{'bid': 535.43, 'ask': 535.56}","{'bid': 536.73, 'ask': 536.87}","{'bid': 538.95, 'ask': 539.13}","{'bid': 535.24, 'ask': 535.38}",6445,535.43,538.95,535.24,536.73
2025-04-14 17:15:00,2025-04-14T18:15:00,2025-04-14T17:15:00,"{'bid': 536.74, 'ask': 536.88}","{'bid': 537.34, 'ask': 537.49}","{'bid': 538.48, 'ask': 538.61}","{'bid': 535.95, 'ask': 536.08}",4791,536.74,538.48,535.95,537.34
2025-04-14 17:30:00,2025-04-14T18:30:00,2025-04-14T17:30:00,"{'bid': 537.31, 'ask': 537.46}","{'bid': 536.98, 'ask': 537.12}","{'bid': 538.11, 'ask': 538.24}","{'bid': 536.42, 'ask': 536.56}",5058,537.31,538.11,536.42,536.98
2025-04-14 17:45:00,2025-04-14T18:45:00,2025-04-14T17:45:00,"{'bid': 536.99, 'ask': 537.12}","{'bid': 538.91, 'ask': 539.06}","{'bid': 539.34, 'ask': 539.49}","{'bid': 536.57, 'ask': 536.71}",4280,536.99,539.34,536.57,538.91
2025-04-14 18:00:00,2025-04-14T19:00:00,2025-04-14T18:00:00,"{'bid': 538.89, 'ask': 539.04}","{'bid': 539.23, 'ask': 539.37}","{'bid': 539.77, 'ask': 539.91}","{'bid': 538.74, 'ask': 538.87}",3991,538.89,539.77,538.74,539.23
2025-04-14 18:15:00,2025-04-14T19:15:00,2025-04-14T18:15:00,"{'bid': 539.27, 'ask': 539.39}","{'bid': 540.32, 'ask': 540.45}","{'bid': 540.45, 'ask': 540.58}","{'bid': 538.93, 'ask': 539.05}",3334,539.27,540.45,538.93,540.32
2025-04-14 18:30:00,2025-04-14T19:30:00,2025-04-14T18:30:00,"{'bid': 540.32, 'ask': 540.44}","{'bid': 541.14, 'ask': 541.26}","{'bid': 541.24, 'ask': 541.36}","{'bid': 540.0, 'ask': 540.15}",3441,540.32,541.24,540.0,541.14
2025-04-14 18:45:00,2025-04-14T19:45:00,2025-04-14T18:45:00,"{'bid': 541.15, 'ask': 541.27}","{'bid': 540.7, 'ask': 540.82}","{'bid': 541.22, 'ask': 541.35}","{'bid': 540.33, 'ask': 540.47}",3793,541.15,541.22,540.33,540.7
2025-04-14 19:00:00,2025-04-14T20:00:00,2025-04-14T19:00:00,"{'bid': 540.71, 'ask': 540.84}","{'bid': 542.28, 'ask': 542.42}","{'bid': 542.52, 'ask': 542.65}","{'bid': 540.58, 'ask': 540.71}",3536,540.71,542.52,540.58,542.28
2025-04-14 19:15:00,2025-04-14T20:15:00,2025-04-14T19:15:00,"{'bid': 542.28, 'ask': 542.41}","{'bid': 541.26, 'ask': 541.38}","{'bid': 542.29, 'ask': 542.42}","{'bid': 540.96, 'ask': 541.09}",4698,542.28,542.29,540.96,541.26
2025-04-14 19:30:00,2025-04-14T20:30:00,2025-04-14T19:30:00,"{'bid': 541.27, 'ask': 541.39}","{'bid': 541.6, 'ask': 541.73}","{'bid': 542.07, 'ask': 542.19}","{'bid': 540.6, 'ask': 540.72}",5084,541.27,542.07,540.6,541.6
2025-04-14 19:45:00,2025-04-14T20:45:00,2025-04-14T19:45:00,"{'bid': 541.59, 'ask': 541.72}","{'bid': 538.86, 'ask': 538.98}","{'bid': 541.74, 'ask': 541.87}","{'bid': 538.3, 'ask': 538.42}",7158,541.59,541.74,538.3,538.86
2025-04-14 20:00:00,2025-04-14T21:00:00,2025-04-14T20:00:00,"{'bid': 538.87, 'ask': 538.99}","{'bid': 538.39, 'ask': 538.54}","{'bid': 539.44, 'ask': 539.87}","{'bid': 537.25, 'ask': 537.95}",2612,538.87,539.44,537.25,538.39
2025-04-14 20:15:00,2025-04-14T21:15:00,2025-04-14T20:15:00,"{'bid': 538.35, 'ask': 538.52}","{'bid': 536.37, 'ask': 536.55}","{'bid': 538.53, 'ask': 539.01}","{'bid': 534.85, 'ask': 535.41}",2984,538.35,538.53,534.85,536.37
2025-04-14 20:30:00,2025-04-14T21:30:00,2025-04-14T20:30:00,"{'bid': 536.38, 'ask': 536.55}","{'bid': 537.28, 'ask': 537.45}","{'bid': 537.89, 'ask': 538.38}","{'bid': 536.27, 'ask': 536.55}",1811,536.38,537.89,536.27,537.28
2025-04-14 20:45:00,2025-04-14T21:45:00,2025-04-14T20:45:00,"{'bid': 537.28, 'ask': 537.47}","{'bid': 537.85, 'ask': 538.12}","{'bid': 538.09, 'ask': 538.3}","{'bid': 536.95, 'ask': 537.35}",1026,537.28,538.09,536.95,537.85
2025-04-14 21:00:00,2025-04-14T22:00:00,2025-04-14T21:00:00,"{'bid': 537.53, 'ask': 538.12}","{'bid': 537.68, 'ask': 537.95}","{'bid': 538.01, 'ask': 538.3}","{'bid': 537.53, 'ask': 537.87}",27,537.53,538.01,537.53,537.68
2025-04-14 21:15:00,2025-04-14T22:15:00,2025-04-14T21:15:00,"{'bid': 537.56, 'ask': 537.83}","{'bid': 537.8, 'ask': 537.94}","{'bid': 537.86, 'ask': 538.05}","{'bid': 537.35, 'ask': 537.63}",62,537.56,537.86,537.35,537.8
2025-04-14 21:30:00,2025-04-14T22:30:00,2025-04-14T21:30:00,"{'bid': 537.8, 'ask': 537.95}","{'bid': 538.0, 'ask': 538.45}","{'bid': 538.36, 'ask': 538.49}","{'bid': 537.8, 'ask': 537.95}",66,537.8,538.36,537.8,538.0
2025-04-14 21:45:00,2025-04-14T22:45:00,2025-04-14T21:45:00,"{'bid': 538.31, 'ask': 538.45}","{'bid': 538.1, 'ask': 538.3}","{'bid': 538.4, 'ask': 538.54}","{'bid': 538.0, 'ask': 538.24}",111,538.31,538.4,538.0,538.1
2025-04-14 22:00:00,2025-04-14T23:00:00,2025-04-14T22:00:00,"{'bid': 538.09, 'ask': 538.3}","{'bid': 537.24, 'ask': 537.49}","{'bid': 538.16, 'ask': 538.3}","{'bid': 537.1, 'ask': 537.22}",803,538.09,538.16,537.1,537.24
2025-04-14 22:15:00,2025-04-14T23:15:00,2025-04-14T22:15:00,"{'bid': 537.31, 'ask': 537.49}","{'bid': 536.52, 'ask': 536.77}","{'bid': 537.59, 'ask': 537.89}","{'bid': 536.35, 'ask': 536.72}",633,537.31,537.59,536.35,536.52
2025-04-14 22:30:00,2025-04-14T23:30:00,2025-04-14T22:30:00,"{'bid': 536.52, 'ask': 536.76}","{'bid': 536.89, 'ask': 537.13}","{'bid': 537.16, 'ask': 537.65}","{'bid': 536.35, 'ask': 536.65}",653,536.52,537.16,536.35,536.89
2025-04-14 22:45:00,2025-04-14T23:45:00,2025-04-14T22:45:00,"{'bid': 536.88, 'ask': 537.12}","{'bid': 536.2, 'ask': 536.35}","{'bid': 536.89, 'ask': 537.23}","{'bid': 535.75, 'ask': 536.25}",696,536.88,536.89,535.75,536.2
2025-04-14 23:00:00,2025-04-15T00:00:00,2025-04-14T23:00:00,"{'bid': 536.19, 'ask': 536.35}","{'bid': 536.7, 'ask': 536.93}","{'bid': 536.82, 'ask': 537.34}","{'bid': 535.84, 'ask': 536.29}",655,536.19,536.82,535.84,536.7
2025-04-14 23:15:00,2025-04-15T00:15:00,2025-04-14T23:15:00,"{'bid': 536.69, 'ask': 536.92}","{'bid': 537.05, 'ask': 537.26}","{'bid': 537.25, 'ask': 537.65}","{'bid': 536.63, 'ask': 536.8}",565,536.69,537.25,536.63,537.05
2025-04-14 23:30:00,2025-04-15T00:30:00,2025-04-14T23:30:00,"{'bid': 537.07, 'ask': 537.31}","{'bid': 536.48, 'ask': 536.73}","{'bid': 537.44, 'ask': 537.65}","{'bid': 536.15, 'ask': 536.58}",746,537.07,537.44,536.15,536.48
2025-04-14 23:45:00,2025-04-15T00:45:00,2025-04-14T23:45:00,"{'bid': 536.48, 'ask': 536.74}","{'bid': 536.81, 'ask': 536.99}","{'bid': 536.84, 'ask': 537.05}","{'bid': 536.15, 'ask': 536.53}",824,536.48,536.84,536.15,536.81
2025-04-15 08:00:00,2025-04-15T09:00:00,2025-04-15T08:00:00,"{'bid': 540.57, 'ask': 540.88}","{'bid': 540.26, 'ask': 540.47}","{'bid': 540.76, 'ask': 541.01}","{'bid': 539.05, 'ask': 539.36}",2610,540.57,540.76,539.05,540.26
2025-04-15 08:15:00,2025-04-15T09:15:00,2025-04-15T08:15:00,"{'bid': 540.28, 'ask': 540.48}","{'bid': 539.78, 'ask': 539.99}","{'bid': 540.61, 'ask': 540.95}","{'bid': 539.43, 'ask': 539.91}",1575,540.28,540.61,539.43,539.78
2025-04-15 08:30:00,2025-04-15T09:30:00,2025-04-15T08:30:00,"{'bid': 539.79, 'ask': 539.99}","{'bid': 539.85, 'ask': 540.06}","{'bid': 540.23, 'ask': 540.55}","{'bid': 538.95, 'ask': 539.2}",1865,539.79,540.23,538.95,539.85
2025-04-15 08:45:00,2025-04-15T09:45:00,2025-04-15T08:45:00,"{'bid': 539.86, 'ask': 540.06}","{'bid': 539.84, 'ask': 540.05}","{'bid': 540.01, 'ask': 540.35}","{'bid': 539.05, 'ask': 539.58}",1327,539.86,540.01,539.05,539.84
2025-04-15 09:00:00,2025-04-15T10:00:00,2025-04-15T09:00:00,"{'bid': 539.87, 'ask': 540.1}","{'bid': 539.22, 'ask': 539.43}","{'bid': 539.87, 'ask': 540.34}","{'bid': 539.05, 'ask': 539.42}",1290,539.87,539.87,539.05,539.22
2025-04-15 09:15:00,2025-04-15T10:15:00,2025-04-15T09:15:00,"{'bid': 539.23, 'ask': 539.44}","{'bid': 540.4, 'ask': 540.63}","{'bid': 540.52, 'ask': 540.91}","{'bid': 538.95, 'ask': 539.19}",1370,539.23,540.52,538.95,540.4
2025-04-15 09:30:00,2025-04-15T10:30:00,2025-04-15T09:30:00,"{'bid': 540.39, 'ask': 540.63}","{'bid': 538.94, 'ask': 539.16}","{'bid': 540.59, 'ask': 541.05}","{'bid': 538.57, 'ask': 539.08}",1278,540.39,540.59,538.57,538.94
2025-04-15 09:45:00,2025-04-15T10:45:00,2025-04-15T09:45:00,"{'bid': 538.95, 'ask': 539.13}","{'bid': 539.25, 'ask': 539.44}","{'bid': 539.27, 'ask': 539.75}","{'bid': 538.49, 'ask': 538.96}",1147,538.95,539.27,538.49,539.25
2025-04-15 10:00:00,2025-04-15T11:00:00,2025-04-15T10:00:00,"{'bid': 539.24, 'ask': 539.43}","{'bid': 539.88, 'ask': 540.15}","{'bid': 540.06, 'ask': 540.35}","{'bid': 538.45, 'ask': 539.06}",1068,539.24,540.06,538.45,539.88
2025-04-15 10:15:00,2025-04-15T11:15:00,2025-04-15T10:15:00,"{'bid': 539.92, 'ask': 540.14}","{'bid': 539.9, 'ask': 540.12}","{'bid': 540.24, 'ask': 540.65}","{'bid': 539.36, 'ask': 539.89}",991,539.92,540.24,539.36,539.9
2025-04-15 10:30:00,2025-04-15T11:30:00,2025-04-15T10:30:00,"{'bid': 539.91, 'ask': 540.15}","{'bid': 539.12, 'ask': 539.32}","{'bid': 540.18, 'ask': 540.65}","{'bid': 538.75, 'ask': 539.32}",1122,539.91,540.18,538.75,539.12
2025-04-15 10:45:00,2025-04-15T11:45:00,2025-04-15T10:45:00,"{'bid': 539.14, 'ask': 539.33}","{'bid': 539.61, 'ask': 539.81}","{'bid': 539.63, 'ask': 540.05}","{'bid': 538.5, 'ask': 538.82}",1190,539.14,539.63,538.5,539.61
2025-04-15 11:00:00,2025-04-15T12:00:00,2025-04-15T11:00:00,"{'bid': 539.61, 'ask': 539.8}","{'bid': 539.0, 'ask': 539.2}","{'bid': 539.88, 'ask': 540.35}","{'bid': 538.77, 'ask': 539.18}",1321,539.61,539.88,538.77,539.0
2025-04-15 11:15:00,2025-04-15T12:15:00,2025-04-15T11:15:00,"{'bid': 539.02, 'ask': 539.22}","{'bid': 539.46, 'ask': 539.66}","{'bid': 539.83, 'ask': 540.25}","{'bid': 538.75, 'ask': 539.22}",1050,539.02,539.83,538.75,539.46
2025-04-15 11:30:00,2025-04-15T12:30:00,2025-04-15T11:30:00,"{'bid': 539.47, 'ask': 539.66}","{'bid': 538.19, 'ask': 538.41}","{'bid': 539.92, 'ask': 540.35}","{'bid': 538.04, 'ask': 538.39}",1648,539.47,539.92,538.04,538.19
2025-04-15 11:45:00,2025-04-15T12:45:00,2025-04-15T11:45:00,"{'bid': 538.17, 'ask': 538.41}","{'bid': 537.24, 'ask': 537.47}","{'bid': 538.32, 'ask': 538.85}","{'bid': 536.35, 'ask': 536.91}",2844,538.17,538.32,536.35,537.24
2025-04-15 12:00:00,2025-04-15T13:00:00,2025-04-15T12:00:00,"{'bid': 537.27, 'ask': 537.5}","{'bid': 537.77, 'ask': 537.94}","{'bid': 538.15, 'ask': 538.66}","{'bid': 536.95, 'ask': 537.29}",2438,537.27,538.15,536.95,537.77
2025-04-15 12:15:00,2025-04-15T13:15:00,2025-04-15T12:15:00,"{'bid': 537.77, 'ask': 537.92}","{'bid': 536.36, 'ask': 536.81}","{'bid': 537.77, 'ask': 538.18}","{'bid': 536.02, 'ask': 536.21}",3093,537.77,537.77,536.02,536.36
2025-04-15 12:30:00,2025-04-15T13:30:00,2025-04-15T12:30:00,"{'bid': 536.36, 'ask': 536.87}","{'bid': 537.95, 'ask': 538.11}","{'bid': 538.01, 'ask': 538.24}","{'bid': 536.36, 'ask': 536.82}",2107,536.36,538.01,536.36,537.95
2025-04-15 12:45:00,2025-04-15T13:45:00,2025-04-15T12:45:00,"{'bid': 537.92, 'ask': 538.08}","{'bid': 538.1, 'ask': 538.26}","{'bid': 538.28, 'ask': 538.71}","{'bid': 537.15, 'ask': 537.44}",1925,537.92,538.28,537.15,538.1
2025-04-15 13:00:00,2025-04-15T14:00:00,2025-04-15T13:00:00,"{'bid': 538.11, 'ask': 538.27}","{'bid': 538.64, 'ask': 538.81}","{'bid': 539.06, 'ask': 539.45}","{'bid': 537.85, 'ask': 538.27}",1836,538.11,539.06,537.85,538.64
2025-04-15 13:15:00,2025-04-15T14:15:00,2025-04-15T13:15:00,"{'bid': 538.65, 'ask': 538.81}","{'bid': 539.63, 'ask': 539.84}","{'bid': 539.63, 'ask': 540.05}","{'bid': 538.15, 'ask': 538.66}",1780,538.65,539.63,538.15,539.63
2025-04-15 13:30:00,2025-04-15T14:30:00,2025-04-15T13:30:00,"{'bid': 539.61, 'ask': 539.79}","{'bid': 541.7, 'ask': 541.84}","{'bid': 542.14, 'ask': 542.27}","{'bid': 539.18, 'ask': 539.31}",7600,539.61,542.14,539.18,541.7
2025-04-15 13:45:00,2025-04-15T14:45:00,2025-04-15T13:45:00,"{'bid': 541.71, 'ask': 541.85}","{'bid': 541.43, 'ask': 541.55}","{'bid': 542.86, 'ask': 543.0}","{'bid': 540.95, 'ask': 541.07}",6054,541.71,542.86,540.95,541.43
2025-04-15 14:00:00,2025-04-15T15:00:00,2025-04-15T14:00:00,"{'bid': 541.42, 'ask': 541.55}","{'bid': 541.68, 'ask': 541.8}","{'bid': 543.16, 'ask': 543.29}","{'bid': 541.18, 'ask': 541.31}",5854,541.42,543.16,541.18,541.68
2025-04-15 14:15:00,2025-04-15T15:15:00,2025-04-15T14:15:00,"{'bid': 541.67, 'ask': 541.81}","{'bid': 539.35, 'ask': 539.49}","{'bid': 542.49, 'ask': 542.61}","{'bid': 538.09, 'ask': 538.23}",7574,541.67,542.49,538.09,539.35
2025-04-15 14:30:00,2025-04-15T15:30:00,2025-04-15T14:30:00,"{'bid': 539.34, 'ask': 539.49}","{'bid': 541.6, 'ask': 541.73}","{'bid': 541.8, 'ask': 541.94}","{'bid': 539.27, 'ask': 539.41}",5336,539.34,541.8,539.27,541.6
2025-04-15 14:45:00,2025-04-15T15:45:00,2025-04-15T14:45:00,"{'bid': 541.61, 'ask': 541.74}","{'bid': 540.51, 'ask': 540.67}","{'bid': 541.76, 'ask': 541.89}","{'bid': 538.97, 'ask': 539.21}",5457,541.61,541.76,538.97,540.51
2025-04-15 15:00:00,2025-04-15T16:00:00,2025-04-15T15:00:00,"{'bid': 540.53, 'ask': 540.7}","{'bid': 541.37, 'ask': 541.51}","{'bid': 541.56, 'ask': 541.69}","{'bid': 540.35, 'ask': 540.48}",4405,540.53,541.56,540.35,541.37
2025-04-15 15:15:00,2025-04-15T16:15:00,2025-04-15T15:15:00,"{'bid': 541.39, 'ask': 541.54}","{'bid': 540.13, 'ask': 540.28}","{'bid': 541.95, 'ask': 542.09}","{'bid': 540.09, 'ask': 540.22}",3668,541.39,541.95,540.09,540.13
2025-04-15 15:30:00,2025-04-15T16:30:00,2025-04-15T15:30:00,"{'bid': 540.16, 'ask': 540.3}","{'bid': 540.29, 'ask': 540.44}","{'bid': 541.46, 'ask': 541.59}","{'bid': 539.69, 'ask': 539.82}",4132,540.16,541.46,539.69,540.29
2025-04-15 15:45:00,2025-04-15T16:45:00,2025-04-15T15:45:00,"{'bid': 540.28, 'ask': 540.43}","{'bid': 540.92, 'ask': 541.07}","{'bid': 541.22, 'ask': 541.36}","{'bid': 539.38, 'ask': 539.51}",3913,540.28,541.22,539.38,540.92
2025-04-15 16:00:00,2025-04-15T17:00:00,2025-04-15T16:00:00,"{'bid': 540.95, 'ask': 541.08}","{'bid': 540.84, 'ask': 540.98}","{'bid': 541.52, 'ask': 541.67}","{'bid': 540.45, 'ask': 540.58}",2973,540.95,541.52,540.45,540.84
2025-04-15 16:15:00,2025-04-15T17:15:00,2025-04-15T16:15:00,"{'bid': 540.87, 'ask': 541.0}","{'bid': 540.91, 'ask': 541.05}","{'bid': 541.55, 'ask': 541.67}","{'bid': 540.31, 'ask': 540.43}",2910,540.87,541.55,540.31,540.91
2025-04-15 16:30:00,2025-04-15T17:30:00,2025-04-15T16:30:00,"{'bid': 540.92, 'ask': 541.06}","{'bid': 540.61, 'ask': 540.75}","{'bid': 541.36, 'ask': 541.5}","{'bid': 539.91, 'ask': 540.04}",2589,540.92,541.36,539.91,540.61
2025-04-15 16:45:00,2025-04-15T17:45:00,2025-04-15T16:45:00,"{'bid': 540.63, 'ask': 540.75}","{'bid': 538.97, 'ask': 539.1}","{'bid': 541.07, 'ask': 541.2}","{'bid': 538.41, 'ask': 538.56}",2921,540.63,541.07,538.41,538.97
2025-04-15 17:00:00,2025-04-15T18:00:00,2025-04-15T17:00:00,"{'bid': 538.95, 'ask': 539.08}","{'bid': 539.28, 'ask': 539.4}","{'bid': 539.84, 'ask': 539.96}","{'bid': 538.39, 'ask': 538.53}",3118,538.95,539.84,538.39,539.28
2025-04-15 17:15:00,2025-04-15T18:15:00,2025-04-15T17:15:00,"{'bid': 539.27, 'ask': 539.39}","{'bid': 537.72, 'ask': 537.86}","{'bid': 539.37, 'ask': 539.52}","{'bid': 537.32, 'ask': 537.45}",3771,539.27,539.37,537.32,537.72
2025-04-15 17:30:00,2025-04-15T18:30:00,2025-04-15T17:30:00,"{'bid': 537.7, 'ask': 537.83}","{'bid': 538.75, 'ask': 538.88}","{'bid': 539.18, 'ask': 539.31}","{'bid': 537.54, 'ask': 537.67}",3355,537.7,539.18,537.54,538.75
2025-04-15 17:45:00,2025-04-15T18:45:00,2025-04-15T17:45:00,"{'bid': 538.75, 'ask': 538.9}","{'bid': 538.25, 'ask': 538.37}","{'bid': 539.0, 'ask': 539.13}","{'bid': 537.32, 'ask': 537.45}",3418,538.75,539.0,537.32,538.25
2025-04-15 18:00:00,2025-04-15T19:00:00,2025-04-15T18:00:00,"{'bid': 538.24, 'ask': 538.37}","{'bid': 537.29, 'ask': 537.43}","{'bid': 538.71, 'ask': 538.84}","{'bid': 536.99, 'ask': 537.12}",3572,538.24,538.71,536.99,537.29
2025-04-15 18:15:00,2025-04-15T19:15:00,2025-04-15T18:15:00,"{'bid': 537.26, 'ask': 537.4}","{'bid': 537.42, 'ask': 537.56}","{'bid': 537.99, 'ask': 538.12}","{'bid': 536.75, 'ask': 536.88}",3285,537.26,537.99,536.75,537.42
2025-04-15 18:30:00,2025-04-15T19:30:00,2025-04-15T18:30:00,"{'bid': 537.4, 'ask': 537.53}","{'bid': 538.59, 'ask': 538.73}","{'bid': 538.64, 'ask': 538.77}","{'bid': 537.36, 'ask': 537.49}",3131,537.4,538.64,537.36,538.59
2025-04-15 18:45:00,2025-04-15T19:45:00,2025-04-15T18:45:00,"{'bid': 538.59, 'ask': 538.72}","{'bid': 538.57, 'ask': 538.7}","{'bid': 539.15, 'ask': 539.27}","{'bid': 537.95, 'ask': 538.07}",2706,538.59,539.15,537.95,538.57
2025-04-15 19:00:00,2025-04-15T20:00:00,2025-04-15T19:00:00,"{'bid': 538.59, 'ask': 538.71}","{'bid': 538.92, 'ask': 539.04}","{'bid': 539.13, 'ask': 539.26}","{'bid': 537.97, 'ask': 538.09}",2822,538.59,539.13,537.97,538.92
2025-04-15 19:15:00,2025-04-15T20:15:00,2025-04-15T19:15:00,"{'bid': 538.9, 'ask': 539.03}","{'bid': 538.28, 'ask': 538.4}","{'bid': 539.22, 'ask': 539.35}","{'bid': 537.7, 'ask': 537.83}",2908,538.9,539.22,537.7,538.28
2025-04-15 19:30:00,2025-04-15T20:30:00,2025-04-15T19:30:00,"{'bid': 538.29, 'ask': 538.42}","{'bid': 538.05, 'ask': 538.18}","{'bid': 538.6, 'ask': 538.73}","{'bid': 537.73, 'ask': 537.86}",3629,538.29,538.6,537.73,538.05
2025-04-15 19:45:00,2025-04-15T20:45:00,2025-04-15T19:45:00,"{'bid': 538.03, 'ask': 538.15}","{'bid': 537.76, 'ask': 537.88}","{'bid': 538.66, 'ask': 538.8}","{'bid': 537.08, 'ask': 537.21}",4973,538.03,538.66,537.08,537.76
2025-04-15 20:00:00,2025-04-15T21:00:00,2025-04-15T20:00:00,"{'bid': 537.75, 'ask': 537.87}","{'bid': 537.62, 'ask': 537.76}","{'bid': 538.21, 'ask': 538.55}","{'bid': 537.46, 'ask': 537.62}",1857,537.75,538.21,537.46,537.62
2025-04-15 20:15:00,2025-04-15T21:15:00,2025-04-15T20:15:00,"{'bid': 537.61, 'ask': 537.76}","{'bid': 537.13, 'ask': 537.28}","{'bid': 537.74, 'ask': 538.14}","{'bid': 537.06, 'ask': 537.19}",466,537.61,537.74,537.06,537.13
2025-04-15 20:30:00,2025-04-15T21:30:00,2025-04-15T20:30:00,"{'bid': 537.13, 'ask': 537.27}","{'bid': 537.43, 'ask': 537.58}","{'bid': 537.48, 'ask': 537.89}","{'bid': 536.94, 'ask': 537.07}",580,537.13,537.48,536.94,537.43
2025-04-15 20:45:00,2025-04-15T21:45:00,2025-04-15T20:45:00,"{'bid': 537.43, 'ask': 537.57}","{'bid': 537.35, 'ask': 537.5}","{'bid': 537.43, 'ask': 537.57}","{'bid': 536.95, 'ask': 537.24}",372,537.43,537.43,536.95,537.35
2025-04-15 21:00:00,2025-04-15T22:00:00,2025-04-15T21:00:00,"{'bid': 537.35, 'ask': 537.65}","{'bid': 537.79, 'ask': 538.25}","{'bid': 537.95, 'ask': 538.25}","{'bid': 537.3, 'ask': 537.48}",101,537.35,537.95,537.3,537.79
2025-04-15 21:15:00,2025-04-15T22:15:00,2025-04-15T21:15:00,"{'bid': 538.1, 'ask': 538.35}","{'bid': 537.52, 'ask': 537.8}","{'bid': 538.1, 'ask': 538.35}","{'bid': 537.41, 'ask': 537.66}",82,538.1,538.1,537.41,537.52
2025-04-15 21:30:00,2025-04-15T22:30:00,2025-04-15T21:30:00,"{'bid': 537.51, 'ask': 537.8}","{'bid': 536.11, 'ask': 536.27}","{'bid': 537.51, 'ask': 537.92}","{'bid': 535.95, 'ask': 536.19}",193,537.51,537.51,535.95,536.11
2025-04-15 21:45:00,2025-04-15T22:45:00,2025-04-15T21:45:00,"{'bid': 536.15, 'ask': 536.27}","{'bid': 535.1, 'ask': 535.36}","{'bid': 536.2, 'ask': 536.47}","{'bid': 534.98, 'ask': 535.25}",213,536.15,536.2,534.98,535.1
2025-04-15 22:00:00,2025-04-15T23:00:00,2025-04-15T22:00:00,"{'bid': 535.02, 'ask': 535.23}","{'bid': 533.42, 'ask': 533.69}","{'bid': 535.02, 'ask': 535.23}","{'bid': 532.15, 'ask': 532.6}",1616,535.02,535.02,532.15,533.42
2025-04-15 22:15:00,2025-04-15T23:15:00,2025-04-15T22:15:00,"{'bid': 533.42, 'ask': 533.7}","{'bid': 534.03, 'ask': 534.24}","{'bid': 534.17, 'ask': 534.65}","{'bid': 533.1, 'ask': 533.35}",1130,533.42,534.17,533.1,534.03
2025-04-15 22:30:00,2025-04-15T23:30:00,2025-04-15T22:30:00,"{'bid': 534.03, 'ask': 534.23}","{'bid': 533.88, 'ask': 534.09}","{'bid': 534.26, 'ask': 534.7}","{'bid': 533.35, 'ask': 533.83}",871,534.03,534.26,533.35,533.88
2025-04-15 22:45:00,2025-04-15T23:45:00,2025-04-15T22:45:00,"{'bid': 533.89, 'ask': 534.09}","{'bid': 533.8, 'ask': 534.03}","{'bid': 533.98, 'ask': 534.35}","{'bid': 533.1, 'ask': 533.64}",764,533.89,533.98,533.1,533.8
2025-04-15 23:00:00,2025-04-16T00:00:00,2025-04-15T23:00:00,"{'bid': 533.77, 'ask': 534.02}","{'bid': 533.36, 'ask': 533.56}","{'bid': 534.0, 'ask': 534.62}","{'bid': 532.96, 'ask': 533.27}",802,533.77,534.0,532.96,533.36
2025-04-15 23:15:00,2025-04-16T00:15:00,2025-04-15T23:15:00,"{'bid': 533.34, 'ask': 533.55}","{'bid': 533.35, 'ask': 533.57}","{'bid': 533.5, 'ask': 534.05}","{'bid': 533.04, 'ask': 533.26}",644,533.34,533.5,533.04,533.35
2025-04-15 23:30:00,2025-04-16T00:30:00,2025-04-15T23:30:00,"{'bid': 533.36, 'ask': 533.57}","{'bid': 533.26, 'ask': 533.48}","{'bid': 533.52, 'ask': 534.04}","{'bid': 532.15, 'ask': 532.89}",778,533.36,533.52,532.15,533.26
2025-04-15 23:45:00,2025-04-16T00:45:00,2025-04-15T23:45:00,"{'bid': 533.25, 'ask': 533.48}","{'bid': 533.4, 'ask': 533.63}","{'bid': 533.54, 'ask': 533.75}","{'bid': 532.93, 'ask': 533.15}",665,533.25,533.54,532.93,533.4
2025-04-16 08:00:00,2025-04-16T09:00:00,2025-04-16T08:00:00,"{'bid': 529.45, 'ask': 530.14}","{'bid': 529.59, 'ask': 529.79}","{'bid': 530.14, 'ask': 530.66}","{'bid': 528.95, 'ask': 529.42}",1661,529.45,530.14,528.95,529.59
2025-04-16 08:15:00,2025-04-16T09:15:00,2025-04-16T08:15:00,"{'bid': 529.62, 'ask': 529.81}","{'bid': 532.87, 'ask': 533.21}","{'bid': 534.97, 'ask': 535.55}","{'bid': 529.16, 'ask': 529.61}",2150,529.62,534.97,529.16,532.87
2025-04-16 08:30:00,2025-04-16T09:30:00,2025-04-16T08:30:00,"{'bid': 532.87, 'ask': 533.22}","{'bid': 536.32, 'ask': 536.52}","{'bid': 537.31, 'ask': 537.84}","{'bid': 532.81, 'ask': 533.08}",4014,532.87,537.31,532.81,536.32
2025-04-16 08:45:00,2025-04-16T09:45:00,2025-04-16T08:45:00,"{'bid': 536.31, 'ask': 536.51}","{'bid': 533.81, 'ask': 534.02}","{'bid': 536.31, 'ask': 536.72}","{'bid': 533.45, 'ask': 533.74}",3089,536.31,536.31,533.45,533.81
2025-04-16 09:00:00,2025-04-16T10:00:00,2025-04-16T09:00:00,"{'bid': 533.81, 'ask': 534.05}","{'bid': 533.99, 'ask': 534.21}","{'bid': 534.31, 'ask': 534.72}","{'bid': 533.05, 'ask': 533.55}",2368,533.81,534.31,533.05,533.99
2025-04-16 09:15:00,2025-04-16T10:15:00,2025-04-16T09:15:00,"{'bid': 534.0, 'ask': 534.21}","{'bid': 534.57, 'ask': 534.79}","{'bid': 535.28, 'ask': 535.83}","{'bid': 533.65, 'ask': 534.05}",2055,534.0,535.28,533.65,534.57
2025-04-16 09:30:00,2025-04-16T10:30:00,2025-04-16T09:30:00,"{'bid': 534.56, 'ask': 534.79}","{'bid': 534.27, 'ask': 534.51}","{'bid': 534.88, 'ask': 535.25}","{'bid': 533.65, 'ask': 534.32}",1521,534.56,534.88,533.65,534.27
2025-04-16 09:45:00,2025-04-16T10:45:00,2025-04-16T09:45:00,"{'bid': 534.28, 'ask': 534.52}","{'bid': 533.12, 'ask': 533.35}","{'bid': 534.52, 'ask': 534.95}","{'bid': 532.8, 'ask': 533.32}",1269,534.28,534.52,532.8,533.12
2025-04-16 10:00:00,2025-04-16T11:00:00,2025-04-16T10:00:00,"{'bid': 533.12, 'ask': 533.36}","{'bid': 533.67, 'ask': 533.87}","{'bid': 534.48, 'ask': 534.95}","{'bid': 532.75, 'ask': 533.32}",1512,533.12,534.48,532.75,533.67
2025-04-16 10:15:00,2025-04-16T11:15:00,2025-04-16T10:15:00,"{'bid': 533.65, 'ask': 533.85}","{'bid': 533.88, 'ask': 534.08}","{'bid': 534.44, 'ask': 534.95}","{'bid': 533.35, 'ask': 533.73}",1621,533.65,534.44,533.35,533.88
2025-04-16 10:30:00,2025-04-16T11:30:00,2025-04-16T10:30:00,"{'bid': 533.86, 'ask': 534.06}","{'bid': 533.54, 'ask': 533.78}","{'bid': 533.9, 'ask': 534.35}","{'bid': 532.75, 'ask': 533.17}",1311,533.86,533.9,532.75,533.54
2025-04-16 10:45:00,2025-04-16T11:45:00,2025-04-16T10:45:00,"{'bid': 533.57, 'ask': 533.77}","{'bid': 533.67, 'ask': 533.87}","{'bid': 533.86, 'ask': 534.35}","{'bid': 533.05, 'ask': 533.55}",1289,533.57,533.86,533.05,533.67
2025-04-16 11:00:00,2025-04-16T12:00:00,2025-04-16T11:00:00,"{'bid': 533.65, 'ask': 533.86}","{'bid': 533.51, 'ask': 533.7}","{'bid': 533.85, 'ask': 534.35}","{'bid': 532.45, 'ask': 533.01}",1725,533.65,533.85,532.45,533.51
2025-04-16 11:15:00,2025-04-16T12:15:00,2025-04-16T11:15:00,"{'bid': 533.52, 'ask': 533.7}","{'bid': 533.51, 'ask': 533.73}","{'bid': 533.76, 'ask': 534.35}","{'bid': 532.75, 'ask': 533.34}",1152,533.52,533.76,532.75,533.51
2025-04-16 11:30:00,2025-04-16T12:30:00,2025-04-16T11:30:00,"{'bid': 533.53, 'ask': 533.73}","{'bid': 534.09, 'ask': 534.31}","{'bid': 534.26, 'ask': 534.65}","{'bid': 533.05, 'ask': 533.49}",1116,533.53,534.26,533.05,534.09
2025-04-16 11:45:00,2025-04-16T12:45:00,2025-04-16T11:45:00,"{'bid': 534.09, 'ask': 534.3}","{'bid': 533.6, 'ask': 533.8}","{'bid': 534.39, 'ask': 534.89}","{'bid': 533.05, 'ask': 533.65}",1132,534.09,534.39,533.05,533.6
2025-04-16 12:00:00,2025-04-16T13:00:00,2025-04-16T12:00:00,"{'bid': 533.55, 'ask': 533.75}","{'bid': 533.51, 'ask': 533.68}","{'bid': 534.11, 'ask': 534.51}","{'bid': 533.2, 'ask': 533.37}",1638,533.55,534.11,533.2,533.51
2025-04-16 12:15:00,2025-04-16T13:15:00,2025-04-16T12:15:00,"{'bid': 533.52, 'ask': 533.69}","{'bid': 533.51, 'ask': 533.91}","{'bid': 534.03, 'ask': 534.35}","{'bid': 533.2, 'ask': 533.57}",1390,533.52,534.03,533.2,533.51
2025-04-16 12:30:00,2025-04-16T13:30:00,2025-04-16T12:30:00,"{'bid': 533.51, 'ask': 534.0}","{'bid': 532.85, 'ask': 533.01}","{'bid': 534.07, 'ask': 535.05}","{'bid': 532.45, 'ask': 532.78}",2489,533.51,534.07,532.45,532.85
2025-04-16 12:45:00,2025-04-16T13:45:00,2025-04-16T12:45:00,"{'bid': 532.84, 'ask': 533.01}","{'bid': 532.49, 'ask': 532.67}","{'bid': 532.97, 'ask': 533.44}","{'bid': 532.15, 'ask': 532.43}",2114,532.84,532.97,532.15,532.49
2025-04-16 13:00:00,2025-04-16T14:00:00,2025-04-16T13:00:00,"{'bid': 532.5, 'ask': 532.67}","{'bid': 532.06, 'ask': 532.22}","{'bid': 532.64, 'ask': 533.15}","{'bid': 531.4, 'ask': 531.69}",2752,532.5,532.64,531.4,532.06
2025-04-16 13:15:00,2025-04-16T14:15:00,2025-04-16T13:15:00,"{'bid': 532.06, 'ask': 532.23}","{'bid': 531.6, 'ask': 531.78}","{'bid': 532.34, 'ask': 532.85}","{'bid': 531.23, 'ask': 531.43}",2166,532.06,532.34,531.23,531.6
2025-04-16 13:30:00,2025-04-16T14:30:00,2025-04-16T13:30:00,"{'bid': 531.61, 'ask': 531.83}","{'bid': 532.43, 'ask': 532.58}","{'bid': 533.78, 'ask': 533.92}","{'bid': 531.25, 'ask': 531.69}",8285,531.61,533.78,531.25,532.43
2025-04-16 13:45:00,2025-04-16T14:45:00,2025-04-16T13:45:00,"{'bid': 532.46, 'ask': 532.61}","{'bid': 529.84, 'ask': 529.98}","{'bid': 532.69, 'ask': 532.83}","{'bid': 529.84, 'ask': 529.98}",6824,532.46,532.69,529.84,529.84
2025-04-16 14:00:00,2025-04-16T15:00:00,2025-04-16T14:00:00,"{'bid': 529.83, 'ask': 529.97}","{'bid': 530.1, 'ask': 530.23}","{'bid': 531.51, 'ask': 531.65}","{'bid': 529.6, 'ask': 529.74}",6135,529.83,531.51,529.6,530.1
2025-04-16 14:15:00,2025-04-16T15:15:00,2025-04-16T14:15:00,"{'bid': 530.12, 'ask': 530.24}","{'bid': 531.69, 'ask': 531.83}","{'bid': 532.13, 'ask': 532.26}","{'bid': 529.91, 'ask': 530.04}",5119,530.12,532.13,529.91,531.69
2025-04-16 14:30:00,2025-04-16T15:30:00,2025-04-16T14:30:00,"{'bid': 531.67, 'ask': 531.81}","{'bid': 532.67, 'ask': 532.82}","{'bid': 532.9, 'ask': 533.04}","{'bid': 531.24, 'ask': 531.37}",4806,531.67,532.9,531.24,532.67
2025-04-16 14:45:00,2025-04-16T15:45:00,2025-04-16T14:45:00,"{'bid': 532.67, 'ask': 532.8}","{'bid': 532.22, 'ask': 532.34}","{'bid': 532.68, 'ask': 532.8}","{'bid': 531.48, 'ask': 531.61}",4352,532.67,532.68,531.48,532.22
2025-04-16 15:00:00,2025-04-16T16:00:00,2025-04-16T15:00:00,"{'bid': 532.23, 'ask': 532.36}","{'bid': 532.63, 'ask': 532.76}","{'bid': 533.02, 'ask': 533.14}","{'bid': 531.65, 'ask': 531.78}",4374,532.23,533.02,531.65,532.63
2025-04-16 15:15:00,2025-04-16T16:15:00,2025-04-16T15:15:00,"{'bid': 532.65, 'ask': 532.78}","{'bid': 534.59, 'ask': 534.71}","{'bid': 535.03, 'ask': 535.15}","{'bid': 531.84, 'ask': 531.97}",4152,532.65,535.03,531.84,534.59
2025-04-16 15:30:00,2025-04-16T16:30:00,2025-04-16T15:30:00,"{'bid': 534.58, 'ask': 534.71}","{'bid': 533.21, 'ask': 533.33}","{'bid': 534.66, 'ask': 534.79}","{'bid': 533.05, 'ask': 533.17}",3504,534.58,534.66,533.05,533.21
2025-04-16 15:45:00,2025-04-16T16:45:00,2025-04-16T15:45:00,"{'bid': 533.21, 'ask': 533.34}","{'bid': 531.66, 'ask': 531.79}","{'bid': 533.37, 'ask': 533.5}","{'bid': 531.32, 'ask': 531.45}",3479,533.21,533.37,531.32,531.66
2025-04-16 16:00:00,2025-04-16T17:00:00,2025-04-16T16:00:00,"{'bid': 531.68, 'ask': 531.8}","{'bid': 531.44, 'ask': 531.57}","{'bid': 531.8, 'ask': 531.93}","{'bid': 530.7, 'ask': 530.83}",4341,531.68,531.8,530.7,531.44
2025-04-16 16:15:00,2025-04-16T17:15:00,2025-04-16T16:15:00,"{'bid': 531.43, 'ask': 531.55}","{'bid': 531.44, 'ask': 531.56}","{'bid': 531.74, 'ask': 531.86}","{'bid': 530.86, 'ask': 530.99}",3136,531.43,531.74,530.86,531.44
2025-04-16 16:30:00,2025-04-16T17:30:00,2025-04-16T16:30:00,"{'bid': 531.42, 'ask': 531.54}","{'bid': 531.41, 'ask': 531.54}","{'bid': 532.05, 'ask': 532.17}","{'bid': 530.46, 'ask': 530.59}",3393,531.42,532.05,530.46,531.41
2025-04-16 16:45:00,2025-04-16T17:45:00,2025-04-16T16:45:00,"{'bid': 531.41, 'ask': 531.53}","{'bid': 530.85, 'ask': 530.98}","{'bid': 531.52, 'ask': 531.64}","{'bid': 530.61, 'ask': 530.74}",3135,531.41,531.52,530.61,530.85
2025-04-16 17:00:00,2025-04-16T18:00:00,2025-04-16T17:00:00,"{'bid': 530.87, 'ask': 531.0}","{'bid': 530.5, 'ask': 530.63}","{'bid': 531.22, 'ask': 531.39}","{'bid': 530.16, 'ask': 530.29}",3710,530.87,531.22,530.16,530.5
2025-04-16 17:15:00,2025-04-16T18:15:00,2025-04-16T17:15:00,"{'bid': 530.5, 'ask': 530.62}","{'bid': 531.47, 'ask': 531.59}","{'bid': 531.67, 'ask': 531.79}","{'bid': 530.48, 'ask': 530.6}",3156,530.5,531.67,530.48,531.47
2025-04-16 17:30:00,2025-04-16T18:30:00,2025-04-16T17:30:00,"{'bid': 531.48, 'ask': 531.61}","{'bid': 527.21, 'ask': 527.33}","{'bid': 531.57, 'ask': 531.69}","{'bid': 526.68, 'ask': 526.81}",7066,531.48,531.57,526.68,527.21
2025-04-16 17:45:00,2025-04-16T18:45:00,2025-04-16T17:45:00,"{'bid': 527.19, 'ask': 527.31}","{'bid': 524.04, 'ask': 524.18}","{'bid': 527.19, 'ask': 527.31}","{'bid': 523.89, 'ask': 524.03}",6748,527.19,527.19,523.89,524.04
2025-04-16 18:00:00,2025-04-16T19:00:00,2025-04-16T18:00:00,"{'bid': 524.03, 'ask': 524.18}","{'bid': 526.03, 'ask': 526.16}","{'bid': 526.25, 'ask': 526.37}","{'bid': 523.98, 'ask': 524.12}",7460,524.03,526.25,523.98,526.03
2025-04-16 18:15:00,2025-04-16T19:15:00,2025-04-16T18:15:00,"{'bid': 526.03, 'ask': 526.15}","{'bid': 525.96, 'ask': 526.09}","{'bid': 526.76, 'ask': 526.88}","{'bid': 524.62, 'ask': 524.76}",5802,526.03,526.76,524.62,525.96
2025-04-16 18:30:00,2025-04-16T19:30:00,2025-04-16T18:30:00,"{'bid': 525.94, 'ask': 526.07}","{'bid': 523.86, 'ask': 523.99}","{'bid': 526.11, 'ask': 526.24}","{'bid': 523.59, 'ask': 523.71}",5182,525.94,526.11,523.59,523.86
2025-04-16 18:45:00,2025-04-16T19:45:00,2025-04-16T18:45:00,"{'bid': 523.86, 'ask': 523.98}","{'bid': 522.77, 'ask': 522.9}","{'bid': 524.23, 'ask': 524.37}","{'bid': 522.65, 'ask': 522.77}",4874,523.86,524.23,522.65,522.77
2025-04-16 19:00:00,2025-04-16T20:00:00,2025-04-16T19:00:00,"{'bid': 522.75, 'ask': 522.9}","{'bid': 521.92, 'ask': 522.05}","{'bid': 523.22, 'ask': 523.34}","{'bid': 520.78, 'ask': 520.9}",4992,522.75,523.22,520.78,521.92
2025-04-16 19:15:00,2025-04-16T20:15:00,2025-04-16T19:15:00,"{'bid': 521.91, 'ask': 522.03}","{'bid': 520.59, 'ask': 520.72}","{'bid': 522.3, 'ask': 522.42}","{'bid': 520.24, 'ask': 520.37}",5224,521.91,522.3,520.24,520.59
2025-04-16 19:30:00,2025-04-16T20:30:00,2025-04-16T19:30:00,"{'bid': 520.6, 'ask': 520.73}","{'bid': 522.41, 'ask': 522.54}","{'bid': 522.94, 'ask': 523.08}","{'bid': 520.6, 'ask': 520.73}",6040,520.6,522.94,520.6,522.41
2025-04-16 19:45:00,2025-04-16T20:45:00,2025-04-16T19:45:00,"{'bid': 522.39, 'ask': 522.52}","{'bid': 525.81, 'ask': 525.96}","{'bid': 526.11, 'ask': 526.23}","{'bid': 522.03, 'ask': 522.16}",7705,522.39,526.11,522.03,525.81
2025-04-16 20:00:00,2025-04-16T21:00:00,2025-04-16T20:00:00,"{'bid': 525.82, 'ask': 525.94}","{'bid': 526.59, 'ask': 526.73}","{'bid': 526.65, 'ask': 526.85}","{'bid': 525.01, 'ask': 525.28}",2634,525.82,526.65,525.01,526.59
2025-04-16 20:15:00,2025-04-16T21:15:00,2025-04-16T20:15:00,"{'bid': 526.6, 'ask': 526.75}","{'bid': 526.18, 'ask': 526.36}","{'bid': 526.69, 'ask': 526.85}","{'bid': 525.71, 'ask': 525.89}",1410,526.6,526.69,525.71,526.18
2025-04-16 20:30:00,2025-04-16T21:30:00,2025-04-16T20:30:00,"{'bid': 526.2, 'ask': 526.36}","{'bid': 525.71, 'ask': 525.88}","{'bid': 526.58, 'ask': 526.86}","{'bid': 525.6, 'ask': 525.81}",912,526.2,526.58,525.6,525.71
2025-04-16 20:45:00,2025-04-16T21:45:00,2025-04-16T20:45:00,"{'bid': 525.58, 'ask': 525.84}","{'bid': 524.95, 'ask': 525.54}","{'bid': 525.97, 'ask': 526.25}","{'bid': 524.11, 'ask': 524.47}",1687,525.58,525.97,524.11,524.95
2025-04-16 21:00:00,2025-04-16T22:00:00,2025-04-16T21:00:00,"{'bid': 524.87, 'ask': 525.54}","{'bid': 525.32, 'ask': 525.57}","{'bid': 525.33, 'ask': 525.57}","{'bid': 524.87, 'ask': 525.04}",62,524.87,525.33,524.87,525.32
2025-04-16 21:15:00,2025-04-16T22:15:00,2025-04-16T21:15:00,"{'bid': 525.3, 'ask': 525.65}","{'bid': 525.35, 'ask': 525.9}","{'bid': 525.7, 'ask': 525.9}","{'bid': 525.2, 'ask': 525.43}",58,525.3,525.7,525.2,525.35
2025-04-16 21:30:00,2025-04-16T22:30:00,2025-04-16T21:30:00,"{'bid': 525.69, 'ask': 525.9}","{'bid': 525.85, 'ask': 526.05}","{'bid': 526.15, 'ask': 526.35}","{'bid': 525.69, 'ask': 525.9}",91,525.69,526.15,525.69,525.85
2025-04-16 21:45:00,2025-04-16T22:45:00,2025-04-16T21:45:00,"{'bid': 525.85, 'ask': 526.04}","{'bid': 525.83, 'ask': 526.05}","{'bid': 526.43, 'ask': 526.67}","{'bid': 525.69, 'ask': 525.92}",156,525.85,526.43,525.69,525.83
2025-04-16 22:00:00,2025-04-16T23:00:00,2025-04-16T22:00:00,"{'bid': 525.9, 'ask': 526.51}","{'bid': 525.55, 'ask': 525.7}","{'bid': 526.3, 'ask': 526.82}","{'bid': 525.46, 'ask': 525.65}",944,525.9,526.3,525.46,525.55
2025-04-16 22:15:00,2025-04-16T23:15:00,2025-04-16T22:15:00,"{'bid': 525.55, 'ask': 525.72}","{'bid': 525.8, 'ask': 526.04}","{'bid': 525.9, 'ask': 526.25}","{'bid': 525.15, 'ask': 525.27}",1010,525.55,525.9,525.15,525.8
2025-04-16 22:30:00,2025-04-16T23:30:00,2025-04-16T22:30:00,"{'bid': 525.81, 'ask': 526.05}","{'bid': 526.06, 'ask': 526.29}","{'bid': 526.11, 'ask': 526.46}","{'bid': 525.49, 'ask': 525.7}",565,525.81,526.11,525.49,526.06
2025-04-16 22:45:00,2025-04-16T23:45:00,2025-04-16T22:45:00,"{'bid': 526.06, 'ask': 526.28}","{'bid': 525.86, 'ask': 526.11}","{'bid': 526.2, 'ask': 526.46}","{'bid': 525.25, 'ask': 525.78}",714,526.06,526.2,525.25,525.86
2025-04-16 23:00:00,2025-04-17T00:00:00,2025-04-16T23:00:00,"{'bid': 525.91, 'ask': 526.13}","{'bid': 525.42, 'ask': 525.64}","{'bid': 526.09, 'ask': 526.46}","{'bid': 524.87, 'ask': 525.0}",1003,525.91,526.09,524.87,525.42
2025-04-16 23:15:00,2025-04-17T00:15:00,2025-04-16T23:15:00,"{'bid': 525.4, 'ask': 525.64}","{'bid': 526.06, 'ask': 526.3}","{'bid': 526.23, 'ask': 526.46}","{'bid': 525.31, 'ask': 525.6}",650,525.4,526.23,525.31,526.06
2025-04-16 23:30:00,2025-04-17T00:30:00,2025-04-16T23:30:00,"{'bid': 526.06, 'ask': 526.29}","{'bid': 525.8, 'ask': 526.06}","{'bid': 526.06, 'ask': 526.55}","{'bid': 524.05, 'ask': 524.68}",1156,526.06,526.06,524.05,525.8
2025-04-16 23:45:00,2025-04-17T00:45:00,2025-04-16T23:45:00,"{'bid': 525.83, 'ask': 526.08}","{'bid': 525.88, 'ask': 526.11}","{'bid': 526.11, 'ask': 526.55}","{'bid': 524.96, 'ask': 525.65}",1013,525.83,526.11,524.96,525.88
2025-04-17 08:00:00,2025-04-17T09:00:00,2025-04-17T08:00:00,"{'bid': 530.72, 'ask': 531.74}","{'bid': 531.17, 'ask': 531.36}","{'bid': 531.51, 'ask': 531.95}","{'bid': 530.67, 'ask': 531.23}",1469,530.72,531.51,530.67,531.17
2025-04-17 08:15:00,2025-04-17T09:15:00,2025-04-17T08:15:00,"{'bid': 531.17, 'ask': 531.37}","{'bid': 531.24, 'ask': 531.45}","{'bid': 531.44, 'ask': 531.75}","{'bid': 530.56, 'ask': 531.03}",1182,531.17,531.44,530.56,531.24
2025-04-17 08:30:00,2025-04-17T09:30:00,2025-04-17T08:30:00,"{'bid': 531.23, 'ask': 531.45}","{'bid': 530.35, 'ask': 530.54}","{'bid': 531.4, 'ask': 531.75}","{'bid': 530.2, 'ask': 530.54}",1048,531.23,531.4,530.2,530.35
2025-04-17 08:45:00,2025-04-17T09:45:00,2025-04-17T08:45:00,"{'bid': 530.28, 'ask': 530.57}","{'bid': 529.83, 'ask': 530.02}","{'bid': 530.6, 'ask': 530.8}","{'bid': 529.45, 'ask': 529.92}",1180,530.28,530.6,529.45,529.83
2025-04-17 09:00:00,2025-04-17T10:00:00,2025-04-17T09:00:00,"{'bid': 529.84, 'ask': 530.03}","{'bid': 530.32, 'ask': 530.52}","{'bid': 530.42, 'ask': 530.75}","{'bid': 529.16, 'ask': 529.66}",1136,529.84,530.42,529.16,530.32
2025-04-17 09:15:00,2025-04-17T10:15:00,2025-04-17T09:15:00,"{'bid': 530.31, 'ask': 530.51}","{'bid': 530.69, 'ask': 530.9}","{'bid': 531.1, 'ask': 531.65}","{'bid': 529.8, 'ask': 530.3}",1124,530.31,531.1,529.8,530.69
2025-04-17 09:30:00,2025-04-17T10:30:00,2025-04-17T09:30:00,"{'bid': 530.7, 'ask': 530.89}","{'bid': 530.6, 'ask': 530.79}","{'bid': 531.0, 'ask': 531.35}","{'bid': 530.35, 'ask': 530.59}",851,530.7,531.0,530.35,530.6
2025-04-17 09:45:00,2025-04-17T10:45:00,2025-04-17T09:45:00,"{'bid': 530.58, 'ask': 530.78}","{'bid': 530.24, 'ask': 530.44}","{'bid': 530.68, 'ask': 531.03}","{'bid': 529.75, 'ask': 530.25}",1334,530.58,530.68,529.75,530.24
2025-04-17 10:00:00,2025-04-17T11:00:00,2025-04-17T10:00:00,"{'bid': 530.22, 'ask': 530.44}","{'bid': 528.89, 'ask': 529.06}","{'bid': 530.35, 'ask': 530.75}","{'bid': 528.25, 'ask': 528.7}",2050,530.22,530.35,528.25,528.89
2025-04-17 10:15:00,2025-04-17T11:15:00,2025-04-17T10:15:00,"{'bid': 528.9, 'ask': 529.07}","{'bid': 528.81, 'ask': 529.01}","{'bid': 529.15, 'ask': 529.55}","{'bid': 527.95, 'ask': 528.4}",1806,528.9,529.15,527.95,528.81
2025-04-17 10:30:00,2025-04-17T11:30:00,2025-04-17T10:30:00,"{'bid': 528.82, 'ask': 529.02}","{'bid': 527.83, 'ask': 528.04}","{'bid': 529.08, 'ask': 529.46}","{'bid': 527.55, 'ask': 527.76}",1210,528.82,529.08,527.55,527.83
2025-04-17 10:45:00,2025-04-17T11:45:00,2025-04-17T10:45:00,"{'bid': 527.84, 'ask': 528.04}","{'bid': 528.3, 'ask': 528.49}","{'bid': 528.74, 'ask': 529.25}","{'bid': 527.45, 'ask': 527.89}",1665,527.84,528.74,527.45,528.3
2025-04-17 11:00:00,2025-04-17T12:00:00,2025-04-17T11:00:00,"{'bid': 528.29, 'ask': 528.49}","{'bid': 527.22, 'ask': 527.44}","{'bid': 528.69, 'ask': 529.25}","{'bid': 527.05, 'ask': 527.41}",1640,528.29,528.69,527.05,527.22
2025-04-17 11:15:00,2025-04-17T12:15:00,2025-04-17T11:15:00,"{'bid': 527.23, 'ask': 527.44}","{'bid': 528.25, 'ask': 528.39}","{'bid': 528.33, 'ask': 528.9}","{'bid': 526.94, 'ask': 527.32}",1476,527.23,528.33,526.94,528.25
2025-04-17 11:30:00,2025-04-17T12:30:00,2025-04-17T11:30:00,"{'bid': 528.25, 'ask': 528.38}","{'bid': 527.85, 'ask': 528.05}","{'bid': 528.51, 'ask': 528.95}","{'bid': 527.23, 'ask': 527.53}",1349,528.25,528.51,527.23,527.85
2025-04-17 11:45:00,2025-04-17T12:45:00,2025-04-17T11:45:00,"{'bid': 527.85, 'ask': 528.03}","{'bid': 528.21, 'ask': 528.39}","{'bid': 528.35, 'ask': 528.95}","{'bid': 527.35, 'ask': 527.92}",1060,527.85,528.35,527.35,528.21
2025-04-17 12:00:00,2025-04-17T13:00:00,2025-04-17T12:00:00,"{'bid': 528.19, 'ask': 528.4}","{'bid': 528.37, 'ask': 528.65}","{'bid': 530.84, 'ask': 531.35}","{'bid': 527.65, 'ask': 528.2}",3433,528.19,530.84,527.65,528.37
2025-04-17 12:15:00,2025-04-17T13:15:00,2025-04-17T12:15:00,"{'bid': 528.4, 'ask': 528.65}","{'bid': 528.28, 'ask': 529.05}","{'bid': 528.87, 'ask': 530.04}","{'bid': 527.95, 'ask': 528.47}",1774,528.4,528.87,527.95,528.28
2025-04-17 12:30:00,2025-04-17T13:30:00,2025-04-17T12:30:00,"{'bid': 528.28, 'ask': 530.04}","{'bid': 528.81, 'ask': 528.93}","{'bid': 529.97, 'ask': 530.45}","{'bid': 528.28, 'ask': 528.47}",2632,528.28,529.97,528.28,528.81
2025-04-17 12:45:00,2025-04-17T13:45:00,2025-04-17T12:45:00,"{'bid': 528.81, 'ask': 528.95}","{'bid': 528.64, 'ask': 528.84}","{'bid': 529.41, 'ask': 529.85}","{'bid': 528.28, 'ask': 528.63}",2216,528.81,529.41,528.28,528.64
2025-04-17 13:00:00,2025-04-17T14:00:00,2025-04-17T13:00:00,"{'bid': 528.65, 'ask': 528.84}","{'bid': 527.85, 'ask': 528.01}","{'bid': 528.68, 'ask': 528.88}","{'bid': 527.02, 'ask': 527.16}",2502,528.65,528.68,527.02,527.85
2025-04-17 13:15:00,2025-04-17T14:15:00,2025-04-17T13:15:00,"{'bid': 527.85, 'ask': 528.02}","{'bid': 527.58, 'ask': 527.72}","{'bid': 529.11, 'ask': 529.53}","{'bid': 527.23, 'ask': 527.47}",3110,527.85,529.11,527.23,527.58
2025-04-17 13:30:00,2025-04-17T14:30:00,2025-04-17T13:30:00,"{'bid': 527.58, 'ask': 527.73}","{'bid': 527.49, 'ask': 527.64}","{'bid': 528.39, 'ask': 528.54}","{'bid': 526.29, 'ask': 526.41}",7535,527.58,528.39,526.29,527.49
2025-04-17 13:45:00,2025-04-17T14:45:00,2025-04-17T13:45:00,"{'bid': 527.47, 'ask': 527.61}","{'bid': 528.58, 'ask': 528.71}","{'bid': 529.23, 'ask': 529.35}","{'bid': 526.47, 'ask': 526.61}",6578,527.47,529.23,526.47,528.58
2025-04-17 14:00:00,2025-04-17T15:00:00,2025-04-17T14:00:00,"{'bid': 528.59, 'ask': 528.72}","{'bid': 527.32, 'ask': 527.46}","{'bid': 529.07, 'ask': 529.21}","{'bid': 526.97, 'ask': 527.11}",6545,528.59,529.07,526.97,527.32
2025-04-17 14:15:00,2025-04-17T15:15:00,2025-04-17T14:15:00,"{'bid': 527.32, 'ask': 527.47}","{'bid': 525.23, 'ask': 525.36}","{'bid': 527.6, 'ask': 527.75}","{'bid': 525.1, 'ask': 525.23}",5449,527.32,527.6,525.1,525.23
2025-04-17 14:30:00,2025-04-17T15:30:00,2025-04-17T14:30:00,"{'bid': 525.21, 'ask': 525.33}","{'bid': 525.68, 'ask': 525.82}","{'bid': 525.83, 'ask': 525.96}","{'bid': 523.85, 'ask': 523.97}",6040,525.21,525.83,523.85,525.68
2025-04-17 14:45:00,2025-04-17T15:45:00,2025-04-17T14:45:00,"{'bid': 525.7, 'ask': 525.82}","{'bid': 524.99, 'ask': 525.11}","{'bid': 526.19, 'ask': 526.32}","{'bid': 524.95, 'ask': 525.08}",4568,525.7,526.19,524.95,524.99
2025-04-17 15:00:00,2025-04-17T16:00:00,2025-04-17T15:00:00,"{'bid': 525.01, 'ask': 525.14}","{'bid': 528.21, 'ask': 528.36}","{'bid': 528.23, 'ask': 528.37}","{'bid': 524.95, 'ask': 525.09}",5014,525.01,528.23,524.95,528.21
2025-04-17 15:15:00,2025-04-17T16:15:00,2025-04-17T15:15:00,"{'bid': 528.2, 'ask': 528.34}","{'bid': 526.62, 'ask': 526.75}","{'bid': 528.78, 'ask': 528.93}","{'bid': 526.41, 'ask': 526.55}",4180,528.2,528.78,526.41,526.62
2025-04-17 15:30:00,2025-04-17T16:30:00,2025-04-17T15:30:00,"{'bid': 526.61, 'ask': 526.74}","{'bid': 527.04, 'ask': 527.17}","{'bid': 528.53, 'ask': 528.65}","{'bid': 526.54, 'ask': 526.68}",4415,526.61,528.53,526.54,527.04
2025-04-17 15:45:00,2025-04-17T16:45:00,2025-04-17T15:45:00,"{'bid': 527.03, 'ask': 527.17}","{'bid': 526.67, 'ask': 526.79}","{'bid': 527.98, 'ask': 528.11}","{'bid': 526.43, 'ask': 526.56}",4906,527.03,527.98,526.43,526.67
2025-04-17 16:00:00,2025-04-17T17:00:00,2025-04-17T16:00:00,"{'bid': 526.69, 'ask': 526.82}","{'bid': 527.83, 'ask': 527.98}","{'bid': 528.76, 'ask': 528.9}","{'bid': 526.17, 'ask': 526.29}",7024,526.69,528.76,526.17,527.83
2025-04-17 16:15:00,2025-04-17T17:15:00,2025-04-17T16:15:00,"{'bid': 527.84, 'ask': 527.98}","{'bid': 529.41, 'ask': 529.55}","{'bid': 529.82, 'ask': 529.94}","{'bid': 527.25, 'ask': 527.4}",5018,527.84,529.82,527.25,529.41
2025-04-17 16:30:00,2025-04-17T17:30:00,2025-04-17T16:30:00,"{'bid': 529.38, 'ask': 529.53}","{'bid': 528.05, 'ask': 528.19}","{'bid': 530.18, 'ask': 530.33}","{'bid': 527.76, 'ask': 527.9}",4343,529.38,530.18,527.76,528.05
2025-04-17 16:45:00,2025-04-17T17:45:00,2025-04-17T16:45:00,"{'bid': 528.03, 'ask': 528.18}","{'bid': 529.84, 'ask': 530.0}","{'bid': 530.34, 'ask': 530.46}","{'bid': 527.69, 'ask': 527.82}",4128,528.03,530.34,527.69,529.84
2025-04-17 17:00:00,2025-04-17T18:00:00,2025-04-17T17:00:00,"{'bid': 529.84, 'ask': 529.99}","{'bid': 528.71, 'ask': 528.86}","{'bid': 530.26, 'ask': 530.39}","{'bid': 528.56, 'ask': 528.69}",3623,529.84,530.26,528.56,528.71
2025-04-17 17:15:00,2025-04-17T18:15:00,2025-04-17T17:15:00,"{'bid': 528.71, 'ask': 528.85}","{'bid': 527.61, 'ask': 527.74}","{'bid': 528.93, 'ask': 529.06}","{'bid': 527.55, 'ask': 527.68}",3483,528.71,528.93,527.55,527.61
2025-04-17 17:30:00,2025-04-17T18:30:00,2025-04-17T17:30:00,"{'bid': 527.62, 'ask': 527.75}","{'bid': 528.39, 'ask': 528.54}","{'bid': 529.0, 'ask': 529.13}","{'bid': 527.6, 'ask': 527.72}",3020,527.62,529.0,527.6,528.39
2025-04-17 17:45:00,2025-04-17T18:45:00,2025-04-17T17:45:00,"{'bid': 528.38, 'ask': 528.52}","{'bid': 529.47, 'ask': 529.6}","{'bid': 530.25, 'ask': 530.38}","{'bid': 528.27, 'ask': 528.4}",3905,528.38,530.25,528.27,529.47
2025-04-17 18:00:00,2025-04-17T19:00:00,2025-04-17T18:00:00,"{'bid': 529.48, 'ask': 529.6}","{'bid': 529.91, 'ask': 530.05}","{'bid': 530.87, 'ask': 530.99}","{'bid': 529.27, 'ask': 529.4}",3366,529.48,530.87,529.27,529.91
2025-04-17 18:15:00,2025-04-17T19:15:00,2025-04-17T18:15:00,"{'bid': 529.94, 'ask': 530.07}","{'bid': 529.93, 'ask': 530.07}","{'bid': 531.1, 'ask': 531.23}","{'bid': 529.73, 'ask': 529.87}",3340,529.94,531.1,529.73,529.93
2025-04-17 18:30:00,2025-04-17T19:30:00,2025-04-17T18:30:00,"{'bid': 529.96, 'ask': 530.09}","{'bid': 530.23, 'ask': 530.37}","{'bid': 530.85, 'ask': 530.98}","{'bid': 529.93, 'ask': 530.07}",2987,529.96,530.85,529.93,530.23
2025-04-17 18:45:00,2025-04-17T19:45:00,2025-04-17T18:45:00,"{'bid': 530.24, 'ask': 530.37}","{'bid': 528.45, 'ask': 528.59}","{'bid': 530.71, 'ask': 530.84}","{'bid': 528.44, 'ask': 528.58}",4647,530.24,530.71,528.44,528.45
2025-04-17 19:00:00,2025-04-17T20:00:00,2025-04-17T19:00:00,"{'bid': 528.46, 'ask': 528.59}","{'bid': 527.25, 'ask': 527.38}","{'bid': 528.73, 'ask': 528.87}","{'bid': 526.92, 'ask': 527.04}",4067,528.46,528.73,526.92,527.25
2025-04-17 19:15:00,2025-04-17T20:15:00,2025-04-17T19:15:00,"{'bid': 527.24, 'ask': 527.36}","{'bid': 527.24, 'ask': 527.38}","{'bid': 528.06, 'ask': 528.19}","{'bid': 526.58, 'ask': 526.72}",3914,527.24,528.06,526.58,527.24
2025-04-17 19:30:00,2025-04-17T20:30:00,2025-04-17T19:30:00,"{'bid': 527.24, 'ask': 527.39}","{'bid': 527.71, 'ask': 527.84}","{'bid': 528.44, 'ask': 528.56}","{'bid': 527.04, 'ask': 527.18}",4325,527.24,528.44,527.04,527.71
2025-04-17 19:45:00,2025-04-17T20:45:00,2025-04-17T19:45:00,"{'bid': 527.69, 'ask': 527.82}","{'bid': 526.4, 'ask': 526.52}","{'bid': 527.91, 'ask': 528.03}","{'bid': 525.65, 'ask': 525.77}",5986,527.69,527.91,525.65,526.4
2025-04-17 20:00:00,2025-04-17T21:00:00,2025-04-17T20:00:00,"{'bid': 526.38, 'ask': 526.51}","{'bid': 527.69, 'ask': 527.89}","{'bid': 528.05, 'ask': 528.23}","{'bid': 526.03, 'ask': 526.21}",2753,526.38,528.05,526.03,527.69
2025-04-17 20:15:00,2025-04-17T21:15:00,2025-04-17T20:15:00,"{'bid': 527.7, 'ask': 527.92}","{'bid': 526.74, 'ask': 526.92}","{'bid': 527.94, 'ask': 528.65}","{'bid': 526.46, 'ask': 526.88}",1347,527.7,527.94,526.46,526.74
2025-04-17 20:30:00,2025-04-17T21:30:00,2025-04-17T20:30:00,"{'bid': 526.73, 'ask': 526.89}","{'bid': 527.2, 'ask': 527.36}","{'bid': 527.3, 'ask': 527.49}","{'bid': 526.46, 'ask': 526.89}",938,526.73,527.3,526.46,527.2
2025-04-17 20:45:00,2025-04-17T21:45:00,2025-04-17T20:45:00,"{'bid': 527.19, 'ask': 527.35}","{'bid': 527.74, 'ask': 528.05}","{'bid': 528.24, 'ask': 528.83}","{'bid': 526.83, 'ask': 527.31}",1637,527.19,528.24,526.83,527.74
2025-04-17 21:00:00,2025-04-17T22:00:00,2025-04-17T21:00:00,"{'bid': 527.78, 'ask': 528.05}","{'bid': 527.15, 'ask': 527.84}","{'bid': 527.78, 'ask': 528.09}","{'bid': 527.06, 'ask': 527.6}",53,527.78,527.78,527.06,527.15
2025-04-17 21:15:00,2025-04-17T22:15:00,2025-04-17T21:15:00,"{'bid': 527.55, 'ask': 527.84}","{'bid': 527.05, 'ask': 527.75}","{'bid': 527.55, 'ask': 527.89}","{'bid': 526.95, 'ask': 527.14}",70,527.55,527.55,526.95,527.05
2025-04-17 21:30:00,2025-04-17T22:30:00,2025-04-17T21:30:00,"{'bid': 527.05, 'ask': 527.42}","{'bid': 526.8, 'ask': 527.37}","{'bid': 527.26, 'ask': 527.75}","{'bid': 526.8, 'ask': 527.04}",44,527.05,527.26,526.8,526.8
2025-04-17 21:45:00,2025-04-17T22:45:00,2025-04-17T21:45:00,"{'bid': 526.8, 'ask': 526.96}","{'bid': 526.63, 'ask': 526.95}","{'bid': 526.8, 'ask': 527.37}","{'bid': 526.47, 'ask': 526.76}",53,526.8,526.8,526.47,526.63
2025-04-17 22:00:00,2025-04-17T23:00:00,2025-04-17T22:00:00,"{'bid': 526.63, 'ask': 526.93}","{'bid': 526.61, 'ask': 526.95}","{'bid': 526.65, 'ask': 526.95}","{'bid': 526.45, 'ask': 526.75}",22,526.63,526.65,526.45,526.61
2025-04-17 22:15:00,2025-04-17T23:15:00,2025-04-17T22:15:00,"{'bid': 526.61, 'ask': 526.79}","{'bid': 526.51, 'ask': 526.95}","{'bid': 526.62, 'ask': 526.95}","{'bid': 526.14, 'ask': 526.59}",32,526.61,526.62,526.14,526.51
2025-04-17 22:30:00,2025-04-17T23:30:00,2025-04-17T22:30:00,"{'bid': 526.45, 'ask': 526.95}","{'bid': 526.36, 'ask': 526.61}","{'bid': 526.46, 'ask': 526.95}","{'bid': 526.14, 'ask': 526.46}",30,526.45,526.46,526.14,526.36
2025-04-17 22:45:00,2025-04-17T23:45:00,2025-04-17T22:45:00,"{'bid': 526.36, 'ask': 526.6}","{'bid': 526.52, 'ask': 526.77}","{'bid': 526.52, 'ask': 526.77}","{'bid': 526.35, 'ask': 526.6}",17,526.36,526.52,526.35,526.52
2025-04-17 23:00:00,2025-04-18T00:00:00,2025-04-17T23:00:00,"{'bid': 526.35, 'ask': 526.77}","{'bid': 526.6, 'ask': 527.03}","{'bid': 526.73, 'ask': 527.03}","{'bid': 526.35, 'ask': 526.72}",29,526.35,526.73,526.35,526.6
2025-04-17 23:15:00,2025-04-18T00:15:00,2025-04-17T23:15:00,"{'bid': 526.86, 'ask': 527.13}","{'bid': 526.96, 'ask': 527.18}","{'bid': 527.0, 'ask': 527.25}","{'bid': 526.35, 'ask': 527.1}",18,526.86,527.0,526.35,526.96
2025-04-17 23:30:00,2025-04-18T00:30:00,2025-04-17T23:30:00,"{'bid': 526.35, 'ask': 527.31}","{'bid': 527.15, 'ask': 527.32}","{'bid': 527.15, 'ask': 527.32}","{'bid': 526.35, 'ask': 526.91}",66,526.35,527.15,526.35,527.15
2025-04-17 23:45:00,2025-04-18T00:45:00,2025-04-17T23:45:00,"{'bid': 527.0, 'ask': 527.32}","{'bid': 527.0, 'ask': 529.05}","{'bid': 527.11, 'ask': 529.05}","{'bid': 526.78, 'ask': 527.13}",58,527.0,527.11,526.78,527.0
2025-04-21 08:00:00,2025-04-21T09:00:00,2025-04-21T08:00:00,"{'bid': 520.72, 'ask': 521.0}","{'bid': 521.0, 'ask': 521.21}","{'bid': 521.48, 'ask': 521.9}","{'bid': 520.3, 'ask': 520.76}",884,520.72,521.48,520.3,521.0
2025-04-21 08:15:00,2025-04-21T09:15:00,2025-04-21T08:15:00,"{'bid': 520.95, 'ask': 521.18}","{'bid': 521.17, 'ask': 521.37}","{'bid': 521.27, 'ask': 521.75}","{'bid': 520.52, 'ask': 521.01}",566,520.95,521.27,520.52,521.17
2025-04-21 08:30:00,2025-04-21T09:30:00,2025-04-21T08:30:00,"{'bid': 521.18, 'ask': 521.37}","{'bid': 521.23, 'ask': 521.41}","{'bid': 521.45, 'ask': 521.9}","{'bid': 520.84, 'ask': 521.31}",492,521.18,521.45,520.84,521.23
2025-04-21 08:45:00,2025-04-21T09:45:00,2025-04-21T08:45:00,"{'bid': 521.23, 'ask': 521.4}","{'bid': 521.16, 'ask': 521.37}","{'bid': 521.24, 'ask': 521.75}","{'bid': 520.7, 'ask': 521.05}",496,521.23,521.24,520.7,521.16
2025-04-21 09:00:00,2025-04-21T10:00:00,2025-04-21T09:00:00,"{'bid': 521.15, 'ask': 521.36}","{'bid': 520.67, 'ask': 520.87}","{'bid': 521.32, 'ask': 521.74}","{'bid': 520.2, 'ask': 520.68}",556,521.15,521.32,520.2,520.67
2025-04-21 09:15:00,2025-04-21T10:15:00,2025-04-21T09:15:00,"{'bid': 520.68, 'ask': 520.87}","{'bid': 520.96, 'ask': 521.19}","{'bid': 521.14, 'ask': 521.75}","{'bid': 520.21, 'ask': 520.59}",625,520.68,521.14,520.21,520.96
2025-04-21 09:30:00,2025-04-21T10:30:00,2025-04-21T09:30:00,"{'bid': 520.97, 'ask': 521.19}","{'bid': 520.5, 'ask': 520.71}","{'bid': 520.97, 'ask': 521.2}","{'bid': 520.29, 'ask': 520.65}",384,520.97,520.97,520.29,520.5
2025-04-21 09:45:00,2025-04-21T10:45:00,2025-04-21T09:45:00,"{'bid': 520.49, 'ask': 520.71}","{'bid': 521.02, 'ask': 521.22}","{'bid': 521.06, 'ask': 521.61}","{'bid': 520.45, 'ask': 520.68}",431,520.49,521.06,520.45,521.02
2025-04-21 10:00:00,2025-04-21T11:00:00,2025-04-21T10:00:00,"{'bid': 520.97, 'ask': 521.23}","{'bid': 521.25, 'ask': 521.47}","{'bid': 521.41, 'ask': 521.89}","{'bid': 520.76, 'ask': 521.22}",500,520.97,521.41,520.76,521.25
2025-04-21 10:15:00,2025-04-21T11:15:00,2025-04-21T10:15:00,"{'bid': 521.24, 'ask': 521.46}","{'bid': 520.75, 'ask': 520.96}","{'bid': 521.25, 'ask': 521.47}","{'bid': 520.48, 'ask': 520.86}",408,521.24,521.25,520.48,520.75
2025-04-21 10:30:00,2025-04-21T11:30:00,2025-04-21T10:30:00,"{'bid': 520.75, 'ask': 520.95}","{'bid': 521.13, 'ask': 521.33}","{'bid': 521.13, 'ask': 521.45}","{'bid': 520.45, 'ask': 520.79}",495,520.75,521.13,520.45,521.13
2025-04-21 10:45:00,2025-04-21T11:45:00,2025-04-21T10:45:00,"{'bid': 521.12, 'ask': 521.31}","{'bid': 521.58, 'ask': 521.8}","{'bid': 521.67, 'ask': 522.04}","{'bid': 521.08, 'ask': 521.29}",447,521.12,521.67,521.08,521.58
2025-04-21 11:00:00,2025-04-21T12:00:00,2025-04-21T11:00:00,"{'bid': 521.6, 'ask': 521.8}","{'bid': 521.64, 'ask': 521.82}","{'bid': 522.37, 'ask': 522.95}","{'bid': 521.28, 'ask': 521.71}",829,521.6,522.37,521.28,521.64
2025-04-21 11:15:00,2025-04-21T12:15:00,2025-04-21T11:15:00,"{'bid': 521.66, 'ask': 521.82}","{'bid': 519.98, 'ask': 520.22}","{'bid': 521.66, 'ask': 521.84}","{'bid': 519.2, 'ask': 519.45}",1238,521.66,521.66,519.2,519.98
2025-04-21 11:30:00,2025-04-21T12:30:00,2025-04-21T11:30:00,"{'bid': 520.03, 'ask': 520.22}","{'bid': 519.65, 'ask': 519.9}","{'bid': 520.16, 'ask': 520.55}","{'bid': 519.25, 'ask': 519.67}",1207,520.03,520.16,519.25,519.65
2025-04-21 11:45:00,2025-04-21T12:45:00,2025-04-21T11:45:00,"{'bid': 519.66, 'ask': 519.9}","{'bid': 519.95, 'ask': 520.12}","{'bid': 519.95, 'ask': 520.36}","{'bid': 518.95, 'ask': 519.39}",1404,519.66,519.95,518.95,519.95
2025-04-21 12:00:00,2025-04-21T13:00:00,2025-04-21T12:00:00,"{'bid': 519.95, 'ask': 520.11}","{'bid': 520.34, 'ask': 520.52}","{'bid': 520.48, 'ask': 520.96}","{'bid': 519.55, 'ask': 519.91}",1268,519.95,520.48,519.55,520.34
2025-04-21 12:15:00,2025-04-21T13:15:00,2025-04-21T12:15:00,"{'bid': 520.34, 'ask': 520.5}","{'bid': 520.9, 'ask': 521.07}","{'bid': 520.96, 'ask': 521.45}","{'bid': 520.03, 'ask': 520.28}",1234,520.34,520.96,520.03,520.9
2025-04-21 12:30:00,2025-04-21T13:30:00,2025-04-21T12:30:00,"{'bid': 520.9, 'ask': 521.06}","{'bid': 521.02, 'ask': 521.17}","{'bid': 521.41, 'ask': 521.75}","{'bid': 520.6, 'ask': 520.78}",1129,520.9,521.41,520.6,521.02
2025-04-21 12:45:00,2025-04-21T13:45:00,2025-04-21T12:45:00,"{'bid': 521.04, 'ask': 521.23}","{'bid': 520.87, 'ask': 521.04}","{'bid': 521.26, 'ask': 521.5}","{'bid': 520.45, 'ask': 520.91}",1261,521.04,521.26,520.45,520.87
2025-04-21 13:00:00,2025-04-21T14:00:00,2025-04-21T13:00:00,"{'bid': 520.86, 'ask': 521.03}","{'bid': 520.42, 'ask': 520.57}","{'bid': 521.1, 'ask': 521.45}","{'bid': 520.25, 'ask': 520.47}",1854,520.86,521.1,520.25,520.42
2025-04-21 13:15:00,2025-04-21T14:15:00,2025-04-21T13:15:00,"{'bid': 520.42, 'ask': 520.59}","{'bid': 521.09, 'ask': 521.22}","{'bid': 521.11, 'ask': 521.5}","{'bid': 520.37, 'ask': 520.55}",1622,520.42,521.11,520.37,521.09
2025-04-21 13:30:00,2025-04-21T14:30:00,2025-04-21T13:30:00,"{'bid': 521.09, 'ask': 521.23}","{'bid': 519.43, 'ask': 519.57}","{'bid': 521.65, 'ask': 521.77}","{'bid': 518.91, 'ask': 519.05}",5921,521.09,521.65,518.91,519.43
2025-04-21 13:45:00,2025-04-21T14:45:00,2025-04-21T13:45:00,"{'bid': 519.43, 'ask': 519.58}","{'bid': 517.46, 'ask': 517.59}","{'bid': 519.9, 'ask': 520.04}","{'bid': 517.46, 'ask': 517.58}",4255,519.43,519.9,517.46,517.46
2025-04-21 14:00:00,2025-04-21T15:00:00,2025-04-21T14:00:00,"{'bid': 517.45, 'ask': 517.57}","{'bid': 516.64, 'ask': 516.79}","{'bid': 517.45, 'ask': 517.57}","{'bid': 516.21, 'ask': 516.33}",4984,517.45,517.45,516.21,516.64
2025-04-21 14:15:00,2025-04-21T15:15:00,2025-04-21T14:15:00,"{'bid': 516.62, 'ask': 516.76}","{'bid': 515.57, 'ask': 515.71}","{'bid': 516.82, 'ask': 516.94}","{'bid': 515.12, 'ask': 515.26}",4691,516.62,516.82,515.12,515.57
2025-04-21 14:30:00,2025-04-21T15:30:00,2025-04-21T14:30:00,"{'bid': 515.58, 'ask': 515.71}","{'bid': 515.31, 'ask': 515.44}","{'bid': 516.8, 'ask': 516.92}","{'bid': 515.02, 'ask': 515.15}",4088,515.58,516.8,515.02,515.31
2025-04-21 14:45:00,2025-04-21T15:45:00,2025-04-21T14:45:00,"{'bid': 515.31, 'ask': 515.43}","{'bid': 514.52, 'ask': 514.65}","{'bid': 515.95, 'ask': 516.08}","{'bid': 514.33, 'ask': 514.46}",3801,515.31,515.95,514.33,514.52
2025-04-21 15:00:00,2025-04-21T16:00:00,2025-04-21T15:00:00,"{'bid': 514.51, 'ask': 514.65}","{'bid': 513.72, 'ask': 513.87}","{'bid': 514.98, 'ask': 515.12}","{'bid': 513.65, 'ask': 513.8}",3921,514.51,514.98,513.65,513.72
2025-04-21 15:15:00,2025-04-21T16:15:00,2025-04-21T15:15:00,"{'bid': 513.72, 'ask': 513.86}","{'bid': 513.04, 'ask': 513.17}","{'bid': 514.28, 'ask': 514.4}","{'bid': 512.75, 'ask': 512.88}",3007,513.72,514.28,512.75,513.04
2025-04-21 15:30:00,2025-04-21T16:30:00,2025-04-21T15:30:00,"{'bid': 513.05, 'ask': 513.17}","{'bid': 511.77, 'ask': 511.91}","{'bid': 513.26, 'ask': 513.41}","{'bid': 511.7, 'ask': 511.83}",3620,513.05,513.26,511.7,511.77
2025-04-21 15:45:00,2025-04-21T16:45:00,2025-04-21T15:45:00,"{'bid': 511.75, 'ask': 511.89}","{'bid': 511.0, 'ask': 511.12}","{'bid': 511.86, 'ask': 511.99}","{'bid': 510.74, 'ask': 510.87}",3115,511.75,511.86,510.74,511.0
2025-04-21 16:00:00,2025-04-21T17:00:00,2025-04-21T16:00:00,"{'bid': 510.99, 'ask': 511.12}","{'bid': 512.11, 'ask': 512.23}","{'bid': 512.17, 'ask': 512.29}","{'bid': 510.94, 'ask': 511.06}",2700,510.99,512.17,510.94,512.11
2025-04-21 16:15:00,2025-04-21T17:15:00,2025-04-21T16:15:00,"{'bid': 512.12, 'ask': 512.24}","{'bid': 511.61, 'ask': 511.74}","{'bid': 512.12, 'ask': 512.24}","{'bid': 511.31, 'ask': 511.43}",2614,512.12,512.12,511.31,511.61
2025-04-21 16:30:00,2025-04-21T17:30:00,2025-04-21T16:30:00,"{'bid': 511.59, 'ask': 511.72}","{'bid': 512.82, 'ask': 512.95}","{'bid': 513.18, 'ask': 513.31}","{'bid': 511.52, 'ask': 511.65}",2527,511.59,513.18,511.52,512.82
2025-04-21 16:45:00,2025-04-21T17:45:00,2025-04-21T16:45:00,"{'bid': 512.83, 'ask': 512.95}","{'bid': 511.19, 'ask': 511.32}","{'bid': 513.04, 'ask': 513.17}","{'bid': 511.07, 'ask': 511.2}",2493,512.83,513.04,511.07,511.19
2025-04-21 17:00:00,2025-04-21T18:00:00,2025-04-21T17:00:00,"{'bid': 511.18, 'ask': 511.31}","{'bid': 509.72, 'ask': 509.85}","{'bid': 511.67, 'ask': 511.79}","{'bid': 509.57, 'ask': 509.7}",3255,511.18,511.67,509.57,509.72
2025-04-21 17:15:00,2025-04-21T18:15:00,2025-04-21T17:15:00,"{'bid': 509.72, 'ask': 509.84}","{'bid': 509.9, 'ask': 510.02}","{'bid': 510.69, 'ask': 510.81}","{'bid': 509.48, 'ask': 509.6}",2929,509.72,510.69,509.48,509.9
2025-04-21 17:30:00,2025-04-21T18:30:00,2025-04-21T17:30:00,"{'bid': 509.86, 'ask': 510.0}","{'bid': 509.64, 'ask': 509.76}","{'bid': 510.44, 'ask': 510.57}","{'bid': 509.27, 'ask': 509.41}",2857,509.86,510.44,509.27,509.64
2025-04-21 17:45:00,2025-04-21T18:45:00,2025-04-21T17:45:00,"{'bid': 509.63, 'ask': 509.76}","{'bid': 508.87, 'ask': 509.0}","{'bid': 509.77, 'ask': 509.9}","{'bid': 508.68, 'ask': 508.81}",2577,509.63,509.77,508.68,508.87
2025-04-21 18:00:00,2025-04-21T19:00:00,2025-04-21T18:00:00,"{'bid': 508.89, 'ask': 509.02}","{'bid': 508.92, 'ask': 509.05}","{'bid': 509.16, 'ask': 509.29}","{'bid': 508.41, 'ask': 508.53}",3070,508.89,509.16,508.41,508.92
2025-04-21 18:15:00,2025-04-21T19:15:00,2025-04-21T18:15:00,"{'bid': 508.91, 'ask': 509.05}","{'bid': 509.85, 'ask': 509.98}","{'bid': 509.91, 'ask': 510.03}","{'bid': 508.79, 'ask': 508.91}",2712,508.91,509.91,508.79,509.85
2025-04-21 18:30:00,2025-04-21T19:30:00,2025-04-21T18:30:00,"{'bid': 509.85, 'ask': 509.97}","{'bid': 509.33, 'ask': 509.46}","{'bid': 510.59, 'ask': 510.71}","{'bid': 509.26, 'ask': 509.39}",2603,509.85,510.59,509.26,509.33
2025-04-21 18:45:00,2025-04-21T19:45:00,2025-04-21T18:45:00,"{'bid': 509.32, 'ask': 509.44}","{'bid': 508.72, 'ask': 508.84}","{'bid': 509.55, 'ask': 509.67}","{'bid': 508.63, 'ask': 508.75}",2596,509.32,509.55,508.63,508.72
2025-04-21 19:00:00,2025-04-21T20:00:00,2025-04-21T19:00:00,"{'bid': 508.71, 'ask': 508.84}","{'bid': 509.97, 'ask': 510.09}","{'bid': 510.37, 'ask': 510.49}","{'bid': 508.67, 'ask': 508.79}",3445,508.71,510.37,508.67,509.97
2025-04-21 19:15:00,2025-04-21T20:15:00,2025-04-21T19:15:00,"{'bid': 509.96, 'ask': 510.09}","{'bid': 510.33, 'ask': 510.46}","{'bid': 511.12, 'ask': 511.24}","{'bid': 509.82, 'ask': 509.96}",3446,509.96,511.12,509.82,510.33
2025-04-21 19:30:00,2025-04-21T20:30:00,2025-04-21T19:30:00,"{'bid': 510.32, 'ask': 510.44}","{'bid': 512.14, 'ask': 512.26}","{'bid': 512.44, 'ask': 512.56}","{'bid': 510.3, 'ask': 510.42}",5055,510.32,512.44,510.3,512.14
2025-04-21 19:45:00,2025-04-21T20:45:00,2025-04-21T19:45:00,"{'bid': 512.13, 'ask': 512.26}","{'bid': 514.0, 'ask': 514.13}","{'bid': 514.8, 'ask': 514.92}","{'bid': 511.66, 'ask': 511.79}",6296,512.13,514.8,511.66,514.0
2025-04-21 20:00:00,2025-04-21T21:00:00,2025-04-21T20:00:00,"{'bid': 513.99, 'ask': 514.12}","{'bid': 513.52, 'ask': 513.68}","{'bid': 514.11, 'ask': 514.29}","{'bid': 513.02, 'ask': 513.15}",1851,513.99,514.11,513.02,513.52
2025-04-21 20:15:00,2025-04-21T21:15:00,2025-04-21T20:15:00,"{'bid': 513.5, 'ask': 513.64}","{'bid': 513.37, 'ask': 513.52}","{'bid': 513.7, 'ask': 513.95}","{'bid': 513.14, 'ask': 513.38}",577,513.5,513.7,513.14,513.37
2025-04-21 20:30:00,2025-04-21T21:30:00,2025-04-21T20:30:00,"{'bid': 513.35, 'ask': 513.49}","{'bid': 513.54, 'ask': 513.69}","{'bid': 513.77, 'ask': 513.93}","{'bid': 513.32, 'ask': 513.46}",434,513.35,513.77,513.32,513.54
2025-04-21 20:45:00,2025-04-21T21:45:00,2025-04-21T20:45:00,"{'bid': 513.56, 'ask': 513.69}","{'bid': 513.82, 'ask': 514.25}","{'bid': 514.07, 'ask': 514.29}","{'bid': 513.36, 'ask': 513.69}",578,513.56,514.07,513.36,513.82
2025-04-21 21:00:00,2025-04-21T22:00:00,2025-04-21T21:00:00,"{'bid': 513.36, 'ask': 514.25}","{'bid': 513.83, 'ask': 514.23}","{'bid': 514.1, 'ask': 514.25}","{'bid': 513.36, 'ask': 513.93}",26,513.36,514.1,513.36,513.83
2025-04-21 21:15:00,2025-04-21T22:15:00,2025-04-21T21:15:00,"{'bid': 513.83, 'ask': 514.13}","{'bid': 513.71, 'ask': 514.0}","{'bid': 513.91, 'ask': 514.23}","{'bid': 513.71, 'ask': 514.0}",25,513.83,513.91,513.71,513.71
2025-04-21 21:30:00,2025-04-21T22:30:00,2025-04-21T21:30:00,"{'bid': 513.84, 'ask': 514.0}","{'bid': 513.88, 'ask': 514.04}","{'bid': 513.96, 'ask': 514.25}","{'bid': 513.71, 'ask': 514.0}",29,513.84,513.96,513.71,513.88
2025-04-21 21:45:00,2025-04-21T22:45:00,2025-04-21T21:45:00,"{'bid': 513.88, 'ask': 514.01}","{'bid': 513.8, 'ask': 513.93}","{'bid': 513.92, 'ask': 514.32}","{'bid': 513.8, 'ask': 513.93}",19,513.88,513.92,513.8,513.8
2025-04-21 22:00:00,2025-04-21T23:00:00,2025-04-21T22:00:00,"{'bid': 513.8, 'ask': 514.32}","{'bid': 513.28, 'ask': 513.49}","{'bid': 514.16, 'ask': 514.32}","{'bid': 509.95, 'ask': 513.24}",682,513.8,514.16,509.95,513.28
2025-04-21 22:15:00,2025-04-21T23:15:00,2025-04-21T22:15:00,"{'bid': 513.3, 'ask': 513.49}","{'bid': 512.86, 'ask': 513.08}","{'bid': 513.31, 'ask': 513.8}","{'bid': 512.65, 'ask': 512.87}",559,513.3,513.31,512.65,512.86
2025-04-21 22:30:00,2025-04-21T23:30:00,2025-04-21T22:30:00,"{'bid': 512.86, 'ask': 513.09}","{'bid': 513.95, 'ask': 514.12}","{'bid': 514.12, 'ask': 514.3}","{'bid': 512.86, 'ask': 513.05}",439,512.86,514.12,512.86,513.95
2025-04-21 22:45:00,2025-04-21T23:45:00,2025-04-21T22:45:00,"{'bid': 513.91, 'ask': 514.12}","{'bid': 513.52, 'ask': 513.71}","{'bid': 513.95, 'ask': 514.12}","{'bid': 513.11, 'ask': 513.69}",284,513.91,513.95,513.11,513.52
2025-04-21 23:00:00,2025-04-22T00:00:00,2025-04-21T23:00:00,"{'bid': 513.52, 'ask': 513.72}","{'bid': 513.76, 'ask': 513.88}","{'bid': 513.84, 'ask': 514.25}","{'bid': 513.25, 'ask': 513.65}",438,513.52,513.84,513.25,513.76
2025-04-21 23:15:00,2025-04-22T00:15:00,2025-04-21T23:15:00,"{'bid': 513.76, 'ask': 513.89}","{'bid': 513.86, 'ask': 514.08}","{'bid': 514.05, 'ask': 514.3}","{'bid': 513.27, 'ask': 513.75}",357,513.76,514.05,513.27,513.86
2025-04-21 23:30:00,2025-04-22T00:30:00,2025-04-21T23:30:00,"{'bid': 513.87, 'ask': 514.1}","{'bid': 514.21, 'ask': 514.33}","{'bid': 514.33, 'ask': 514.69}","{'bid': 513.55, 'ask': 513.99}",351,513.87,514.33,513.55,514.21
2025-04-21 23:45:00,2025-04-22T00:45:00,2025-04-21T23:45:00,"{'bid': 514.21, 'ask': 514.36}","{'bid': 515.95, 'ask': 516.15}","{'bid': 515.97, 'ask': 516.35}","{'bid': 513.95, 'ask': 514.17}",967,514.21,515.97,513.95,515.95
2025-04-22 08:00:00,2025-04-22T09:00:00,2025-04-22T08:00:00,"{'bid': 518.59, 'ask': 518.81}","{'bid': 518.13, 'ask': 518.33}","{'bid': 519.0, 'ask': 519.34}","{'bid': 517.9, 'ask': 518.3}",1305,518.59,519.0,517.9,518.13
2025-04-22 08:15:00,2025-04-22T09:15:00,2025-04-22T08:15:00,"{'bid': 518.16, 'ask': 518.35}","{'bid': 518.58, 'ask': 518.78}","{'bid': 518.79, 'ask': 519.05}","{'bid': 517.8, 'ask': 518.16}",1034,518.16,518.79,517.8,518.58
2025-04-22 08:30:00,2025-04-22T09:30:00,2025-04-22T08:30:00,"{'bid': 518.59, 'ask': 518.79}","{'bid': 519.32, 'ask': 519.51}","{'bid': 519.48, 'ask': 519.8}","{'bid': 518.2, 'ask': 518.75}",1005,518.59,519.48,518.2,519.32
2025-04-22 08:45:00,2025-04-22T09:45:00,2025-04-22T08:45:00,"{'bid': 519.33, 'ask': 519.51}","{'bid': 519.14, 'ask': 519.34}","{'bid': 519.33, 'ask': 519.65}","{'bid': 518.5, 'ask': 518.9}",816,519.33,519.33,518.5,519.14
2025-04-22 09:00:00,2025-04-22T10:00:00,2025-04-22T09:00:00,"{'bid': 519.15, 'ask': 519.34}","{'bid': 518.88, 'ask': 519.06}","{'bid': 519.37, 'ask': 519.87}","{'bid': 518.51, 'ask': 518.91}",841,519.15,519.37,518.51,518.88
2025-04-22 09:15:00,2025-04-22T10:15:00,2025-04-22T09:15:00,"{'bid': 518.84, 'ask': 519.03}","{'bid': 519.26, 'ask': 519.46}","{'bid': 519.3, 'ask': 519.95}","{'bid': 518.05, 'ask': 518.48}",744,518.84,519.3,518.05,519.26
2025-04-22 09:30:00,2025-04-22T10:30:00,2025-04-22T09:30:00,"{'bid': 519.27, 'ask': 519.47}","{'bid': 519.02, 'ask': 519.21}","{'bid': 519.29, 'ask': 519.89}","{'bid': 518.65, 'ask': 519.14}",621,519.27,519.29,518.65,519.02
2025-04-22 09:45:00,2025-04-22T10:45:00,2025-04-22T09:45:00,"{'bid': 519.0, 'ask': 519.2}","{'bid': 518.82, 'ask': 519.02}","{'bid': 519.14, 'ask': 519.38}","{'bid': 518.35, 'ask': 518.99}",453,519.0,519.14,518.35,518.82
2025-04-22 10:00:00,2025-04-22T11:00:00,2025-04-22T10:00:00,"{'bid': 518.8, 'ask': 518.99}","{'bid': 518.9, 'ask': 519.1}","{'bid': 519.11, 'ask': 519.39}","{'bid': 518.35, 'ask': 518.72}",813,518.8,519.11,518.35,518.9
2025-04-22 10:15:00,2025-04-22T11:15:00,2025-04-22T10:15:00,"{'bid': 518.91, 'ask': 519.1}","{'bid': 518.68, 'ask': 518.9}","{'bid': 519.03, 'ask': 519.39}","{'bid': 518.11, 'ask': 518.67}",866,518.91,519.03,518.11,518.68
2025-04-22 10:30:00,2025-04-22T11:30:00,2025-04-22T10:30:00,"{'bid': 518.7, 'ask': 518.93}","{'bid': 519.02, 'ask': 519.2}","{'bid': 519.25, 'ask': 519.44}","{'bid': 518.06, 'ask': 518.65}",910,518.7,519.25,518.06,519.02
2025-04-22 10:45:00,2025-04-22T11:45:00,2025-04-22T10:45:00,"{'bid': 519.02, 'ask': 519.21}","{'bid': 518.71, 'ask': 518.92}","{'bid': 519.1, 'ask': 519.35}","{'bid': 518.05, 'ask': 518.56}",779,519.02,519.1,518.05,518.71
2025-04-22 11:00:00,2025-04-22T12:00:00,2025-04-22T11:00:00,"{'bid': 518.72, 'ask': 518.93}","{'bid': 517.91, 'ask': 518.12}","{'bid': 518.89, 'ask': 519.05}","{'bid': 517.62, 'ask': 517.82}",1245,518.72,518.89,517.62,517.91
2025-04-22 11:15:00,2025-04-22T12:15:00,2025-04-22T11:15:00,"{'bid': 517.93, 'ask': 518.12}","{'bid': 518.31, 'ask': 518.51}","{'bid': 518.47, 'ask': 518.75}","{'bid': 517.47, 'ask': 517.93}",887,517.93,518.47,517.47,518.31
2025-04-22 11:30:00,2025-04-22T12:30:00,2025-04-22T11:30:00,"{'bid': 518.31, 'ask': 518.53}","{'bid': 517.83, 'ask': 518.04}","{'bid': 518.71, 'ask': 519.05}","{'bid': 517.7, 'ask': 517.89}",901,518.31,518.71,517.7,517.83
2025-04-22 11:45:00,2025-04-22T12:45:00,2025-04-22T11:45:00,"{'bid': 517.84, 'ask': 518.07}","{'bid': 517.53, 'ask': 517.74}","{'bid': 518.2, 'ask': 518.75}","{'bid': 517.1, 'ask': 517.42}",993,517.84,518.2,517.1,517.53
2025-04-22 12:00:00,2025-04-22T13:00:00,2025-04-22T12:00:00,"{'bid': 517.53, 'ask': 517.71}","{'bid': 517.82, 'ask': 518.0}","{'bid': 517.97, 'ask': 518.45}","{'bid': 517.15, 'ask': 517.53}",1527,517.53,517.97,517.15,517.82
2025-04-22 12:15:00,2025-04-22T13:15:00,2025-04-22T12:15:00,"{'bid': 517.81, 'ask': 517.99}","{'bid': 518.43, 'ask': 518.61}","{'bid': 518.44, 'ask': 518.9}","{'bid': 517.5, 'ask': 517.91}",1497,517.81,518.44,517.5,518.43
2025-04-22 12:30:00,2025-04-22T13:30:00,2025-04-22T12:30:00,"{'bid': 518.44, 'ask': 518.6}","{'bid': 518.53, 'ask': 518.67}","{'bid': 518.59, 'ask': 518.79}","{'bid': 518.09, 'ask': 518.33}",1106,518.44,518.59,518.09,518.53
2025-04-22 12:45:00,2025-04-22T13:45:00,2025-04-22T12:45:00,"{'bid': 518.57, 'ask': 518.79}","{'bid': 519.32, 'ask': 519.49}","{'bid': 519.35, 'ask': 519.52}","{'bid': 518.43, 'ask': 518.6}",1054,518.57,519.35,518.43,519.32
2025-04-22 13:00:00,2025-04-22T14:00:00,2025-04-22T13:00:00,"{'bid': 519.31, 'ask': 519.47}","{'bid': 519.56, 'ask': 519.71}","{'bid': 519.7, 'ask': 519.95}","{'bid': 518.95, 'ask': 519.39}",1030,519.31,519.7,518.95,519.56
2025-04-22 13:15:00,2025-04-22T14:15:00,2025-04-22T13:15:00,"{'bid': 519.54, 'ask': 519.69}","{'bid': 520.05, 'ask': 520.21}","{'bid': 520.1, 'ask': 520.59}","{'bid': 519.1, 'ask': 519.27}",1319,519.54,520.1,519.1,520.05
2025-04-22 13:30:00,2025-04-22T14:30:00,2025-04-22T13:30:00,"{'bid': 520.05, 'ask': 520.18}","{'bid': 521.34, 'ask': 521.47}","{'bid': 521.39, 'ask': 521.52}","{'bid': 519.11, 'ask': 519.26}",6805,520.05,521.39,519.11,521.34
2025-04-22 13:45:00,2025-04-22T14:45:00,2025-04-22T13:45:00,"{'bid': 521.35, 'ask': 521.47}","{'bid': 521.84, 'ask': 521.99}","{'bid': 522.23, 'ask': 522.35}","{'bid': 520.69, 'ask': 520.83}",4841,521.35,522.23,520.69,521.84
2025-04-22 14:00:00,2025-04-22T15:00:00,2025-04-22T14:00:00,"{'bid': 521.87, 'ask': 522.0}","{'bid': 522.7, 'ask': 522.83}","{'bid': 523.35, 'ask': 523.49}","{'bid': 521.68, 'ask': 521.81}",3743,521.87,523.35,521.68,522.7
2025-04-22 14:15:00,2025-04-22T15:15:00,2025-04-22T14:15:00,"{'bid': 522.73, 'ask': 522.85}","{'bid': 523.0, 'ask': 523.12}","{'bid': 523.37, 'ask': 523.49}","{'bid': 522.02, 'ask': 522.14}",3569,522.73,523.37,522.02,523.0
2025-04-22 14:30:00,2025-04-22T15:30:00,2025-04-22T14:30:00,"{'bid': 523.0, 'ask': 523.13}","{'bid': 523.83, 'ask': 523.95}","{'bid': 523.87, 'ask': 523.99}","{'bid': 522.21, 'ask': 522.33}",3486,523.0,523.87,522.21,523.83
2025-04-22 14:45:00,2025-04-22T15:45:00,2025-04-22T14:45:00,"{'bid': 523.82, 'ask': 523.95}","{'bid': 524.6, 'ask': 524.73}","{'bid': 524.83, 'ask': 524.96}","{'bid': 523.27, 'ask': 523.4}",3208,523.82,524.83,523.27,524.6
2025-04-22 15:00:00,2025-04-22T16:00:00,2025-04-22T15:00:00,"{'bid': 524.6, 'ask': 524.72}","{'bid': 525.49, 'ask': 525.62}","{'bid': 525.53, 'ask': 525.66}","{'bid': 524.52, 'ask': 524.66}",2810,524.6,525.53,524.52,525.49
2025-04-22 15:15:00,2025-04-22T16:15:00,2025-04-22T15:15:00,"{'bid': 525.5, 'ask': 525.63}","{'bid': 524.87, 'ask': 525.0}","{'bid': 525.74, 'ask': 525.88}","{'bid': 524.84, 'ask': 524.96}",3077,525.5,525.74,524.84,524.87
2025-04-22 15:30:00,2025-04-22T16:30:00,2025-04-22T15:30:00,"{'bid': 524.89, 'ask': 525.01}","{'bid': 523.82, 'ask': 523.96}","{'bid': 525.2, 'ask': 525.33}","{'bid': 523.73, 'ask': 523.85}",2867,524.89,525.2,523.73,523.82
2025-04-22 15:45:00,2025-04-22T16:45:00,2025-04-22T15:45:00,"{'bid': 523.83, 'ask': 523.95}","{'bid': 526.08, 'ask': 526.23}","{'bid': 526.48, 'ask': 526.6}","{'bid': 523.7, 'ask': 523.82}",3733,523.83,526.48,523.7,526.08
2025-04-22 16:00:00,2025-04-22T17:00:00,2025-04-22T16:00:00,"{'bid': 526.1, 'ask': 526.23}","{'bid': 528.03, 'ask': 528.15}","{'bid': 528.13, 'ask': 528.25}","{'bid': 526.1, 'ask': 526.23}",5649,526.1,528.13,526.1,528.03
2025-04-22 16:15:00,2025-04-22T17:15:00,2025-04-22T16:15:00,"{'bid': 528.02, 'ask': 528.14}","{'bid': 528.72, 'ask': 528.85}","{'bid': 529.25, 'ask': 529.37}","{'bid': 527.53, 'ask': 527.65}",3412,528.02,529.25,527.53,528.72
2025-04-22 16:30:00,2025-04-22T17:30:00,2025-04-22T16:30:00,"{'bid': 528.73, 'ask': 528.87}","{'bid': 528.18, 'ask': 528.3}","{'bid': 529.04, 'ask': 529.18}","{'bid': 527.26, 'ask': 527.39}",3456,528.73,529.04,527.26,528.18
2025-04-22 16:45:00,2025-04-22T17:45:00,2025-04-22T16:45:00,"{'bid': 528.18, 'ask': 528.31}","{'bid': 527.47, 'ask': 527.62}","{'bid': 528.25, 'ask': 528.39}","{'bid': 526.87, 'ask': 527.0}",3175,528.18,528.25,526.87,527.47
2025-04-22 17:00:00,2025-04-22T18:00:00,2025-04-22T17:00:00,"{'bid': 527.48, 'ask': 527.62}","{'bid': 525.63, 'ask': 525.76}","{'bid': 528.57, 'ask': 528.71}","{'bid': 525.23, 'ask': 525.37}",4890,527.48,528.57,525.23,525.63
2025-04-22 17:15:00,2025-04-22T18:15:00,2025-04-22T17:15:00,"{'bid': 525.62, 'ask': 525.75}","{'bid': 522.52, 'ask': 522.65}","{'bid': 525.71, 'ask': 525.84}","{'bid': 522.3, 'ask': 522.44}",6356,525.62,525.71,522.3,522.52
2025-04-22 17:30:00,2025-04-22T18:30:00,2025-04-22T17:30:00,"{'bid': 522.51, 'ask': 522.68}","{'bid': 523.14, 'ask': 523.29}","{'bid': 523.85, 'ask': 524.0}","{'bid': 521.97, 'ask': 522.11}",5256,522.51,523.85,521.97,523.14
2025-04-22 17:45:00,2025-04-22T18:45:00,2025-04-22T17:45:00,"{'bid': 523.15, 'ask': 523.31}","{'bid': 521.78, 'ask': 521.9}","{'bid': 523.29, 'ask': 523.42}","{'bid': 521.7, 'ask': 521.85}",3931,523.15,523.29,521.7,521.78
2025-04-22 18:00:00,2025-04-22T19:00:00,2025-04-22T18:00:00,"{'bid': 521.79, 'ask': 521.91}","{'bid': 524.39, 'ask': 524.52}","{'bid': 524.4, 'ask': 524.52}","{'bid': 521.72, 'ask': 521.86}",4021,521.79,524.4,521.72,524.39
2025-04-22 18:15:00,2025-04-22T19:15:00,2025-04-22T18:15:00,"{'bid': 524.39, 'ask': 524.51}","{'bid': 525.34, 'ask': 525.46}","{'bid': 525.61, 'ask': 525.73}","{'bid': 523.91, 'ask': 524.06}",3216,524.39,525.61,523.91,525.34
2025-04-22 18:30:00,2025-04-22T19:30:00,2025-04-22T18:30:00,"{'bid': 525.31, 'ask': 525.46}","{'bid': 526.0, 'ask': 526.13}","{'bid': 526.31, 'ask': 526.43}","{'bid': 525.28, 'ask': 525.41}",2729,525.31,526.31,525.28,526.0
2025-04-22 18:45:00,2025-04-22T19:45:00,2025-04-22T18:45:00,"{'bid': 526.02, 'ask': 526.14}","{'bid': 526.67, 'ask': 526.8}","{'bid': 527.16, 'ask': 527.35}","{'bid': 526.02, 'ask': 526.14}",2406,526.02,527.16,526.02,526.67
2025-04-22 19:00:00,2025-04-22T20:00:00,2025-04-22T19:00:00,"{'bid': 526.68, 'ask': 526.8}","{'bid': 525.7, 'ask': 525.83}","{'bid': 527.06, 'ask': 527.18}","{'bid': 525.49, 'ask': 525.62}",3324,526.68,527.06,525.49,525.7
2025-04-22 19:15:00,2025-04-22T20:15:00,2025-04-22T19:15:00,"{'bid': 525.7, 'ask': 525.82}","{'bid': 524.63, 'ask': 524.75}","{'bid': 525.88, 'ask': 526.01}","{'bid': 524.18, 'ask': 524.31}",3972,525.7,525.88,524.18,524.63
2025-04-22 19:30:00,2025-04-22T20:30:00,2025-04-22T19:30:00,"{'bid': 524.62, 'ask': 524.75}","{'bid': 526.11, 'ask': 526.23}","{'bid': 526.49, 'ask': 526.61}","{'bid': 524.15, 'ask': 524.28}",4303,524.62,526.49,524.15,526.11
2025-04-22 19:45:00,2025-04-22T20:45:00,2025-04-22T19:45:00,"{'bid': 526.09, 'ask': 526.22}","{'bid': 526.86, 'ask': 527.0}","{'bid': 527.44, 'ask': 527.56}","{'bid': 525.65, 'ask': 525.78}",5892,526.09,527.44,525.65,526.86
2025-04-22 20:00:00,2025-04-22T21:00:00,2025-04-22T20:00:00,"{'bid': 526.88, 'ask': 527.0}","{'bid': 526.8, 'ask': 526.98}","{'bid': 528.31, 'ask': 528.87}","{'bid': 525.99, 'ask': 526.21}",2073,526.88,528.31,525.99,526.8
2025-04-22 20:15:00,2025-04-22T21:15:00,2025-04-22T20:15:00,"{'bid': 526.82, 'ask': 526.98}","{'bid': 527.18, 'ask': 527.34}","{'bid': 527.25, 'ask': 527.44}","{'bid': 526.7, 'ask': 526.83}",772,526.82,527.25,526.7,527.18
2025-04-22 20:30:00,2025-04-22T21:30:00,2025-04-22T20:30:00,"{'bid': 527.18, 'ask': 527.35}","{'bid': 527.18, 'ask': 527.36}","{'bid': 527.47, 'ask': 527.64}","{'bid': 526.7, 'ask': 527.13}",584,527.18,527.47,526.7,527.18
2025-04-22 20:45:00,2025-04-22T21:45:00,2025-04-22T20:45:00,"{'bid': 527.13, 'ask': 527.31}","{'bid': 526.75, 'ask': 527.01}","{'bid': 527.16, 'ask': 527.46}","{'bid': 526.66, 'ask': 526.82}",657,527.13,527.16,526.66,526.75
2025-04-22 21:00:00,2025-04-22T22:00:00,2025-04-22T21:00:00,"{'bid': 526.72, 'ask': 527.01}","{'bid': 526.79, 'ask': 527.19}","{'bid': 527.06, 'ask': 527.95}","{'bid': 526.65, 'ask': 527.01}",28,526.72,527.06,526.65,526.79
2025-04-22 21:15:00,2025-04-22T22:15:00,2025-04-22T21:15:00,"{'bid': 527.01, 'ask': 527.19}","{'bid': 533.51, 'ask': 534.45}","{'bid': 533.95, 'ask': 534.65}","{'bid': 526.79, 'ask': 527.19}",655,527.01,533.95,526.79,533.51
2025-04-22 21:30:00,2025-04-22T22:30:00,2025-04-22T21:30:00,"{'bid': 533.51, 'ask': 534.51}","{'bid': 537.45, 'ask': 537.6}","{'bid': 537.46, 'ask': 537.8}","{'bid': 532.78, 'ask': 533.17}",805,533.51,537.46,532.78,537.45
2025-04-22 21:45:00,2025-04-22T22:45:00,2025-04-22T21:45:00,"{'bid': 537.45, 'ask': 537.8}","{'bid': 534.88, 'ask': 535.58}","{'bid': 537.69, 'ask': 538.55}","{'bid': 534.51, 'ask': 535.0}",675,537.45,537.69,534.51,534.88
2025-04-22 22:00:00,2025-04-22T23:00:00,2025-04-22T22:00:00,"{'bid': 534.06, 'ask': 535.07}","{'bid': 534.57, 'ask': 534.75}","{'bid': 536.84, 'ask': 537.08}","{'bid': 533.02, 'ask': 533.52}",2451,534.06,536.84,533.02,534.57
2025-04-22 22:15:00,2025-04-22T23:15:00,2025-04-22T22:15:00,"{'bid': 534.6, 'ask': 534.75}","{'bid': 535.62, 'ask': 535.75}","{'bid': 535.62, 'ask': 535.75}","{'bid': 533.69, 'ask': 534.22}",1748,534.6,535.62,533.69,535.62
2025-04-22 22:30:00,2025-04-22T23:30:00,2025-04-22T22:30:00,"{'bid': 535.64, 'ask': 535.85}","{'bid': 535.77, 'ask': 536.0}","{'bid': 535.8, 'ask': 536.05}","{'bid': 534.17, 'ask': 534.51}",1606,535.64,535.8,534.17,535.77
2025-04-22 22:45:00,2025-04-22T23:45:00,2025-04-22T22:45:00,"{'bid': 535.77, 'ask': 536.05}","{'bid': 536.49, 'ask': 537.08}","{'bid': 536.91, 'ask': 537.08}","{'bid': 535.04, 'ask': 535.63}",1167,535.77,536.91,535.04,536.49
2025-04-22 23:00:00,2025-04-23T00:00:00,2025-04-22T23:00:00,"{'bid': 536.91, 'ask': 537.08}","{'bid': 537.54, 'ask': 537.74}","{'bid': 537.64, 'ask': 537.97}","{'bid': 536.05, 'ask': 536.73}",1462,536.91,537.64,536.05,537.54
2025-04-22 23:15:00,2025-04-23T00:15:00,2025-04-22T23:15:00,"{'bid': 537.54, 'ask': 537.76}","{'bid': 536.12, 'ask': 536.35}","{'bid': 537.61, 'ask': 537.97}","{'bid': 535.77, 'ask': 536.04}",1322,537.54,537.61,535.77,536.12
2025-04-22 23:30:00,2025-04-23T00:30:00,2025-04-22T23:30:00,"{'bid': 536.12, 'ask': 536.42}","{'bid': 536.09, 'ask': 536.32}","{'bid': 536.36, 'ask': 537.14}","{'bid': 535.64, 'ask': 535.9}",660,536.12,536.36,535.64,536.09
2025-04-22 23:45:00,2025-04-23T00:45:00,2025-04-22T23:45:00,"{'bid': 536.08, 'ask': 536.32}","{'bid': 536.55, 'ask': 536.67}","{'bid': 536.8, 'ask': 537.65}","{'bid': 535.94, 'ask': 536.08}",786,536.08,536.8,535.94,536.55
2025-04-23 08:00:00,2025-04-23T09:00:00,2025-04-23T08:00:00,"{'bid': 536.65, 'ask': 537.01}","{'bid': 537.47, 'ask': 537.68}","{'bid': 537.49, 'ask': 537.95}","{'bid': 536.36, 'ask': 536.55}",594,536.65,537.49,536.36,537.47
2025-04-23 08:15:00,2025-04-23T09:15:00,2025-04-23T08:15:00,"{'bid': 537.5, 'ask': 537.68}","{'bid': 537.39, 'ask': 537.63}","{'bid': 537.65, 'ask': 538.09}","{'bid': 537.1, 'ask': 537.4}",681,537.5,537.65,537.1,537.39
2025-04-23 08:30:00,2025-04-23T09:30:00,2025-04-23T08:30:00,"{'bid': 537.4, 'ask': 537.62}","{'bid': 538.31, 'ask': 538.51}","{'bid': 538.46, 'ask': 538.85}","{'bid': 537.11, 'ask': 537.59}",628,537.4,538.46,537.11,538.31
2025-04-23 08:45:00,2025-04-23T09:45:00,2025-04-23T08:45:00,"{'bid': 538.26, 'ask': 538.49}","{'bid': 537.83, 'ask': 538.01}","{'bid': 538.67, 'ask': 539.0}","{'bid': 537.55, 'ask': 537.91}",610,538.26,538.67,537.55,537.83
2025-04-23 09:00:00,2025-04-23T10:00:00,2025-04-23T09:00:00,"{'bid': 537.84, 'ask': 538.03}","{'bid': 538.26, 'ask': 538.46}","{'bid': 538.32, 'ask': 538.83}","{'bid': 537.83, 'ask': 538.03}",464,537.84,538.32,537.83,538.26
2025-04-23 09:15:00,2025-04-23T10:15:00,2025-04-23T09:15:00,"{'bid': 538.29, 'ask': 538.48}","{'bid': 537.84, 'ask': 538.04}","{'bid': 538.43, 'ask': 538.85}","{'bid': 537.55, 'ask': 537.95}",409,538.29,538.43,537.55,537.84
2025-04-23 09:30:00,2025-04-23T10:30:00,2025-04-23T09:30:00,"{'bid': 537.87, 'ask': 538.05}","{'bid': 537.15, 'ask': 537.35}","{'bid': 537.89, 'ask': 538.25}","{'bid': 536.95, 'ask': 537.33}",569,537.87,537.89,536.95,537.15
2025-04-23 09:45:00,2025-04-23T10:45:00,2025-04-23T09:45:00,"{'bid': 537.2, 'ask': 537.47}","{'bid': 538.01, 'ask': 538.22}","{'bid': 538.11, 'ask': 538.55}","{'bid': 536.95, 'ask': 537.32}",707,537.2,538.11,536.95,538.01
2025-04-23 10:00:00,2025-04-23T11:00:00,2025-04-23T10:00:00,"{'bid': 537.99, 'ask': 538.2}","{'bid': 537.97, 'ask': 538.2}","{'bid': 538.36, 'ask': 538.85}","{'bid': 537.55, 'ask': 538.01}",696,537.99,538.36,537.55,537.97
2025-04-23 10:15:00,2025-04-23T11:15:00,2025-04-23T10:15:00,"{'bid': 537.97, 'ask': 538.18}","{'bid': 538.87, 'ask': 539.07}","{'bid': 538.93, 'ask': 539.42}","{'bid': 537.85, 'ask': 538.15}",680,537.97,538.93,537.85,538.87
2025-04-23 10:30:00,2025-04-23T11:30:00,2025-04-23T10:30:00,"{'bid': 538.87, 'ask': 539.08}","{'bid': 539.53, 'ask': 539.72}","{'bid': 539.58, 'ask': 540.05}","{'bid': 538.26, 'ask': 538.8}",527,538.87,539.58,538.26,539.53
2025-04-23 10:45:00,2025-04-23T11:45:00,2025-04-23T10:45:00,"{'bid': 539.54, 'ask': 539.72}","{'bid': 540.05, 'ask': 540.24}","{'bid': 540.31, 'ask': 540.57}","{'bid': 539.4, 'ask': 539.72}",634,539.54,540.31,539.4,540.05
2025-04-23 11:00:00,2025-04-23T12:00:00,2025-04-23T11:00:00,"{'bid': 540.05, 'ask': 540.23}","{'bid': 540.25, 'ask': 540.49}","{'bid': 540.58, 'ask': 541.19}","{'bid': 539.65, 'ask': 540.15}",1059,540.05,540.58,539.65,540.25
2025-04-23 11:15:00,2025-04-23T12:15:00,2025-04-23T11:15:00,"{'bid': 540.24, 'ask': 540.46}","{'bid': 539.2, 'ask': 539.39}","{'bid': 540.44, 'ask': 540.95}","{'bid': 539.14, 'ask': 539.35}",904,540.24,540.44,539.14,539.2
2025-04-23 11:30:00,2025-04-23T12:30:00,2025-04-23T11:30:00,"{'bid': 539.17, 'ask': 539.39}","{'bid': 538.89, 'ask': 539.03}","{'bid': 539.56, 'ask': 540.05}","{'bid': 538.45, 'ask': 539.0}",1245,539.17,539.56,538.45,538.89
2025-04-23 11:45:00,2025-04-23T12:45:00,2025-04-23T11:45:00,"{'bid': 538.89, 'ask': 539.07}","{'bid': 538.44, 'ask': 538.7}","{'bid': 539.35, 'ask': 539.75}","{'bid': 538.15, 'ask': 538.65}",1094,538.89,539.35,538.15,538.44
2025-04-23 12:00:00,2025-04-23T13:00:00,2025-04-23T12:00:00,"{'bid': 538.49, 'ask': 538.76}","{'bid': 539.17, 'ask': 539.35}","{'bid': 539.22, 'ask': 539.75}","{'bid': 538.15, 'ask': 538.58}",1692,538.49,539.22,538.15,539.17
2025-04-23 12:15:00,2025-04-23T13:15:00,2025-04-23T12:15:00,"{'bid': 539.13, 'ask': 539.33}","{'bid': 539.24, 'ask': 539.41}","{'bid': 539.52, 'ask': 539.95}","{'bid': 538.75, 'ask': 539.27}",1376,539.13,539.52,538.75,539.24
2025-04-23 12:30:00,2025-04-23T13:30:00,2025-04-23T12:30:00,"{'bid': 539.26, 'ask': 539.43}","{'bid': 540.28, 'ask': 540.44}","{'bid': 540.38, 'ask': 540.53}","{'bid': 539.12, 'ask': 539.28}",960,539.26,540.38,539.12,540.28
2025-04-23 12:45:00,2025-04-23T13:45:00,2025-04-23T12:45:00,"{'bid': 540.28, 'ask': 540.46}","{'bid': 540.87, 'ask': 541.02}","{'bid': 540.96, 'ask': 541.13}","{'bid': 540.18, 'ask': 540.35}",733,540.28,540.96,540.18,540.87
2025-04-23 13:00:00,2025-04-23T14:00:00,2025-04-23T13:00:00,"{'bid': 540.87, 'ask': 541.01}","{'bid': 539.53, 'ask': 539.7}","{'bid': 540.92, 'ask': 541.08}","{'bid': 538.75, 'ask': 539.13}",1888,540.87,540.92,538.75,539.53
2025-04-23 13:15:00,2025-04-23T14:15:00,2025-04-23T13:15:00,"{'bid': 539.57, 'ask': 539.74}","{'bid': 540.35, 'ask': 540.54}","{'bid': 540.76, 'ask': 541.03}","{'bid': 539.55, 'ask': 539.73}",1559,539.57,540.76,539.55,540.35
2025-04-23 13:30:00,2025-04-23T14:30:00,2025-04-23T13:30:00,"{'bid': 540.35, 'ask': 540.52}","{'bid': 542.56, 'ask': 542.82}","{'bid': 544.53, 'ask': 544.7}","{'bid': 539.45, 'ask': 539.58}",8869,540.35,544.53,539.45,542.56
2025-04-23 13:45:00,2025-04-23T14:45:00,2025-04-23T13:45:00,"{'bid': 542.55, 'ask': 542.79}","{'bid': 543.25, 'ask': 543.47}","{'bid': 544.9, 'ask': 545.05}","{'bid': 541.73, 'ask': 541.87}",8119,542.55,544.9,541.73,543.25
2025-04-23 14:00:00,2025-04-23T15:00:00,2025-04-23T14:00:00,"{'bid': 543.31, 'ask': 543.52}","{'bid': 543.09, 'ask': 543.24}","{'bid': 545.22, 'ask': 545.53}","{'bid': 541.48, 'ask': 541.63}",8230,543.31,545.22,541.48,543.09
2025-04-23 14:15:00,2025-04-23T15:15:00,2025-04-23T14:15:00,"{'bid': 543.11, 'ask': 543.25}","{'bid': 543.79, 'ask': 543.95}","{'bid': 544.11, 'ask': 544.25}","{'bid': 540.68, 'ask': 540.81}",6997,543.11,544.11,540.68,543.79
2025-04-23 14:30:00,2025-04-23T15:30:00,2025-04-23T14:30:00,"{'bid': 543.83, 'ask': 543.96}","{'bid': 544.28, 'ask': 544.41}","{'bid': 545.12, 'ask': 545.26}","{'bid': 543.38, 'ask': 543.51}",5173,543.83,545.12,543.38,544.28
2025-04-23 14:45:00,2025-04-23T15:45:00,2025-04-23T14:45:00,"{'bid': 544.24, 'ask': 544.39}","{'bid': 542.5, 'ask': 542.62}","{'bid': 544.71, 'ask': 544.84}","{'bid': 542.18, 'ask': 542.31}",5595,544.24,544.71,542.18,542.5
2025-04-23 15:00:00,2025-04-23T16:00:00,2025-04-23T15:00:00,"{'bid': 542.51, 'ask': 542.64}","{'bid': 542.2, 'ask': 542.33}","{'bid': 543.48, 'ask': 543.66}","{'bid': 540.75, 'ask': 540.89}",5716,542.51,543.48,540.75,542.2
2025-04-23 15:15:00,2025-04-23T16:15:00,2025-04-23T15:15:00,"{'bid': 542.2, 'ask': 542.34}","{'bid': 538.53, 'ask': 538.65}","{'bid': 542.26, 'ask': 542.39}","{'bid': 537.61, 'ask': 537.74}",6575,542.2,542.26,537.61,538.53
2025-04-23 15:30:00,2025-04-23T16:30:00,2025-04-23T15:30:00,"{'bid': 538.53, 'ask': 538.66}","{'bid': 537.84, 'ask': 537.99}","{'bid': 539.43, 'ask': 539.56}","{'bid': 536.89, 'ask': 537.02}",6624,538.53,539.43,536.89,537.84
2025-04-23 15:45:00,2025-04-23T16:45:00,2025-04-23T15:45:00,"{'bid': 537.84, 'ask': 537.98}","{'bid': 537.38, 'ask': 537.52}","{'bid': 538.26, 'ask': 538.39}","{'bid': 535.51, 'ask': 535.64}",5869,537.84,538.26,535.51,537.38
2025-04-23 16:00:00,2025-04-23T17:00:00,2025-04-23T16:00:00,"{'bid': 537.39, 'ask': 537.52}","{'bid': 536.03, 'ask': 536.18}","{'bid': 537.51, 'ask': 537.64}","{'bid': 535.57, 'ask': 535.7}",5406,537.39,537.51,535.57,536.03
2025-04-23 16:15:00,2025-04-23T17:15:00,2025-04-23T16:15:00,"{'bid': 536.06, 'ask': 536.2}","{'bid': 536.22, 'ask': 536.34}","{'bid': 536.34, 'ask': 536.46}","{'bid': 533.95, 'ask': 534.08}",5215,536.06,536.34,533.95,536.22
2025-04-23 16:30:00,2025-04-23T17:30:00,2025-04-23T16:30:00,"{'bid': 536.24, 'ask': 536.37}","{'bid': 537.16, 'ask': 537.31}","{'bid': 537.65, 'ask': 537.78}","{'bid': 536.03, 'ask': 536.17}",4888,536.24,537.65,536.03,537.16
2025-04-23 16:45:00,2025-04-23T17:45:00,2025-04-23T16:45:00,"{'bid': 537.16, 'ask': 537.3}","{'bid': 538.15, 'ask': 538.29}","{'bid': 538.58, 'ask': 538.71}","{'bid': 535.7, 'ask': 535.84}",5068,537.16,538.58,535.7,538.15
2025-04-23 17:00:00,2025-04-23T18:00:00,2025-04-23T17:00:00,"{'bid': 538.12, 'ask': 538.26}","{'bid': 538.98, 'ask': 539.11}","{'bid': 539.25, 'ask': 539.37}","{'bid': 536.03, 'ask': 536.32}",4337,538.12,539.25,536.03,538.98
2025-04-23 17:15:00,2025-04-23T18:15:00,2025-04-23T17:15:00,"{'bid': 538.96, 'ask': 539.11}","{'bid': 538.13, 'ask': 538.26}","{'bid': 539.51, 'ask': 539.64}","{'bid': 538.11, 'ask': 538.24}",3773,538.96,539.51,538.11,538.13
2025-04-23 17:30:00,2025-04-23T18:30:00,2025-04-23T17:30:00,"{'bid': 538.14, 'ask': 538.28}","{'bid': 537.44, 'ask': 537.57}","{'bid': 538.78, 'ask': 538.91}","{'bid': 536.29, 'ask': 536.41}",4598,538.14,538.78,536.29,537.44
2025-04-23 17:45:00,2025-04-23T18:45:00,2025-04-23T17:45:00,"{'bid': 537.45, 'ask': 537.58}","{'bid': 538.28, 'ask': 538.41}","{'bid': 538.92, 'ask': 539.05}","{'bid': 536.67, 'ask': 536.81}",4247,537.45,538.92,536.67,538.28
2025-04-23 18:00:00,2025-04-23T19:00:00,2025-04-23T18:00:00,"{'bid': 538.29, 'ask': 538.43}","{'bid': 537.92, 'ask': 538.08}","{'bid': 538.71, 'ask': 538.83}","{'bid': 536.98, 'ask': 537.1}",4476,538.29,538.71,536.98,537.92
2025-04-23 18:15:00,2025-04-23T19:15:00,2025-04-23T18:15:00,"{'bid': 537.95, 'ask': 538.1}","{'bid': 536.5, 'ask': 536.62}","{'bid': 538.82, 'ask': 538.95}","{'bid': 536.21, 'ask': 536.33}",4689,537.95,538.82,536.21,536.5
2025-04-23 18:30:00,2025-04-23T19:30:00,2025-04-23T18:30:00,"{'bid': 536.5, 'ask': 536.63}","{'bid': 535.91, 'ask': 536.05}","{'bid': 537.67, 'ask': 537.8}","{'bid': 535.91, 'ask': 536.04}",4677,536.5,537.67,535.91,535.91
2025-04-23 18:45:00,2025-04-23T19:45:00,2025-04-23T18:45:00,"{'bid': 535.92, 'ask': 536.05}","{'bid': 536.3, 'ask': 536.44}","{'bid': 537.26, 'ask': 537.38}","{'bid': 535.75, 'ask': 535.87}",4391,535.92,537.26,535.75,536.3
2025-04-23 19:00:00,2025-04-23T20:00:00,2025-04-23T19:00:00,"{'bid': 536.28, 'ask': 536.41}","{'bid': 535.51, 'ask': 535.66}","{'bid': 536.94, 'ask': 537.07}","{'bid': 534.98, 'ask': 535.11}",5163,536.28,536.94,534.98,535.51
2025-04-23 19:15:00,2025-04-23T20:15:00,2025-04-23T19:15:00,"{'bid': 535.53, 'ask': 535.66}","{'bid': 534.6, 'ask': 534.73}","{'bid': 535.69, 'ask': 535.82}","{'bid': 534.04, 'ask': 534.16}",5191,535.53,535.69,534.04,534.6
2025-04-23 19:30:00,2025-04-23T20:30:00,2025-04-23T19:30:00,"{'bid': 534.57, 'ask': 534.7}","{'bid': 534.65, 'ask': 534.77}","{'bid': 535.72, 'ask': 535.85}","{'bid': 533.78, 'ask': 533.94}",5944,534.57,535.72,533.78,534.65
2025-04-23 19:45:00,2025-04-23T20:45:00,2025-04-23T19:45:00,"{'bid': 534.65, 'ask': 534.78}","{'bid': 535.58, 'ask': 535.7}","{'bid': 537.1, 'ask': 537.29}","{'bid': 533.95, 'ask': 534.1}",6996,534.65,537.1,533.95,535.58
2025-04-23 20:00:00,2025-04-23T21:00:00,2025-04-23T20:00:00,"{'bid': 535.53, 'ask': 535.65}","{'bid': 535.5, 'ask': 535.67}","{'bid': 536.25, 'ask': 536.75}","{'bid': 534.85, 'ask': 535.3}",2411,535.53,536.25,534.85,535.5
2025-04-23 20:15:00,2025-04-23T21:15:00,2025-04-23T20:15:00,"{'bid': 535.5, 'ask': 535.66}","{'bid': 537.78, 'ask': 537.96}","{'bid': 538.75, 'ask': 539.05}","{'bid': 535.49, 'ask': 535.65}",3023,535.5,538.75,535.49,537.78
2025-04-23 20:30:00,2025-04-23T21:30:00,2025-04-23T20:30:00,"{'bid': 537.75, 'ask': 537.94}","{'bid': 536.75, 'ask': 536.95}","{'bid': 538.25, 'ask': 538.4}","{'bid': 536.75, 'ask': 536.95}",1283,537.75,538.25,536.75,536.75
2025-04-23 20:45:00,2025-04-23T21:45:00,2025-04-23T20:45:00,"{'bid': 536.75, 'ask': 536.96}","{'bid': 536.75, 'ask': 536.95}","{'bid': 537.38, 'ask': 537.95}","{'bid': 536.75, 'ask': 536.95}",1012,536.75,537.38,536.75,536.75
2025-04-23 21:00:00,2025-04-23T22:00:00,2025-04-23T21:00:00,"{'bid': 536.75, 'ask': 538.35}","{'bid': 537.34, 'ask': 537.63}","{'bid': 537.55, 'ask': 538.35}","{'bid': 536.75, 'ask': 537.39}",78,536.75,537.55,536.75,537.34
2025-04-23 21:15:00,2025-04-23T22:15:00,2025-04-23T21:15:00,"{'bid': 537.34, 'ask': 537.64}","{'bid': 536.95, 'ask': 537.45}","{'bid': 537.7, 'ask': 538.65}","{'bid': 536.95, 'ask': 537.19}",113,537.34,537.7,536.95,536.95
2025-04-23 21:30:00,2025-04-23T22:30:00,2025-04-23T21:30:00,"{'bid': 536.95, 'ask': 537.24}","{'bid': 536.28, 'ask': 536.55}","{'bid': 536.96, 'ask': 537.24}","{'bid': 536.14, 'ask': 536.53}",113,536.95,536.96,536.14,536.28
2025-04-23 21:45:00,2025-04-23T22:45:00,2025-04-23T21:45:00,"{'bid': 536.25, 'ask': 536.55}","{'bid': 535.74, 'ask': 536.73}","{'bid': 536.25, 'ask': 536.73}","{'bid': 533.45, 'ask': 535.84}",170,536.25,536.25,533.45,535.74
2025-04-23 22:00:00,2025-04-23T23:00:00,2025-04-23T22:00:00,"{'bid': 535.95, 'ask': 536.73}","{'bid': 534.45, 'ask': 534.68}","{'bid': 536.65, 'ask': 537.85}","{'bid': 534.25, 'ask': 534.63}",1157,535.95,536.65,534.25,534.45
2025-04-23 22:15:00,2025-04-23T23:15:00,2025-04-23T22:15:00,"{'bid': 534.14, 'ask': 534.68}","{'bid': 535.18, 'ask': 535.35}","{'bid': 535.18, 'ask': 535.8}","{'bid': 534.08, 'ask': 534.54}",603,534.14,535.18,534.08,535.18
2025-04-23 22:30:00,2025-04-23T23:30:00,2025-04-23T22:30:00,"{'bid': 535.2, 'ask': 535.35}","{'bid': 535.82, 'ask': 536.07}","{'bid': 536.27, 'ask': 536.75}","{'bid': 534.85, 'ask': 535.22}",809,535.2,536.27,534.85,535.82
2025-04-23 22:45:00,2025-04-23T23:45:00,2025-04-23T22:45:00,"{'bid': 535.82, 'ask': 536.06}","{'bid': 536.02, 'ask': 536.25}","{'bid': 536.15, 'ask': 536.71}","{'bid': 535.45, 'ask': 535.82}",617,535.82,536.15,535.45,536.02
2025-04-23 23:00:00,2025-04-24T00:00:00,2025-04-23T23:00:00,"{'bid': 535.98, 'ask': 536.25}","{'bid': 536.36, 'ask': 536.59}","{'bid': 536.52, 'ask': 536.9}","{'bid': 535.84, 'ask': 536.03}",698,535.98,536.52,535.84,536.36
2025-04-23 23:15:00,2025-04-24T00:15:00,2025-04-23T23:15:00,"{'bid': 536.36, 'ask': 536.6}","{'bid': 536.42, 'ask': 536.66}","{'bid': 536.98, 'ask': 537.51}","{'bid': 536.07, 'ask': 536.41}",633,536.36,536.98,536.07,536.42
2025-04-23 23:30:00,2025-04-24T00:30:00,2025-04-23T23:30:00,"{'bid': 536.41, 'ask': 536.66}","{'bid': 536.29, 'ask': 536.5}","{'bid': 536.41, 'ask': 536.86}","{'bid': 535.45, 'ask': 536.03}",729,536.41,536.41,535.45,536.29
2025-04-23 23:45:00,2025-04-24T00:45:00,2025-04-23T23:45:00,"{'bid': 536.28, 'ask': 536.5}","{'bid': 536.57, 'ask': 536.79}","{'bid': 536.88, 'ask': 537.35}","{'bid': 535.94, 'ask': 536.48}",717,536.28,536.88,535.94,536.57
2025-04-24 08:00:00,2025-04-24T09:00:00,2025-04-24T08:00:00,"{'bid': 532.45, 'ask': 533.15}","{'bid': 532.7, 'ask': 532.95}","{'bid': 533.47, 'ask': 533.99}","{'bid': 532.16, 'ask': 532.64}",1612,532.45,533.47,532.16,532.7
2025-04-24 08:15:00,2025-04-24T09:15:00,2025-04-24T08:15:00,"{'bid': 532.7, 'ask': 532.94}","{'bid': 532.0, 'ask': 532.24}","{'bid': 533.0, 'ask': 533.45}","{'bid': 531.95, 'ask': 532.19}",1062,532.7,533.0,531.95,532.0
2025-04-24 08:30:00,2025-04-24T09:30:00,2025-04-24T08:30:00,"{'bid': 532.01, 'ask': 532.24}","{'bid': 531.51, 'ask': 531.71}","{'bid': 532.21, 'ask': 532.55}","{'bid': 530.83, 'ask': 531.32}",1128,532.01,532.21,530.83,531.51
2025-04-24 08:45:00,2025-04-24T09:45:00,2025-04-24T08:45:00,"{'bid': 531.51, 'ask': 531.72}","{'bid': 531.95, 'ask': 532.15}","{'bid': 532.04, 'ask': 532.55}","{'bid': 530.66, 'ask': 531.24}",1269,531.51,532.04,530.66,531.95
2025-04-24 09:00:00,2025-04-24T10:00:00,2025-04-24T09:00:00,"{'bid': 531.99, 'ask': 532.55}","{'bid': 532.34, 'ask': 532.55}","{'bid': 532.37, 'ask': 532.85}","{'bid': 531.63, 'ask': 532.1}",814,531.99,532.37,531.63,532.34
2025-04-24 09:15:00,2025-04-24T10:15:00,2025-04-24T09:15:00,"{'bid': 532.35, 'ask': 532.53}","{'bid': 532.43, 'ask': 532.64}","{'bid': 532.63, 'ask': 533.09}","{'bid': 531.85, 'ask': 532.43}",641,532.35,532.63,531.85,532.43
2025-04-24 09:30:00,2025-04-24T10:30:00,2025-04-24T09:30:00,"{'bid': 532.42, 'ask': 532.61}","{'bid': 532.97, 'ask': 533.19}","{'bid': 533.07, 'ask': 533.39}","{'bid': 532.16, 'ask': 532.58}",584,532.42,533.07,532.16,532.97
2025-04-24 09:45:00,2025-04-24T10:45:00,2025-04-24T09:45:00,"{'bid': 532.98, 'ask': 533.19}","{'bid': 533.09, 'ask': 533.29}","{'bid': 533.36, 'ask': 533.62}","{'bid': 532.45, 'ask': 532.91}",589,532.98,533.36,532.45,533.09
2025-04-24 10:00:00,2025-04-24T11:00:00,2025-04-24T10:00:00,"{'bid': 533.1, 'ask': 533.29}","{'bid': 533.43, 'ask': 533.67}","{'bid': 533.91, 'ask': 534.35}","{'bid': 532.94, 'ask': 533.29}",970,533.1,533.91,532.94,533.43
2025-04-24 10:15:00,2025-04-24T11:15:00,2025-04-24T10:15:00,"{'bid': 533.43, 'ask': 533.66}","{'bid': 533.6, 'ask': 533.83}","{'bid': 533.62, 'ask': 534.04}","{'bid': 532.75, 'ask': 533.14}",854,533.43,533.62,532.75,533.6
2025-04-24 10:30:00,2025-04-24T11:30:00,2025-04-24T10:30:00,"{'bid': 533.59, 'ask': 533.82}","{'bid': 534.98, 'ask': 535.19}","{'bid': 534.98, 'ask': 535.44}","{'bid': 533.52, 'ask': 533.75}",1013,533.59,534.98,533.52,534.98
2025-04-24 10:45:00,2025-04-24T11:45:00,2025-04-24T10:45:00,"{'bid': 534.99, 'ask': 535.24}","{'bid': 535.86, 'ask': 536.12}","{'bid': 536.36, 'ask': 539.69}","{'bid': 534.55, 'ask': 535.04}",1828,534.99,536.36,534.55,535.86
2025-04-24 11:00:00,2025-04-24T12:00:00,2025-04-24T11:00:00,"{'bid': 535.86, 'ask': 536.09}","{'bid': 534.78, 'ask': 534.98}","{'bid': 535.9, 'ask': 536.38}","{'bid': 534.55, 'ask': 534.96}",1192,535.86,535.9,534.55,534.78
2025-04-24 11:15:00,2025-04-24T12:15:00,2025-04-24T11:15:00,"{'bid': 534.8, 'ask': 535.0}","{'bid': 534.2, 'ask': 534.43}","{'bid': 534.84, 'ask': 535.24}","{'bid': 533.82, 'ask': 534.17}",1141,534.8,534.84,533.82,534.2
2025-04-24 11:30:00,2025-04-24T12:30:00,2025-04-24T11:30:00,"{'bid': 534.17, 'ask': 534.41}","{'bid': 533.68, 'ask': 533.9}","{'bid': 535.51, 'ask': 536.15}","{'bid': 533.45, 'ask': 533.66}",1721,534.17,535.51,533.45,533.68
2025-04-24 11:45:00,2025-04-24T12:45:00,2025-04-24T11:45:00,"{'bid': 533.68, 'ask': 533.91}","{'bid': 534.23, 'ask': 534.44}","{'bid': 534.32, 'ask': 534.65}","{'bid': 533.45, 'ask': 533.83}",1075,533.68,534.32,533.45,534.23
2025-04-24 12:00:00,2025-04-24T13:00:00,2025-04-24T12:00:00,"{'bid': 534.2, 'ask': 534.42}","{'bid': 534.82, 'ask': 535.0}","{'bid': 534.85, 'ask': 535.04}","{'bid': 533.95, 'ask': 534.41}",1120,534.2,534.85,533.95,534.82
2025-04-24 12:15:00,2025-04-24T13:15:00,2025-04-24T12:15:00,"{'bid': 534.84, 'ask': 535.0}","{'bid': 534.39, 'ask': 535.05}","{'bid': 535.25, 'ask': 535.8}","{'bid': 534.03, 'ask': 534.35}",1939,534.84,535.25,534.03,534.39
2025-04-24 12:30:00,2025-04-24T13:30:00,2025-04-24T12:30:00,"{'bid': 534.51, 'ask': 535.05}","{'bid': 536.24, 'ask': 536.42}","{'bid': 536.3, 'ask': 536.75}","{'bid': 534.39, 'ask': 534.59}",1492,534.51,536.3,534.39,536.24
2025-04-24 12:45:00,2025-04-24T13:45:00,2025-04-24T12:45:00,"{'bid': 536.24, 'ask': 536.4}","{'bid': 535.99, 'ask': 536.17}","{'bid': 536.33, 'ask': 536.75}","{'bid': 535.2, 'ask': 535.54}",1204,536.24,536.33,535.2,535.99
2025-04-24 13:00:00,2025-04-24T14:00:00,2025-04-24T13:00:00,"{'bid': 535.99, 'ask': 536.16}","{'bid': 535.81, 'ask': 535.99}","{'bid': 536.27, 'ask': 536.45}","{'bid': 535.45, 'ask': 535.68}",1286,535.99,536.27,535.45,535.81
2025-04-24 13:15:00,2025-04-24T14:15:00,2025-04-24T13:15:00,"{'bid': 535.83, 'ask': 535.99}","{'bid': 536.61, 'ask': 536.81}","{'bid': 536.7, 'ask': 537.15}","{'bid': 535.46, 'ask': 535.89}",1506,535.83,536.7,535.46,536.61
2025-04-24 13:30:00,2025-04-24T14:30:00,2025-04-24T13:30:00,"{'bid': 536.63, 'ask': 536.8}","{'bid': 537.69, 'ask': 537.83}","{'bid': 537.85, 'ask': 537.99}","{'bid': 535.38, 'ask': 535.51}",6275,536.63,537.85,535.38,537.69
2025-04-24 13:45:00,2025-04-24T14:45:00,2025-04-24T13:45:00,"{'bid': 537.71, 'ask': 537.85}","{'bid': 539.41, 'ask': 539.54}","{'bid': 539.6, 'ask': 539.73}","{'bid': 537.65, 'ask': 537.8}",4432,537.71,539.6,537.65,539.41
2025-04-24 14:00:00,2025-04-24T15:00:00,2025-04-24T14:00:00,"{'bid': 539.41, 'ask': 539.53}","{'bid': 539.91, 'ask': 540.03}","{'bid': 540.33, 'ask': 540.45}","{'bid': 538.97, 'ask': 539.1}",4721,539.41,540.33,538.97,539.91
2025-04-24 14:15:00,2025-04-24T15:15:00,2025-04-24T14:15:00,"{'bid': 539.91, 'ask': 540.04}","{'bid': 542.19, 'ask': 542.31}","{'bid': 542.27, 'ask': 542.4}","{'bid': 539.48, 'ask': 539.61}",4091,539.91,542.27,539.48,542.19
2025-04-24 14:30:00,2025-04-24T15:30:00,2025-04-24T14:30:00,"{'bid': 542.15, 'ask': 542.29}","{'bid': 541.95, 'ask': 542.1}","{'bid': 543.22, 'ask': 543.36}","{'bid': 541.65, 'ask': 541.8}",4340,542.15,543.22,541.65,541.95
2025-04-24 14:45:00,2025-04-24T15:45:00,2025-04-24T14:45:00,"{'bid': 541.97, 'ask': 542.1}","{'bid': 542.4, 'ask': 542.54}","{'bid': 542.63, 'ask': 542.77}","{'bid': 540.97, 'ask': 541.14}",4108,541.97,542.63,540.97,542.4
2025-04-24 15:00:00,2025-04-24T16:00:00,2025-04-24T15:00:00,"{'bid': 542.4, 'ask': 542.53}","{'bid': 543.43, 'ask': 543.57}","{'bid': 543.8, 'ask': 543.93}","{'bid': 541.92, 'ask': 542.04}",3487,542.4,543.8,541.92,543.43
2025-04-24 15:15:00,2025-04-24T16:15:00,2025-04-24T15:15:00,"{'bid': 543.45, 'ask': 543.58}","{'bid': 542.4, 'ask': 542.55}","{'bid': 543.75, 'ask': 543.89}","{'bid': 542.03, 'ask': 542.16}",3205,543.45,543.75,542.03,542.4
2025-04-24 15:30:00,2025-04-24T16:30:00,2025-04-24T15:30:00,"{'bid': 542.42, 'ask': 542.55}","{'bid': 542.39, 'ask': 542.53}","{'bid': 543.12, 'ask': 543.26}","{'bid': 541.83, 'ask': 541.95}",3037,542.42,543.12,541.83,542.39
2025-04-24 15:45:00,2025-04-24T16:45:00,2025-04-24T15:45:00,"{'bid': 542.38, 'ask': 542.51}","{'bid': 542.69, 'ask': 542.84}","{'bid': 543.82, 'ask': 543.95}","{'bid': 542.19, 'ask': 542.32}",3313,542.38,543.82,542.19,542.69
2025-04-24 16:00:00,2025-04-24T17:00:00,2025-04-24T16:00:00,"{'bid': 542.7, 'ask': 542.84}","{'bid': 543.4, 'ask': 543.54}","{'bid': 543.44, 'ask': 543.56}","{'bid': 542.2, 'ask': 542.33}",3188,542.7,543.44,542.2,543.4
2025-04-24 16:15:00,2025-04-24T17:15:00,2025-04-24T16:15:00,"{'bid': 543.39, 'ask': 543.52}","{'bid': 544.4, 'ask': 544.52}","{'bid': 544.86, 'ask': 544.99}","{'bid': 543.24, 'ask': 543.37}",3297,543.39,544.86,543.24,544.4
2025-04-24 16:30:00,2025-04-24T17:30:00,2025-04-24T16:30:00,"{'bid': 544.38, 'ask': 544.5}","{'bid': 544.83, 'ask': 544.96}","{'bid': 545.27, 'ask': 545.4}","{'bid': 544.23, 'ask': 544.36}",2712,544.38,545.27,544.23,544.83
2025-04-24 16:45:00,2025-04-24T17:45:00,2025-04-24T16:45:00,"{'bid': 544.85, 'ask': 544.98}","{'bid': 545.38, 'ask': 545.5}","{'bid': 545.79, 'ask': 545.91}","{'bid': 544.29, 'ask': 544.42}",2364,544.85,545.79,544.29,545.38
2025-04-24 17:00:00,2025-04-24T18:00:00,2025-04-24T17:00:00,"{'bid': 545.36, 'ask': 545.5}","{'bid': 545.05, 'ask': 545.17}","{'bid': 545.39, 'ask': 545.52}","{'bid': 544.63, 'ask': 544.76}",2401,545.36,545.39,544.63,545.05
2025-04-24 17:15:00,2025-04-24T18:15:00,2025-04-24T17:15:00,"{'bid': 545.05, 'ask': 545.18}","{'bid': 544.91, 'ask': 545.03}","{'bid': 545.23, 'ask': 545.35}","{'bid': 543.97, 'ask': 544.09}",2700,545.05,545.23,543.97,544.91
2025-04-24 17:30:00,2025-04-24T18:30:00,2025-04-24T17:30:00,"{'bid': 544.92, 'ask': 545.05}","{'bid': 544.64, 'ask': 544.77}","{'bid': 545.53, 'ask': 545.66}","{'bid': 544.31, 'ask': 544.45}",2592,544.92,545.53,544.31,544.64
2025-04-24 17:45:00,2025-04-24T18:45:00,2025-04-24T17:45:00,"{'bid': 544.65, 'ask': 544.78}","{'bid': 545.21, 'ask': 545.34}","{'bid': 545.5, 'ask': 545.64}","{'bid': 544.3, 'ask': 544.45}",2266,544.65,545.5,544.3,545.21
2025-04-24 18:00:00,2025-04-24T19:00:00,2025-04-24T18:00:00,"{'bid': 545.22, 'ask': 545.34}","{'bid': 545.55, 'ask': 545.69}","{'bid': 546.2, 'ask': 546.39}","{'bid': 545.15, 'ask': 545.28}",2760,545.22,546.2,545.15,545.55
2025-04-24 18:15:00,2025-04-24T19:15:00,2025-04-24T18:15:00,"{'bid': 545.56, 'ask': 545.69}","{'bid': 545.44, 'ask': 545.57}","{'bid': 545.82, 'ask': 545.95}","{'bid': 544.97, 'ask': 545.1}",2462,545.56,545.82,544.97,545.44
2025-04-24 18:30:00,2025-04-24T19:30:00,2025-04-24T18:30:00,"{'bid': 545.45, 'ask': 545.58}","{'bid': 546.18, 'ask': 546.31}","{'bid': 546.49, 'ask': 546.62}","{'bid': 545.36, 'ask': 545.49}",2294,545.45,546.49,545.36,546.18
2025-04-24 18:45:00,2025-04-24T19:45:00,2025-04-24T18:45:00,"{'bid': 546.2, 'ask': 546.32}","{'bid': 546.02, 'ask': 546.14}","{'bid': 546.82, 'ask': 546.95}","{'bid': 546.02, 'ask': 546.14}",1951,546.2,546.82,546.02,546.02
2025-04-24 19:00:00,2025-04-24T20:00:00,2025-04-24T19:00:00,"{'bid': 546.01, 'ask': 546.13}","{'bid': 544.74, 'ask': 544.86}","{'bid': 546.05, 'ask': 546.17}","{'bid': 544.23, 'ask': 544.36}",3350,546.01,546.05,544.23,544.74
2025-04-24 19:15:00,2025-04-24T20:15:00,2025-04-24T19:15:00,"{'bid': 544.73, 'ask': 544.86}","{'bid': 544.81, 'ask': 544.94}","{'bid': 545.95, 'ask': 546.07}","{'bid': 544.66, 'ask': 544.78}",3151,544.73,545.95,544.66,544.81
2025-04-24 19:30:00,2025-04-24T20:30:00,2025-04-24T19:30:00,"{'bid': 544.83, 'ask': 544.96}","{'bid': 546.35, 'ask': 546.47}","{'bid': 546.46, 'ask': 546.59}","{'bid': 544.7, 'ask': 544.83}",3134,544.83,546.46,544.7,546.35
2025-04-24 19:45:00,2025-04-24T20:45:00,2025-04-24T19:45:00,"{'bid': 546.32, 'ask': 546.45}","{'bid': 546.39, 'ask': 546.52}","{'bid': 547.26, 'ask': 547.43}","{'bid': 546.07, 'ask': 546.19}",4388,546.32,547.26,546.07,546.39
2025-04-24 20:00:00,2025-04-24T21:00:00,2025-04-24T20:00:00,"{'bid': 546.45, 'ask': 546.6}","{'bid': 547.51, 'ask': 547.7}","{'bid': 549.1, 'ask': 550.0}","{'bid': 541.11, 'ask': 546.54}",2696,546.45,549.1,541.11,547.51
2025-04-24 20:15:00,2025-04-24T21:15:00,2025-04-24T20:15:00,"{'bid': 547.5, 'ask': 547.7}","{'bid': 547.32, 'ask': 547.48}","{'bid': 547.7, 'ask': 547.93}","{'bid': 546.99, 'ask': 547.16}",1399,547.5,547.7,546.99,547.32
2025-04-24 20:30:00,2025-04-24T21:30:00,2025-04-24T20:30:00,"{'bid': 547.32, 'ask': 547.52}","{'bid': 547.65, 'ask': 547.8}","{'bid': 547.88, 'ask': 548.04}","{'bid': 546.99, 'ask': 547.13}",1140,547.32,547.88,546.99,547.65
2025-04-24 20:45:00,2025-04-24T21:45:00,2025-04-24T20:45:00,"{'bid': 547.65, 'ask': 547.77}","{'bid': 547.26, 'ask': 547.54}","{'bid': 547.68, 'ask': 548.05}","{'bid': 546.99, 'ask': 547.14}",1046,547.65,547.68,546.99,547.26
2025-04-24 21:00:00,2025-04-24T22:00:00,2025-04-24T21:00:00,"{'bid': 547.1, 'ask': 547.54}","{'bid': 547.85, 'ask': 548.17}","{'bid': 548.04, 'ask': 548.42}","{'bid': 546.99, 'ask': 547.34}",135,547.1,548.04,546.99,547.85
2025-04-24 21:15:00,2025-04-24T22:15:00,2025-04-24T21:15:00,"{'bid': 547.92, 'ask': 548.17}","{'bid': 548.0, 'ask': 548.3}","{'bid': 548.11, 'ask': 548.3}","{'bid': 547.59, 'ask': 548.07}",101,547.92,548.11,547.59,548.0
2025-04-24 21:30:00,2025-04-24T22:30:00,2025-04-24T21:30:00,"{'bid': 548.01, 'ask': 548.3}","{'bid': 548.2, 'ask': 548.4}","{'bid': 548.25, 'ask': 548.42}","{'bid': 547.22, 'ask': 548.2}",62,548.01,548.25,547.22,548.2
2025-04-24 21:45:00,2025-04-24T22:45:00,2025-04-24T21:45:00,"{'bid': 548.28, 'ask': 548.41}","{'bid': 548.09, 'ask': 548.61}","{'bid': 548.49, 'ask': 548.8}","{'bid': 548.09, 'ask': 548.4}",97,548.28,548.49,548.09,548.09
2025-04-24 22:00:00,2025-04-24T23:00:00,2025-04-24T22:00:00,"{'bid': 548.36, 'ask': 548.61}","{'bid': 547.71, 'ask': 547.85}","{'bid': 548.75, 'ask': 548.99}","{'bid': 547.2, 'ask': 547.34}",729,548.36,548.75,547.2,547.71
2025-04-24 22:15:00,2025-04-24T23:15:00,2025-04-24T22:15:00,"{'bid': 547.73, 'ask': 547.85}","{'bid': 548.41, 'ask': 548.61}","{'bid': 548.49, 'ask': 549.05}","{'bid': 547.45, 'ask': 547.85}",632,547.73,548.49,547.45,548.41
2025-04-24 22:30:00,2025-04-24T23:30:00,2025-04-24T22:30:00,"{'bid': 548.42, 'ask': 548.62}","{'bid': 548.71, 'ask': 548.92}","{'bid': 548.81, 'ask': 549.02}","{'bid': 547.73, 'ask': 548.21}",686,548.42,548.81,547.73,548.71
2025-04-24 22:45:00,2025-04-24T23:45:00,2025-04-24T22:45:00,"{'bid': 548.71, 'ask': 548.94}","{'bid': 548.42, 'ask': 548.64}","{'bid': 548.85, 'ask': 549.02}","{'bid': 547.75, 'ask': 548.45}",407,548.71,548.85,547.75,548.42
2025-04-24 23:00:00,2025-04-25T00:00:00,2025-04-24T23:00:00,"{'bid': 548.43, 'ask': 548.64}","{'bid': 548.41, 'ask': 548.57}","{'bid': 548.53, 'ask': 548.73}","{'bid': 547.75, 'ask': 548.45}",367,548.43,548.53,547.75,548.41
2025-04-24 23:15:00,2025-04-25T00:15:00,2025-04-24T23:15:00,"{'bid': 548.42, 'ask': 548.57}","{'bid': 548.43, 'ask': 548.66}","{'bid': 548.84, 'ask': 549.02}","{'bid': 547.77, 'ask': 548.37}",695,548.42,548.84,547.77,548.43
2025-04-24 23:30:00,2025-04-25T00:30:00,2025-04-24T23:30:00,"{'bid': 548.43, 'ask': 549.02}","{'bid': 548.59, 'ask': 548.82}","{'bid': 548.71, 'ask': 549.02}","{'bid': 547.95, 'ask': 548.43}",651,548.43,548.71,547.95,548.59
2025-04-24 23:45:00,2025-04-25T00:45:00,2025-04-24T23:45:00,"{'bid': 548.6, 'ask': 548.83}","{'bid': 548.25, 'ask': 548.45}","{'bid': 548.72, 'ask': 549.02}","{'bid': 548.08, 'ask': 548.26}",648,548.6,548.72,548.08,548.25
2025-04-25 08:00:00,2025-04-25T09:00:00,2025-04-25T08:00:00,"{'bid': 549.24, 'ask': 549.51}","{'bid': 549.17, 'ask': 549.39}","{'bid': 549.83, 'ask': 550.25}","{'bid': 548.49, 'ask': 549.03}",1204,549.24,549.83,548.49,549.17
2025-04-25 08:15:00,2025-04-25T09:15:00,2025-04-25T08:15:00,"{'bid': 549.17, 'ask': 549.38}","{'bid': 549.22, 'ask': 549.44}","{'bid': 549.97, 'ask': 550.22}","{'bid': 548.71, 'ask': 549.24}",1011,549.17,549.97,548.71,549.22
2025-04-25 08:30:00,2025-04-25T09:30:00,2025-04-25T08:30:00,"{'bid': 549.24, 'ask': 549.44}","{'bid': 548.79, 'ask': 549.01}","{'bid': 549.35, 'ask': 549.56}","{'bid': 548.03, 'ask': 548.48}",934,549.24,549.35,548.03,548.79
2025-04-25 08:45:00,2025-04-25T09:45:00,2025-04-25T08:45:00,"{'bid': 548.79, 'ask': 549.02}","{'bid': 548.74, 'ask': 548.94}","{'bid': 549.44, 'ask': 549.8}","{'bid': 548.2, 'ask': 548.75}",948,548.79,549.44,548.2,548.74
2025-04-25 09:00:00,2025-04-25T10:00:00,2025-04-25T09:00:00,"{'bid': 548.77, 'ask': 548.97}","{'bid': 548.17, 'ask': 548.37}","{'bid': 548.81, 'ask': 549.03}","{'bid': 547.45, 'ask': 548.27}",1019,548.77,548.81,547.45,548.17
2025-04-25 09:15:00,2025-04-25T10:15:00,2025-04-25T09:15:00,"{'bid': 548.18, 'ask': 548.38}","{'bid': 548.88, 'ask': 549.03}","{'bid': 548.98, 'ask': 549.65}","{'bid': 547.15, 'ask': 547.76}",976,548.18,548.98,547.15,548.88
2025-04-25 09:30:00,2025-04-25T10:30:00,2025-04-25T09:30:00,"{'bid': 548.88, 'ask': 549.05}","{'bid': 548.08, 'ask': 548.29}","{'bid': 548.89, 'ask': 549.06}","{'bid': 547.64, 'ask': 548.23}",586,548.88,548.89,547.64,548.08
2025-04-25 09:45:00,2025-04-25T10:45:00,2025-04-25T09:45:00,"{'bid': 548.11, 'ask': 548.31}","{'bid': 548.63, 'ask': 548.85}","{'bid': 548.76, 'ask': 549.35}","{'bid': 547.63, 'ask': 548.14}",846,548.11,548.76,547.63,548.63
2025-04-25 10:00:00,2025-04-25T11:00:00,2025-04-25T10:00:00,"{'bid': 548.63, 'ask': 548.84}","{'bid': 547.78, 'ask': 547.99}","{'bid': 548.64, 'ask': 549.05}","{'bid': 546.95, 'ask': 547.64}",1168,548.63,548.64,546.95,547.78
2025-04-25 10:15:00,2025-04-25T11:15:00,2025-04-25T10:15:00,"{'bid': 547.78, 'ask': 547.98}","{'bid': 546.72, 'ask': 546.93}","{'bid': 548.96, 'ask': 549.95}","{'bid': 545.95, 'ask': 546.58}",2641,547.78,548.96,545.95,546.72
2025-04-25 10:30:00,2025-04-25T11:30:00,2025-04-25T10:30:00,"{'bid': 546.73, 'ask': 546.93}","{'bid': 545.19, 'ask': 545.36}","{'bid': 547.07, 'ask': 547.85}","{'bid': 544.88, 'ask': 545.15}",2306,546.73,547.07,544.88,545.19
2025-04-25 10:45:00,2025-04-25T11:45:00,2025-04-25T10:45:00,"{'bid': 545.19, 'ask': 545.37}","{'bid': 544.44, 'ask': 544.68}","{'bid': 545.39, 'ask': 545.79}","{'bid': 544.2, 'ask': 544.45}",2197,545.19,545.39,544.2,544.44
2025-04-25 11:00:00,2025-04-25T12:00:00,2025-04-25T11:00:00,"{'bid': 544.52, 'ask': 544.78}","{'bid': 545.85, 'ask': 546.09}","{'bid': 546.07, 'ask': 546.34}","{'bid': 544.2, 'ask': 544.45}",1596,544.52,546.07,544.2,545.85
2025-04-25 11:15:00,2025-04-25T12:15:00,2025-04-25T11:15:00,"{'bid': 545.83, 'ask': 546.05}","{'bid': 546.39, 'ask': 546.58}","{'bid': 546.66, 'ask': 547.05}","{'bid': 545.72, 'ask': 546.05}",1303,545.83,546.66,545.72,546.39
2025-04-25 11:30:00,2025-04-25T12:30:00,2025-04-25T11:30:00,"{'bid': 546.38, 'ask': 546.57}","{'bid': 544.96, 'ask': 545.1}","{'bid': 546.45, 'ask': 546.96}","{'bid': 544.63, 'ask': 545.1}",1569,546.38,546.45,544.63,544.96
2025-04-25 11:45:00,2025-04-25T12:45:00,2025-04-25T11:45:00,"{'bid': 544.89, 'ask': 545.09}","{'bid': 545.42, 'ask': 545.58}","{'bid': 545.58, 'ask': 546.14}","{'bid': 544.62, 'ask': 545.07}",1366,544.89,545.58,544.62,545.42
2025-04-25 12:00:00,2025-04-25T13:00:00,2025-04-25T12:00:00,"{'bid': 545.26, 'ask': 545.54}","{'bid': 545.61, 'ask': 545.75}","{'bid': 545.9, 'ask': 546.65}","{'bid': 544.62, 'ask': 545.04}",1915,545.26,545.9,544.62,545.61
2025-04-25 12:15:00,2025-04-25T13:15:00,2025-04-25T12:15:00,"{'bid': 545.61, 'ask': 545.74}","{'bid': 545.34, 'ask': 545.57}","{'bid': 546.31, 'ask': 546.95}","{'bid': 544.74, 'ask': 545.22}",2109,545.61,546.31,544.74,545.34
2025-04-25 12:30:00,2025-04-25T13:30:00,2025-04-25T12:30:00,"{'bid': 545.34, 'ask': 545.55}","{'bid': 545.84, 'ask': 546.01}","{'bid': 546.37, 'ask': 547.05}","{'bid': 545.23, 'ask': 545.45}",1461,545.34,546.37,545.23,545.84
2025-04-25 12:45:00,2025-04-25T13:45:00,2025-04-25T12:45:00,"{'bid': 545.84, 'ask': 546.02}","{'bid': 545.2, 'ask': 545.37}","{'bid': 545.94, 'ask': 546.65}","{'bid': 544.72, 'ask': 545.21}",1076,545.84,545.94,544.72,545.2
2025-04-25 13:00:00,2025-04-25T14:00:00,2025-04-25T13:00:00,"{'bid': 545.22, 'ask': 545.4}","{'bid': 546.03, 'ask': 546.21}","{'bid': 546.29, 'ask': 547.05}","{'bid': 544.55, 'ask': 544.72}",1857,545.22,546.29,544.55,546.03
2025-04-25 13:15:00,2025-04-25T14:15:00,2025-04-25T13:15:00,"{'bid': 546.03, 'ask': 546.22}","{'bid': 546.63, 'ask': 546.8}","{'bid': 546.73, 'ask': 547.05}","{'bid': 545.77, 'ask': 546.08}",1317,546.03,546.73,545.77,546.63
2025-04-25 13:30:00,2025-04-25T14:30:00,2025-04-25T13:30:00,"{'bid': 546.58, 'ask': 546.78}","{'bid': 546.36, 'ask': 546.49}","{'bid': 548.05, 'ask': 548.18}","{'bid': 545.61, 'ask': 545.77}",6428,546.58,548.05,545.61,546.36
2025-04-25 13:45:00,2025-04-25T14:45:00,2025-04-25T13:45:00,"{'bid': 546.37, 'ask': 546.49}","{'bid': 544.83, 'ask': 545.02}","{'bid': 546.85, 'ask': 546.99}","{'bid': 544.67, 'ask': 544.8}",5528,546.37,546.85,544.67,544.83
2025-04-25 14:00:00,2025-04-25T15:00:00,2025-04-25T14:00:00,"{'bid': 544.74, 'ask': 544.98}","{'bid': 547.5, 'ask': 547.62}","{'bid': 547.87, 'ask': 548.01}","{'bid': 544.74, 'ask': 544.97}",6079,544.74,547.87,544.74,547.5
2025-04-25 14:15:00,2025-04-25T15:15:00,2025-04-25T14:15:00,"{'bid': 547.49, 'ask': 547.62}","{'bid': 544.52, 'ask': 544.65}","{'bid': 547.74, 'ask': 547.87}","{'bid': 543.85, 'ask': 543.97}",6345,547.49,547.74,543.85,544.52
2025-04-25 14:30:00,2025-04-25T15:30:00,2025-04-25T14:30:00,"{'bid': 544.51, 'ask': 544.65}","{'bid': 546.7, 'ask': 546.83}","{'bid': 546.78, 'ask': 546.92}","{'bid': 543.64, 'ask': 543.77}",4895,544.51,546.78,543.64,546.7
2025-04-25 14:45:00,2025-04-25T15:45:00,2025-04-25T14:45:00,"{'bid': 546.68, 'ask': 546.81}","{'bid': 546.4, 'ask': 546.54}","{'bid': 546.94, 'ask': 547.07}","{'bid': 545.46, 'ask': 545.59}",4524,546.68,546.94,545.46,546.4
2025-04-25 15:00:00,2025-04-25T16:00:00,2025-04-25T15:00:00,"{'bid': 546.41, 'ask': 546.54}","{'bid': 547.12, 'ask': 547.25}","{'bid': 547.29, 'ask': 547.42}","{'bid': 545.8, 'ask': 545.93}",4151,546.41,547.29,545.8,547.12
2025-04-25 15:15:00,2025-04-25T16:15:00,2025-04-25T15:15:00,"{'bid': 547.13, 'ask': 547.26}","{'bid': 546.38, 'ask': 546.5}","{'bid': 547.43, 'ask': 547.55}","{'bid': 546.17, 'ask': 546.29}",3677,547.13,547.43,546.17,546.38
2025-04-25 15:30:00,2025-04-25T16:30:00,2025-04-25T15:30:00,"{'bid': 546.38, 'ask': 546.51}","{'bid': 545.82, 'ask': 545.97}","{'bid': 546.8, 'ask': 546.93}","{'bid': 545.65, 'ask': 545.79}",4093,546.38,546.8,545.65,545.82
2025-04-25 15:45:00,2025-04-25T16:45:00,2025-04-25T15:45:00,"{'bid': 545.85, 'ask': 545.99}","{'bid': 547.01, 'ask': 547.14}","{'bid': 547.28, 'ask': 547.41}","{'bid': 545.64, 'ask': 545.76}",3208,545.85,547.28,545.64,547.01
2025-04-25 16:00:00,2025-04-25T17:00:00,2025-04-25T16:00:00,"{'bid': 547.05, 'ask': 547.17}","{'bid': 547.53, 'ask': 547.65}","{'bid': 547.61, 'ask': 547.75}","{'bid': 546.91, 'ask': 547.03}",2958,547.05,547.61,546.91,547.53
2025-04-25 16:15:00,2025-04-25T17:15:00,2025-04-25T16:15:00,"{'bid': 547.52, 'ask': 547.65}","{'bid': 548.28, 'ask': 548.4}","{'bid': 548.5, 'ask': 548.63}","{'bid': 547.33, 'ask': 547.46}",2480,547.52,548.5,547.33,548.28
2025-04-25 16:30:00,2025-04-25T17:30:00,2025-04-25T16:30:00,"{'bid': 548.27, 'ask': 548.4}","{'bid': 549.03, 'ask': 549.16}","{'bid': 549.08, 'ask': 549.2}","{'bid': 548.1, 'ask': 548.23}",2639,548.27,549.08,548.1,549.03
2025-04-25 16:45:00,2025-04-25T17:45:00,2025-04-25T16:45:00,"{'bid': 549.04, 'ask': 549.16}","{'bid': 549.05, 'ask': 549.17}","{'bid': 549.13, 'ask': 549.25}","{'bid': 547.93, 'ask': 548.05}",2604,549.04,549.13,547.93,549.05
2025-04-25 17:00:00,2025-04-25T18:00:00,2025-04-25T17:00:00,"{'bid': 549.04, 'ask': 549.17}","{'bid': 549.92, 'ask': 550.04}","{'bid': 549.93, 'ask': 550.06}","{'bid': 548.75, 'ask': 548.88}",2318,549.04,549.93,548.75,549.92
2025-04-25 17:15:00,2025-04-25T18:15:00,2025-04-25T17:15:00,"{'bid': 549.91, 'ask': 550.04}","{'bid': 550.91, 'ask': 551.04}","{'bid': 550.99, 'ask': 551.12}","{'bid': 549.6, 'ask': 549.72}",2397,549.91,550.99,549.6,550.91
2025-04-25 17:30:00,2025-04-25T18:30:00,2025-04-25T17:30:00,"{'bid': 550.9, 'ask': 551.03}","{'bid': 549.03, 'ask': 549.18}","{'bid': 550.93, 'ask': 551.06}","{'bid': 548.38, 'ask': 548.51}",4970,550.9,550.93,548.38,549.03
2025-04-25 17:45:00,2025-04-25T18:45:00,2025-04-25T17:45:00,"{'bid': 549.05, 'ask': 549.2}","{'bid': 547.86, 'ask': 548.0}","{'bid': 549.07, 'ask': 549.23}","{'bid': 546.7, 'ask': 546.82}",5095,549.05,549.07,546.7,547.86
2025-04-25 18:00:00,2025-04-25T19:00:00,2025-04-25T18:00:00,"{'bid': 547.86, 'ask': 547.99}","{'bid': 548.8, 'ask': 548.94}","{'bid': 549.33, 'ask': 549.46}","{'bid': 547.46, 'ask': 547.6}",3701,547.86,549.33,547.46,548.8
2025-04-25 18:15:00,2025-04-25T19:15:00,2025-04-25T18:15:00,"{'bid': 548.81, 'ask': 548.93}","{'bid': 549.67, 'ask': 549.79}","{'bid': 550.09, 'ask': 550.22}","{'bid': 548.7, 'ask': 548.82}",3142,548.81,550.09,548.7,549.67
2025-04-25 18:30:00,2025-04-25T19:30:00,2025-04-25T18:30:00,"{'bid': 549.67, 'ask': 549.8}","{'bid': 550.5, 'ask': 550.62}","{'bid': 550.67, 'ask': 550.8}","{'bid': 549.53, 'ask': 549.65}",2310,549.67,550.67,549.53,550.5
2025-04-25 18:45:00,2025-04-25T19:45:00,2025-04-25T18:45:00,"{'bid': 550.52, 'ask': 550.64}","{'bid': 549.74, 'ask': 549.87}","{'bid': 550.61, 'ask': 550.73}","{'bid': 549.24, 'ask': 549.37}",3189,550.52,550.61,549.24,549.74
2025-04-25 19:00:00,2025-04-25T20:00:00,2025-04-25T19:00:00,"{'bid': 549.73, 'ask': 549.87}","{'bid': 549.88, 'ask': 550.0}","{'bid': 550.54, 'ask': 550.67}","{'bid': 549.58, 'ask': 549.71}",3074,549.73,550.54,549.58,549.88
2025-04-25 19:15:00,2025-04-25T20:15:00,2025-04-25T19:15:00,"{'bid': 549.87, 'ask': 550.0}","{'bid': 549.58, 'ask': 549.71}","{'bid': 550.47, 'ask': 550.6}","{'bid': 549.45, 'ask': 549.57}",3042,549.87,550.47,549.45,549.58
2025-04-25 19:30:00,2025-04-25T20:30:00,2025-04-25T19:30:00,"{'bid': 549.57, 'ask': 549.71}","{'bid': 549.48, 'ask': 549.61}","{'bid': 549.75, 'ask': 549.88}","{'bid': 548.7, 'ask': 548.83}",4184,549.57,549.75,548.7,549.48
2025-04-25 19:45:00,2025-04-25T20:45:00,2025-04-25T19:45:00,"{'bid': 549.47, 'ask': 549.61}","{'bid': 550.48, 'ask': 550.6}","{'bid': 550.84, 'ask': 550.97}","{'bid': 548.99, 'ask': 549.11}",4475,549.47,550.84,548.99,550.48
2025-04-25 20:00:00,2025-04-25T21:00:00,2025-04-25T20:00:00,"{'bid': 550.49, 'ask': 550.61}","{'bid': 550.94, 'ask': 551.1}","{'bid': 550.96, 'ask': 551.27}","{'bid': 550.03, 'ask': 550.29}",1576,550.49,550.96,550.03,550.94
2025-04-25 20:15:00,2025-04-25T21:15:00,2025-04-25T20:15:00,"{'bid': 550.95, 'ask': 551.12}","{'bid': 550.75, 'ask': 550.89}","{'bid': 551.19, 'ask': 551.7}","{'bid': 550.57, 'ask': 550.73}",488,550.95,551.19,550.57,550.75
2025-04-25 20:30:00,2025-04-25T21:30:00,2025-04-25T20:30:00,"{'bid': 550.75, 'ask': 550.9}","{'bid': 550.71, 'ask': 550.89}","{'bid': 551.55, 'ask': 552.05}","{'bid': 550.56, 'ask': 550.77}",765,550.75,551.55,550.56,550.71
2025-04-25 20:45:00,2025-04-25T21:45:00,2025-04-25T20:45:00,"{'bid': 550.74, 'ask': 550.89}","{'bid': 550.6, 'ask': 551.06}","{'bid': 550.96, 'ask': 551.32}","{'bid': 550.6, 'ask': 550.86}",447,550.74,550.96,550.6,550.6
2025-04-28 08:00:00,2025-04-28T09:00:00,2025-04-28T08:00:00,"{'bid': 548.6, 'ask': 548.95}","{'bid': 548.93, 'ask': 549.13}","{'bid': 549.03, 'ask': 549.5}","{'bid': 548.08, 'ask': 548.59}",756,548.6,549.03,548.08,548.93
2025-04-28 08:15:00,2025-04-28T09:15:00,2025-04-28T08:15:00,"{'bid': 548.92, 'ask': 549.13}","{'bid': 548.84, 'ask': 549.07}","{'bid': 549.1, 'ask': 549.5}","{'bid': 548.5, 'ask': 548.85}",547,548.92,549.1,548.5,548.84
2025-04-28 08:30:00,2025-04-28T09:30:00,2025-04-28T08:30:00,"{'bid': 548.87, 'ask': 549.07}","{'bid': 549.4, 'ask': 549.6}","{'bid': 549.41, 'ask': 549.8}","{'bid': 548.35, 'ask': 548.82}",597,548.87,549.41,548.35,549.4
2025-04-28 08:45:00,2025-04-28T09:45:00,2025-04-28T08:45:00,"{'bid': 549.41, 'ask': 549.6}","{'bid': 549.59, 'ask': 549.81}","{'bid': 549.62, 'ask': 549.87}","{'bid': 548.95, 'ask': 549.35}",525,549.41,549.62,548.95,549.59
2025-04-28 09:00:00,2025-04-28T10:00:00,2025-04-28T09:00:00,"{'bid': 549.6, 'ask': 549.81}","{'bid': 549.5, 'ask': 549.7}","{'bid': 549.87, 'ask': 550.25}","{'bid': 548.97, 'ask': 549.46}",574,549.6,549.87,548.97,549.5
2025-04-28 09:15:00,2025-04-28T10:15:00,2025-04-28T09:15:00,"{'bid': 549.48, 'ask': 549.68}","{'bid': 550.23, 'ask': 550.43}","{'bid': 550.25, 'ask': 550.77}","{'bid': 549.42, 'ask': 549.63}",518,549.48,550.25,549.42,550.23
2025-04-28 09:30:00,2025-04-28T10:30:00,2025-04-28T09:30:00,"{'bid': 550.25, 'ask': 550.45}","{'bid': 550.22, 'ask': 550.42}","{'bid': 550.49, 'ask': 550.85}","{'bid': 549.85, 'ask': 550.18}",617,550.25,550.49,549.85,550.22
2025-04-28 09:45:00,2025-04-28T10:45:00,2025-04-28T09:45:00,"{'bid': 550.2, 'ask': 550.41}","{'bid': 549.94, 'ask': 550.14}","{'bid': 550.48, 'ask': 550.85}","{'bid': 549.57, 'ask': 550.14}",645,550.2,550.48,549.57,549.94
2025-04-28 10:00:00,2025-04-28T11:00:00,2025-04-28T10:00:00,"{'bid': 549.95, 'ask': 550.15}","{'bid': 549.67, 'ask': 549.85}","{'bid': 550.04, 'ask': 550.49}","{'bid': 549.32, 'ask': 549.76}",769,549.95,550.04,549.32,549.67
2025-04-28 10:15:00,2025-04-28T11:15:00,2025-04-28T10:15:00,"{'bid': 549.68, 'ask': 549.87}","{'bid': 549.39, 'ask': 549.59}","{'bid': 549.68, 'ask': 549.95}","{'bid': 548.95, 'ask': 549.16}",740,549.68,549.68,548.95,549.39
2025-04-28 10:30:00,2025-04-28T11:30:00,2025-04-28T10:30:00,"{'bid': 549.39, 'ask': 549.58}","{'bid': 549.31, 'ask': 549.53}","{'bid': 549.83, 'ask': 550.25}","{'bid': 548.95, 'ask': 549.31}",649,549.39,549.83,548.95,549.31
2025-04-28 10:45:00,2025-04-28T11:45:00,2025-04-28T10:45:00,"{'bid': 549.3, 'ask': 549.53}","{'bid': 548.88, 'ask': 549.09}","{'bid': 549.37, 'ask': 549.91}","{'bid': 548.45, 'ask': 548.9}",734,549.3,549.37,548.45,548.88
2025-04-28 11:00:00,2025-04-28T12:00:00,2025-04-28T11:00:00,"{'bid': 548.88, 'ask': 549.08}","{'bid': 549.05, 'ask': 549.26}","{'bid': 549.45, 'ask': 549.88}","{'bid': 548.45, 'ask': 548.85}",765,548.88,549.45,548.45,549.05
2025-04-28 11:15:00,2025-04-28T12:15:00,2025-04-28T11:15:00,"{'bid': 549.06, 'ask': 549.26}","{'bid': 549.76, 'ask': 549.97}","{'bid': 549.84, 'ask': 550.25}","{'bid': 548.65, 'ask': 549.19}",929,549.06,549.84,548.65,549.76
2025-04-28 11:30:00,2025-04-28T12:30:00,2025-04-28T11:30:00,"{'bid': 549.78, 'ask': 549.97}","{'bid': 550.12, 'ask': 550.3}","{'bid': 550.32, 'ask': 550.53}","{'bid': 549.55, 'ask': 549.89}",637,549.78,550.32,549.55,550.12
2025-04-28 11:45:00,2025-04-28T12:45:00,2025-04-28T11:45:00,"{'bid': 550.11, 'ask': 550.3}","{'bid': 549.95, 'ask': 550.13}","{'bid': 550.14, 'ask': 550.51}","{'bid': 549.78, 'ask': 550.02}",497,550.11,550.14,549.78,549.95
2025-04-28 12:00:00,2025-04-28T13:00:00,2025-04-28T12:00:00,"{'bid': 549.96, 'ask': 550.13}","{'bid': 549.32, 'ask': 549.5}","{'bid': 550.13, 'ask': 550.51}","{'bid': 548.81, 'ask': 549.12}",1953,549.96,550.13,548.81,549.32
2025-04-28 12:15:00,2025-04-28T13:15:00,2025-04-28T12:15:00,"{'bid': 549.32, 'ask': 549.52}","{'bid': 550.09, 'ask': 550.26}","{'bid': 550.16, 'ask': 550.51}","{'bid': 548.95, 'ask': 549.5}",838,549.32,550.16,548.95,550.09
2025-04-28 12:30:00,2025-04-28T13:30:00,2025-04-28T12:30:00,"{'bid': 550.06, 'ask': 550.26}","{'bid': 550.49, 'ask': 550.69}","{'bid': 550.53, 'ask': 550.85}","{'bid': 550.06, 'ask': 550.26}",637,550.06,550.53,550.06,550.49
2025-04-28 12:45:00,2025-04-28T13:45:00,2025-04-28T12:45:00,"{'bid': 550.5, 'ask': 550.69}","{'bid': 550.78, 'ask': 550.96}","{'bid': 551.03, 'ask': 551.2}","{'bid': 550.5, 'ask': 550.62}",627,550.5,551.03,550.5,550.78
2025-04-28 13:00:00,2025-04-28T14:00:00,2025-04-28T13:00:00,"{'bid': 550.8, 'ask': 550.96}","{'bid': 551.41, 'ask': 551.58}","{'bid': 551.46, 'ask': 551.61}","{'bid': 550.71, 'ask': 550.9}",756,550.8,551.46,550.71,551.41
2025-04-28 13:15:00,2025-04-28T14:15:00,2025-04-28T13:15:00,"{'bid': 551.41, 'ask': 551.56}","{'bid': 551.28, 'ask': 551.45}","{'bid': 551.88, 'ask': 552.22}","{'bid': 551.01, 'ask': 551.38}",1047,551.41,551.88,551.01,551.28
2025-04-28 13:30:00,2025-04-28T14:30:00,2025-04-28T13:30:00,"{'bid': 551.24, 'ask': 551.45}","{'bid': 553.04, 'ask': 553.17}","{'bid': 553.16, 'ask': 553.3}","{'bid': 551.02, 'ask': 551.15}",6459,551.24,553.16,551.02,553.04
2025-04-28 13:45:00,2025-04-28T14:45:00,2025-04-28T13:45:00,"{'bid': 553.03, 'ask': 553.15}","{'bid': 550.2, 'ask': 550.32}","{'bid': 553.49, 'ask': 553.62}","{'bid': 550.06, 'ask': 550.19}",5650,553.03,553.49,550.06,550.2
2025-04-28 14:00:00,2025-04-28T15:00:00,2025-04-28T14:00:00,"{'bid': 550.18, 'ask': 550.32}","{'bid': 550.72, 'ask': 550.85}","{'bid': 551.25, 'ask': 551.38}","{'bid': 549.6, 'ask': 549.73}",4794,550.18,551.25,549.6,550.72
2025-04-28 14:15:00,2025-04-28T15:15:00,2025-04-28T14:15:00,"{'bid': 550.72, 'ask': 550.86}","{'bid': 550.89, 'ask': 551.02}","{'bid': 552.04, 'ask': 552.18}","{'bid': 550.67, 'ask': 550.81}",4455,550.72,552.04,550.67,550.89
2025-04-28 14:30:00,2025-04-28T15:30:00,2025-04-28T14:30:00,"{'bid': 550.86, 'ask': 551.0}","{'bid': 551.43, 'ask': 551.57}","{'bid': 551.55, 'ask': 551.69}","{'bid': 549.68, 'ask': 549.8}",4141,550.86,551.55,549.68,551.43
2025-04-28 14:45:00,2025-04-28T15:45:00,2025-04-28T14:45:00,"{'bid': 551.43, 'ask': 551.56}","{'bid': 550.51, 'ask': 550.64}","{'bid': 551.82, 'ask': 551.95}","{'bid': 550.31, 'ask': 550.45}",3621,551.43,551.82,550.31,550.51
2025-04-28 15:00:00,2025-04-28T16:00:00,2025-04-28T15:00:00,"{'bid': 550.48, 'ask': 550.62}","{'bid': 549.83, 'ask': 549.97}","{'bid': 551.02, 'ask': 551.22}","{'bid': 549.02, 'ask': 549.15}",3578,550.48,551.02,549.02,549.83
2025-04-28 15:15:00,2025-04-28T16:15:00,2025-04-28T15:15:00,"{'bid': 549.83, 'ask': 549.96}","{'bid': 547.15, 'ask': 547.3}","{'bid': 549.85, 'ask': 549.97}","{'bid': 546.96, 'ask': 547.1}",4199,549.83,549.85,546.96,547.15
2025-04-28 15:30:00,2025-04-28T16:30:00,2025-04-28T15:30:00,"{'bid': 547.18, 'ask': 547.32}","{'bid': 547.56, 'ask': 547.7}","{'bid': 548.48, 'ask': 548.6}","{'bid': 547.03, 'ask': 547.17}",3558,547.18,548.48,547.03,547.56
2025-04-28 15:45:00,2025-04-28T16:45:00,2025-04-28T15:45:00,"{'bid': 547.54, 'ask': 547.69}","{'bid': 547.41, 'ask': 547.55}","{'bid': 548.26, 'ask': 548.39}","{'bid': 547.04, 'ask': 547.16}",3175,547.54,548.26,547.04,547.41
2025-04-28 16:00:00,2025-04-28T17:00:00,2025-04-28T16:00:00,"{'bid': 547.39, 'ask': 547.52}","{'bid': 546.16, 'ask': 546.3}","{'bid': 547.57, 'ask': 547.71}","{'bid': 545.84, 'ask': 545.98}",3367,547.39,547.57,545.84,546.16
2025-04-28 16:15:00,2025-04-28T17:15:00,2025-04-28T16:15:00,"{'bid': 546.17, 'ask': 546.3}","{'bid': 545.95, 'ask': 546.08}","{'bid': 546.92, 'ask': 547.06}","{'bid': 545.63, 'ask': 545.76}",2980,546.17,546.92,545.63,545.95
2025-04-28 16:30:00,2025-04-28T17:30:00,2025-04-28T16:30:00,"{'bid': 545.96, 'ask': 546.08}","{'bid': 546.87, 'ask': 546.99}","{'bid': 547.05, 'ask': 547.17}","{'bid': 545.93, 'ask': 546.05}",3018,545.96,547.05,545.93,546.87
2025-04-28 16:45:00,2025-04-28T17:45:00,2025-04-28T16:45:00,"{'bid': 546.86, 'ask': 546.99}","{'bid': 546.41, 'ask': 546.54}","{'bid': 547.4, 'ask': 547.53}","{'bid': 545.89, 'ask': 546.02}",2796,546.86,547.4,545.89,546.41
2025-04-28 17:00:00,2025-04-28T18:00:00,2025-04-28T17:00:00,"{'bid': 546.4, 'ask': 546.52}","{'bid': 545.37, 'ask': 545.51}","{'bid': 546.8, 'ask': 546.93}","{'bid': 545.33, 'ask': 545.46}",2671,546.4,546.8,545.33,545.37
2025-04-28 17:15:00,2025-04-28T18:15:00,2025-04-28T17:15:00,"{'bid': 545.37, 'ask': 545.5}","{'bid': 545.28, 'ask': 545.41}","{'bid': 546.24, 'ask': 546.38}","{'bid': 545.13, 'ask': 545.26}",2929,545.37,546.24,545.13,545.28
2025-04-28 17:30:00,2025-04-28T18:30:00,2025-04-28T17:30:00,"{'bid': 545.28, 'ask': 545.42}","{'bid': 546.39, 'ask': 546.53}","{'bid': 546.5, 'ask': 546.63}","{'bid': 544.96, 'ask': 545.12}",2937,545.28,546.5,544.96,546.39
2025-04-28 17:45:00,2025-04-28T18:45:00,2025-04-28T17:45:00,"{'bid': 546.37, 'ask': 546.51}","{'bid': 547.65, 'ask': 547.77}","{'bid': 547.8, 'ask': 547.93}","{'bid': 546.27, 'ask': 546.4}",2286,546.37,547.8,546.27,547.65
2025-04-28 18:00:00,2025-04-28T19:00:00,2025-04-28T18:00:00,"{'bid': 547.65, 'ask': 547.78}","{'bid': 547.66, 'ask': 547.79}","{'bid': 548.03, 'ask': 548.15}","{'bid': 547.32, 'ask': 547.46}",2377,547.65,548.03,547.32,547.66
2025-04-28 18:15:00,2025-04-28T19:15:00,2025-04-28T18:15:00,"{'bid': 547.65, 'ask': 547.8}","{'bid': 548.51, 'ask': 548.65}","{'bid': 548.75, 'ask': 548.88}","{'bid': 547.35, 'ask': 547.47}",2206,547.65,548.75,547.35,548.51
2025-04-28 18:30:00,2025-04-28T19:30:00,2025-04-28T18:30:00,"{'bid': 548.5, 'ask': 548.65}","{'bid': 548.5, 'ask': 548.63}","{'bid': 548.79, 'ask': 548.93}","{'bid': 547.92, 'ask': 548.05}",2176,548.5,548.79,547.92,548.5
2025-04-28 18:45:00,2025-04-28T19:45:00,2025-04-28T18:45:00,"{'bid': 548.52, 'ask': 548.66}","{'bid': 548.65, 'ask': 548.81}","{'bid': 548.97, 'ask': 549.1}","{'bid': 548.27, 'ask': 548.39}",1819,548.52,548.97,548.27,548.65
2025-04-28 19:00:00,2025-04-28T20:00:00,2025-04-28T19:00:00,"{'bid': 548.66, 'ask': 548.81}","{'bid': 549.73, 'ask': 549.87}","{'bid': 549.88, 'ask': 550.01}","{'bid': 548.58, 'ask': 548.72}",2620,548.66,549.88,548.58,549.73
2025-04-28 19:15:00,2025-04-28T20:15:00,2025-04-28T19:15:00,"{'bid': 549.76, 'ask': 549.89}","{'bid': 550.52, 'ask': 550.67}","{'bid': 550.77, 'ask': 550.9}","{'bid': 549.64, 'ask': 549.78}",2308,549.76,550.77,549.64,550.52
2025-04-28 19:30:00,2025-04-28T20:30:00,2025-04-28T19:30:00,"{'bid': 550.52, 'ask': 550.65}","{'bid': 550.71, 'ask': 550.83}","{'bid': 550.83, 'ask': 550.97}","{'bid': 549.96, 'ask': 550.09}",3268,550.52,550.83,549.96,550.71
2025-04-28 19:45:00,2025-04-28T20:45:00,2025-04-28T19:45:00,"{'bid': 550.72, 'ask': 550.85}","{'bid': 551.01, 'ask': 551.14}","{'bid': 552.21, 'ask': 552.34}","{'bid': 550.67, 'ask': 550.8}",4715,550.72,552.21,550.67,551.01
2025-04-28 20:00:00,2025-04-28T21:00:00,2025-04-28T20:00:00,"{'bid': 550.99, 'ask': 551.12}","{'bid': 550.13, 'ask': 550.28}","{'bid': 550.99, 'ask': 551.12}","{'bid': 550.13, 'ask': 550.26}",1192,550.99,550.99,550.13,550.13
2025-04-28 20:15:00,2025-04-28T21:15:00,2025-04-28T20:15:00,"{'bid': 550.15, 'ask': 550.28}","{'bid': 550.13, 'ask': 550.28}","{'bid': 550.33, 'ask': 550.47}","{'bid': 549.95, 'ask': 550.15}",356,550.15,550.33,549.95,550.13
2025-04-28 20:30:00,2025-04-28T21:30:00,2025-04-28T20:30:00,"{'bid': 550.11, 'ask': 550.26}","{'bid': 550.17, 'ask': 550.3}","{'bid': 550.33, 'ask': 550.46}","{'bid': 550.03, 'ask': 550.17}",231,550.11,550.33,550.03,550.17
2025-04-28 20:45:00,2025-04-28T21:45:00,2025-04-28T20:45:00,"{'bid': 550.18, 'ask': 550.31}","{'bid': 550.15, 'ask': 550.34}","{'bid': 550.2, 'ask': 550.45}","{'bid': 550.01, 'ask': 550.19}",255,550.18,550.2,550.01,550.15
2025-04-28 21:00:00,2025-04-28T22:00:00,2025-04-28T21:00:00,"{'bid': 550.15, 'ask': 550.45}","{'bid': 550.06, 'ask': 550.3}","{'bid': 550.24, 'ask': 550.45}","{'bid': 550.02, 'ask': 550.23}",27,550.15,550.24,550.02,550.06
2025-04-28 21:15:00,2025-04-28T22:15:00,2025-04-28T21:15:00,"{'bid': 550.02, 'ask': 550.3}","{'bid': 549.97, 'ask': 550.28}","{'bid': 550.04, 'ask': 550.41}","{'bid': 549.95, 'ask': 550.11}",26,550.02,550.04,549.95,549.97
2025-04-28 21:30:00,2025-04-28T22:30:00,2025-04-28T21:30:00,"{'bid': 549.98, 'ask': 550.28}","{'bid': 549.87, 'ask': 550.15}","{'bid': 550.06, 'ask': 550.28}","{'bid': 549.8, 'ask': 549.95}",35,549.98,550.06,549.8,549.87
2025-04-28 21:45:00,2025-04-28T22:45:00,2025-04-28T21:45:00,"{'bid': 549.85, 'ask': 550.14}","{'bid': 549.8, 'ask': 550.12}","{'bid': 550.05, 'ask': 550.3}","{'bid': 549.8, 'ask': 550.04}",48,549.85,550.05,549.8,549.8
2025-04-28 22:00:00,2025-04-28T23:00:00,2025-04-28T22:00:00,"{'bid': 549.85, 'ask': 550.12}","{'bid': 549.76, 'ask': 549.98}","{'bid': 550.24, 'ask': 550.45}","{'bid': 549.61, 'ask': 549.87}",520,549.85,550.24,549.61,549.76
2025-04-28 22:15:00,2025-04-28T23:15:00,2025-04-28T22:15:00,"{'bid': 549.73, 'ask': 549.97}","{'bid': 549.71, 'ask': 549.93}","{'bid': 549.79, 'ask': 550.25}","{'bid': 549.16, 'ask': 549.63}",322,549.73,549.79,549.16,549.71
2025-04-28 22:30:00,2025-04-28T23:30:00,2025-04-28T22:30:00,"{'bid': 549.71, 'ask': 549.89}","{'bid': 549.62, 'ask': 549.85}","{'bid': 550.09, 'ask': 550.55}","{'bid': 549.15, 'ask': 549.56}",437,549.71,550.09,549.15,549.62
2025-04-28 22:45:00,2025-04-28T23:45:00,2025-04-28T22:45:00,"{'bid': 549.61, 'ask': 549.84}","{'bid': 549.97, 'ask': 550.18}","{'bid': 549.99, 'ask': 550.5}","{'bid': 549.25, 'ask': 549.78}",413,549.61,549.99,549.25,549.97
2025-04-28 23:00:00,2025-04-29T00:00:00,2025-04-28T23:00:00,"{'bid': 549.98, 'ask': 550.18}","{'bid': 550.35, 'ask': 550.55}","{'bid': 550.5, 'ask': 550.9}","{'bid': 549.55, 'ask': 550.01}",752,549.98,550.5,549.55,550.35
2025-04-28 23:15:00,2025-04-29T00:15:00,2025-04-28T23:15:00,"{'bid': 550.38, 'ask': 550.55}","{'bid': 550.57, 'ask': 550.81}","{'bid': 550.84, 'ask': 551.05}","{'bid': 549.95, 'ask': 550.38}",512,550.38,550.84,549.95,550.57
2025-04-28 23:30:00,2025-04-29T00:30:00,2025-04-28T23:30:00,"{'bid': 550.57, 'ask': 550.78}","{'bid': 550.79, 'ask': 551.0}","{'bid': 550.83, 'ask': 551.05}","{'bid': 550.25, 'ask': 550.78}",253,550.57,550.83,550.25,550.79
2025-04-28 23:45:00,2025-04-29T00:45:00,2025-04-28T23:45:00,"{'bid': 550.81, 'ask': 551.0}","{'bid': 551.12, 'ask': 551.32}","{'bid': 551.13, 'ask': 552.05}","{'bid': 550.6, 'ask': 550.95}",287,550.81,551.13,550.6,551.12
2025-04-29 08:00:00,2025-04-29T09:00:00,2025-04-29T08:00:00,"{'bid': 552.78, 'ask': 552.94}","{'bid': 551.4, 'ask': 551.62}","{'bid': 552.78, 'ask': 553.05}","{'bid': 551.15, 'ask': 551.5}",1334,552.78,552.78,551.15,551.4
2025-04-29 08:15:00,2025-04-29T09:15:00,2025-04-29T08:15:00,"{'bid': 551.39, 'ask': 551.6}","{'bid': 552.08, 'ask': 552.28}","{'bid': 552.11, 'ask': 552.59}","{'bid': 551.33, 'ask': 551.54}",821,551.39,552.11,551.33,552.08
2025-04-29 08:30:00,2025-04-29T09:30:00,2025-04-29T08:30:00,"{'bid': 552.07, 'ask': 552.27}","{'bid': 552.34, 'ask': 552.56}","{'bid': 552.42, 'ask': 552.95}","{'bid': 551.66, 'ask': 552.01}",712,552.07,552.42,551.66,552.34
2025-04-29 08:45:00,2025-04-29T09:45:00,2025-04-29T08:45:00,"{'bid': 552.34, 'ask': 552.55}","{'bid': 552.24, 'ask': 552.44}","{'bid': 552.71, 'ask': 553.05}","{'bid': 551.95, 'ask': 552.39}",572,552.34,552.71,551.95,552.24
2025-04-29 09:00:00,2025-04-29T10:00:00,2025-04-29T09:00:00,"{'bid': 552.25, 'ask': 552.44}","{'bid': 551.87, 'ask': 552.08}","{'bid': 552.39, 'ask': 552.92}","{'bid': 551.43, 'ask': 551.82}",999,552.25,552.39,551.43,551.87
2025-04-29 09:15:00,2025-04-29T10:15:00,2025-04-29T09:15:00,"{'bid': 551.86, 'ask': 552.07}","{'bid': 551.84, 'ask': 552.07}","{'bid': 551.93, 'ask': 552.35}","{'bid': 551.35, 'ask': 551.73}",694,551.86,551.93,551.35,551.84
2025-04-29 09:30:00,2025-04-29T10:30:00,2025-04-29T09:30:00,"{'bid': 551.84, 'ask': 552.08}","{'bid': 552.12, 'ask': 552.35}","{'bid': 552.16, 'ask': 552.65}","{'bid': 551.63, 'ask': 551.82}",756,551.84,552.16,551.63,552.12
2025-04-29 09:45:00,2025-04-29T10:45:00,2025-04-29T09:45:00,"{'bid': 552.14, 'ask': 552.37}","{'bid': 552.0, 'ask': 552.23}","{'bid': 552.25, 'ask': 552.65}","{'bid': 551.65, 'ask': 552.11}",617,552.14,552.25,551.65,552.0
2025-04-29 10:00:00,2025-04-29T11:00:00,2025-04-29T10:00:00,"{'bid': 552.0, 'ask': 552.22}","{'bid': 551.88, 'ask': 552.09}","{'bid': 552.09, 'ask': 552.62}","{'bid': 551.35, 'ask': 551.85}",888,552.0,552.09,551.35,551.88
2025-04-29 10:15:00,2025-04-29T11:15:00,2025-04-29T10:15:00,"{'bid': 551.84, 'ask': 552.05}","{'bid': 552.29, 'ask': 552.48}","{'bid': 552.34, 'ask': 552.94}","{'bid': 551.73, 'ask': 551.91}",617,551.84,552.34,551.73,552.29
2025-04-29 10:30:00,2025-04-29T11:30:00,2025-04-29T10:30:00,"{'bid': 552.3, 'ask': 552.49}","{'bid': 550.77, 'ask': 551.0}","{'bid': 552.31, 'ask': 552.94}","{'bid': 550.45, 'ask': 550.9}",1282,552.3,552.31,550.45,550.77
2025-04-29 10:45:00,2025-04-29T11:45:00,2025-04-29T10:45:00,"{'bid': 550.79, 'ask': 550.98}","{'bid': 550.43, 'ask': 550.64}","{'bid': 550.86, 'ask': 551.34}","{'bid': 548.68, 'ask': 549.26}",1974,550.79,550.86,548.68,550.43
2025-04-29 11:00:00,2025-04-29T12:00:00,2025-04-29T11:00:00,"{'bid': 550.42, 'ask': 550.62}","{'bid': 550.61, 'ask': 550.81}","{'bid': 550.8, 'ask': 551.15}","{'bid': 550.15, 'ask': 550.59}",1297,550.42,550.8,550.15,550.61
2025-04-29 11:15:00,2025-04-29T12:15:00,2025-04-29T11:15:00,"{'bid': 550.6, 'ask': 550.81}","{'bid': 550.85, 'ask': 551.07}","{'bid': 551.18, 'ask': 551.54}","{'bid': 550.45, 'ask': 550.81}",845,550.6,551.18,550.45,550.85
2025-04-29 11:30:00,2025-04-29T12:30:00,2025-04-29T11:30:00,"{'bid': 550.85, 'ask': 551.06}","{'bid': 550.52, 'ask': 550.73}","{'bid': 551.29, 'ask': 551.54}","{'bid': 550.31, 'ask': 550.66}",1089,550.85,551.29,550.31,550.52
2025-04-29 11:45:00,2025-04-29T12:45:00,2025-04-29T11:45:00,"{'bid': 550.52, 'ask': 550.71}","{'bid': 550.78, 'ask': 550.98}","{'bid': 550.86, 'ask': 551.35}","{'bid': 550.15, 'ask': 550.65}",1008,550.52,550.86,550.15,550.78
2025-04-29 12:00:00,2025-04-29T13:00:00,2025-04-29T12:00:00,"{'bid': 550.77, 'ask': 550.97}","{'bid': 550.88, 'ask': 551.04}","{'bid': 551.11, 'ask': 551.54}","{'bid': 550.15, 'ask': 550.57}",1792,550.77,551.11,550.15,550.88
2025-04-29 12:15:00,2025-04-29T13:15:00,2025-04-29T12:15:00,"{'bid': 550.82, 'ask': 551.04}","{'bid': 549.85, 'ask': 550.48}","{'bid': 550.88, 'ask': 551.45}","{'bid': 549.55, 'ask': 549.88}",1975,550.82,550.88,549.55,549.85
2025-04-29 12:30:00,2025-04-29T13:30:00,2025-04-29T12:30:00,"{'bid': 549.85, 'ask': 550.45}","{'bid': 551.3, 'ask': 551.47}","{'bid': 551.37, 'ask': 551.54}","{'bid': 549.71, 'ask': 550.41}",1755,549.85,551.37,549.71,551.3
2025-04-29 12:45:00,2025-04-29T13:45:00,2025-04-29T12:45:00,"{'bid': 551.31, 'ask': 551.51}","{'bid': 549.33, 'ask': 549.53}","{'bid': 551.49, 'ask': 551.97}","{'bid': 548.95, 'ask': 549.35}",3904,551.31,551.49,548.95,549.33
2025-04-29 13:00:00,2025-04-29T14:00:00,2025-04-29T13:00:00,"{'bid': 549.33, 'ask': 549.5}","{'bid': 548.17, 'ask': 548.35}","{'bid': 549.35, 'ask': 549.69}","{'bid': 547.75, 'ask': 548.05}",3423,549.33,549.35,547.75,548.17
2025-04-29 13:15:00,2025-04-29T14:15:00,2025-04-29T13:15:00,"{'bid': 548.19, 'ask': 548.36}","{'bid': 548.82, 'ask': 548.99}","{'bid': 548.98, 'ask': 549.46}","{'bid': 547.75, 'ask': 548.05}",2081,548.19,548.98,547.75,548.82
2025-04-29 13:30:00,2025-04-29T14:30:00,2025-04-29T13:30:00,"{'bid': 548.82, 'ask': 548.97}","{'bid': 550.21, 'ask': 550.35}","{'bid': 550.35, 'ask': 550.47}","{'bid': 548.51, 'ask': 548.64}",6859,548.82,550.35,548.51,550.21
2025-04-29 13:45:00,2025-04-29T14:45:00,2025-04-29T13:45:00,"{'bid': 550.21, 'ask': 550.34}","{'bid': 550.51, 'ask': 550.75}","{'bid': 551.61, 'ask': 551.77}","{'bid': 550.2, 'ask': 550.32}",5166,550.21,551.61,550.2,550.51
2025-04-29 14:00:00,2025-04-29T15:00:00,2025-04-29T14:00:00,"{'bid': 550.54, 'ask': 550.76}","{'bid': 551.77, 'ask': 551.9}","{'bid': 552.73, 'ask': 552.85}","{'bid': 549.62, 'ask': 549.8}",5235,550.54,552.73,549.62,551.77
2025-04-29 14:15:00,2025-04-29T15:15:00,2025-04-29T14:15:00,"{'bid': 551.75, 'ask': 551.89}","{'bid': 549.82, 'ask': 549.96}","{'bid': 551.84, 'ask': 552.02}","{'bid': 549.36, 'ask': 549.48}",5238,551.75,551.84,549.36,549.82
2025-04-29 14:30:00,2025-04-29T15:30:00,2025-04-29T14:30:00,"{'bid': 549.8, 'ask': 549.93}","{'bid': 551.46, 'ask': 551.59}","{'bid': 551.98, 'ask': 552.11}","{'bid': 549.75, 'ask': 549.88}",4354,549.8,551.98,549.75,551.46
2025-04-29 14:45:00,2025-04-29T15:45:00,2025-04-29T14:45:00,"{'bid': 551.47, 'ask': 551.59}","{'bid': 552.89, 'ask': 553.02}","{'bid': 552.98, 'ask': 553.11}","{'bid': 551.32, 'ask': 551.46}",3529,551.47,552.98,551.32,552.89
2025-04-29 15:00:00,2025-04-29T16:00:00,2025-04-29T15:00:00,"{'bid': 552.9, 'ask': 553.02}","{'bid': 552.2, 'ask': 552.32}","{'bid': 553.21, 'ask': 553.34}","{'bid': 551.85, 'ask': 551.97}",3657,552.9,553.21,551.85,552.2
2025-04-29 15:15:00,2025-04-29T16:15:00,2025-04-29T15:15:00,"{'bid': 552.21, 'ask': 552.35}","{'bid': 552.16, 'ask': 552.3}","{'bid': 552.48, 'ask': 552.6}","{'bid': 550.99, 'ask': 551.11}",3590,552.21,552.48,550.99,552.16
2025-04-29 15:30:00,2025-04-29T16:30:00,2025-04-29T15:30:00,"{'bid': 552.19, 'ask': 552.34}","{'bid': 552.63, 'ask': 552.76}","{'bid': 552.64, 'ask': 552.77}","{'bid': 550.82, 'ask': 550.94}",3738,552.19,552.64,550.82,552.63
2025-04-29 15:45:00,2025-04-29T16:45:00,2025-04-29T15:45:00,"{'bid': 552.63, 'ask': 552.75}","{'bid': 551.66, 'ask': 551.79}","{'bid': 552.7, 'ask': 552.82}","{'bid': 551.5, 'ask': 551.62}",2809,552.63,552.7,551.5,551.66
2025-04-29 16:00:00,2025-04-29T17:00:00,2025-04-29T16:00:00,"{'bid': 551.67, 'ask': 551.8}","{'bid': 553.08, 'ask': 553.2}","{'bid': 553.38, 'ask': 553.5}","{'bid': 551.62, 'ask': 551.75}",2579,551.67,553.38,551.62,553.08
2025-04-29 16:15:00,2025-04-29T17:15:00,2025-04-29T16:15:00,"{'bid': 553.07, 'ask': 553.2}","{'bid': 552.82, 'ask': 552.96}","{'bid': 553.21, 'ask': 553.35}","{'bid': 552.38, 'ask': 552.51}",2670,553.07,553.21,552.38,552.82
2025-04-29 16:30:00,2025-04-29T17:30:00,2025-04-29T16:30:00,"{'bid': 552.83, 'ask': 552.97}","{'bid': 552.81, 'ask': 552.93}","{'bid': 553.13, 'ask': 553.26}","{'bid': 552.2, 'ask': 552.32}",2636,552.83,553.13,552.2,552.81
2025-04-29 16:45:00,2025-04-29T17:45:00,2025-04-29T16:45:00,"{'bid': 552.79, 'ask': 552.93}","{'bid': 550.99, 'ask': 551.13}","{'bid': 552.8, 'ask': 552.93}","{'bid': 550.46, 'ask': 550.58}",3998,552.79,552.8,550.46,550.99
2025-04-29 17:00:00,2025-04-29T18:00:00,2025-04-29T17:00:00,"{'bid': 551.0, 'ask': 551.13}","{'bid': 551.51, 'ask': 551.64}","{'bid': 551.55, 'ask': 551.68}","{'bid': 550.7, 'ask': 550.82}",3134,551.0,551.55,550.7,551.51
2025-04-29 17:15:00,2025-04-29T18:15:00,2025-04-29T17:15:00,"{'bid': 551.52, 'ask': 551.64}","{'bid': 552.57, 'ask': 552.7}","{'bid': 552.9, 'ask': 553.03}","{'bid': 551.41, 'ask': 551.54}",2996,551.52,552.9,551.41,552.57
2025-04-29 17:30:00,2025-04-29T18:30:00,2025-04-29T17:30:00,"{'bid': 552.57, 'ask': 552.71}","{'bid': 553.78, 'ask': 553.91}","{'bid': 553.82, 'ask': 553.94}","{'bid': 552.48, 'ask': 552.61}",2348,552.57,553.82,552.48,553.78
2025-04-29 17:45:00,2025-04-29T18:45:00,2025-04-29T17:45:00,"{'bid': 553.79, 'ask': 553.93}","{'bid': 554.67, 'ask': 554.8}","{'bid': 555.04, 'ask': 555.17}","{'bid': 553.52, 'ask': 553.65}",3106,553.79,555.04,553.52,554.67
2025-04-29 18:00:00,2025-04-29T19:00:00,2025-04-29T18:00:00,"{'bid': 554.68, 'ask': 554.81}","{'bid': 554.65, 'ask': 554.77}","{'bid': 555.37, 'ask': 555.5}","{'bid': 554.37, 'ask': 554.5}",2850,554.68,555.37,554.37,554.65
2025-04-29 18:15:00,2025-04-29T19:15:00,2025-04-29T18:15:00,"{'bid': 554.63, 'ask': 554.76}","{'bid': 554.82, 'ask': 554.95}","{'bid': 555.12, 'ask': 555.25}","{'bid': 554.05, 'ask': 554.18}",2716,554.63,555.12,554.05,554.82
2025-04-29 18:30:00,2025-04-29T19:30:00,2025-04-29T18:30:00,"{'bid': 554.81, 'ask': 554.95}","{'bid': 554.96, 'ask': 555.09}","{'bid': 555.17, 'ask': 555.29}","{'bid': 554.35, 'ask': 554.47}",2084,554.81,555.17,554.35,554.96
2025-04-29 18:45:00,2025-04-29T19:45:00,2025-04-29T18:45:00,"{'bid': 554.97, 'ask': 555.1}","{'bid': 554.29, 'ask': 554.41}","{'bid': 554.97, 'ask': 555.1}","{'bid': 554.07, 'ask': 554.19}",2516,554.97,554.97,554.07,554.29
2025-04-29 19:00:00,2025-04-29T20:00:00,2025-04-29T19:00:00,"{'bid': 554.29, 'ask': 554.42}","{'bid': 554.75, 'ask': 554.89}","{'bid': 555.17, 'ask': 555.36}","{'bid': 554.14, 'ask': 554.26}",3156,554.29,555.17,554.14,554.75
2025-04-29 19:15:00,2025-04-29T20:15:00,2025-04-29T19:15:00,"{'bid': 554.77, 'ask': 554.89}","{'bid': 554.54, 'ask': 554.67}","{'bid': 554.98, 'ask': 555.11}","{'bid': 554.22, 'ask': 554.36}",2897,554.77,554.98,554.22,554.54
2025-04-29 19:30:00,2025-04-29T20:30:00,2025-04-29T19:30:00,"{'bid': 554.56, 'ask': 554.68}","{'bid': 554.07, 'ask': 554.2}","{'bid': 554.73, 'ask': 554.85}","{'bid': 553.76, 'ask': 553.88}",2801,554.56,554.73,553.76,554.07
2025-04-29 19:45:00,2025-04-29T20:45:00,2025-04-29T19:45:00,"{'bid': 554.09, 'ask': 554.21}","{'bid': 554.11, 'ask': 554.23}","{'bid': 555.24, 'ask': 555.43}","{'bid': 553.83, 'ask': 553.96}",4519,554.09,555.24,553.83,554.11
2025-04-29 20:00:00,2025-04-29T21:00:00,2025-04-29T20:00:00,"{'bid': 554.1, 'ask': 554.22}","{'bid': 554.27, 'ask': 554.44}","{'bid': 554.75, 'ask': 555.05}","{'bid': 553.8, 'ask': 553.97}",1377,554.1,554.75,553.8,554.27
2025-04-29 20:15:00,2025-04-29T21:15:00,2025-04-29T20:15:00,"{'bid': 554.25, 'ask': 554.44}","{'bid': 554.18, 'ask': 554.35}","{'bid': 554.66, 'ask': 554.96}","{'bid': 553.88, 'ask': 554.32}",814,554.25,554.66,553.88,554.18
2025-04-29 20:30:00,2025-04-29T21:30:00,2025-04-29T20:30:00,"{'bid': 554.18, 'ask': 554.36}","{'bid': 553.68, 'ask': 553.84}","{'bid': 554.18, 'ask': 554.36}","{'bid': 553.44, 'ask': 553.56}",1795,554.18,554.18,553.44,553.68
2025-04-29 20:45:00,2025-04-29T21:45:00,2025-04-29T20:45:00,"{'bid': 553.69, 'ask': 553.87}","{'bid': 553.76, 'ask': 554.17}","{'bid': 554.3, 'ask': 554.53}","{'bid': 553.58, 'ask': 553.75}",797,553.69,554.3,553.58,553.76
2025-04-29 21:00:00,2025-04-29T22:00:00,2025-04-29T21:00:00,"{'bid': 553.76, 'ask': 554.21}","{'bid': 553.76, 'ask': 554.05}","{'bid': 554.06, 'ask': 554.21}","{'bid': 553.76, 'ask': 554.01}",26,553.76,554.06,553.76,553.76
2025-04-29 21:15:00,2025-04-29T22:15:00,2025-04-29T21:15:00,"{'bid': 553.89, 'ask': 554.05}","{'bid': 553.77, 'ask': 554.06}","{'bid': 553.94, 'ask': 554.07}","{'bid': 553.65, 'ask': 553.95}",74,553.89,553.94,553.65,553.77
2025-04-29 21:30:00,2025-04-29T22:30:00,2025-04-29T21:30:00,"{'bid': 553.93, 'ask': 554.06}","{'bid': 553.72, 'ask': 553.89}","{'bid': 553.94, 'ask': 554.07}","{'bid': 553.69, 'ask': 553.82}",50,553.93,553.94,553.69,553.72
2025-04-29 21:45:00,2025-04-29T22:45:00,2025-04-29T21:45:00,"{'bid': 553.69, 'ask': 553.89}","{'bid': 553.65, 'ask': 553.98}","{'bid': 553.83, 'ask': 554.05}","{'bid': 553.65, 'ask': 553.85}",70,553.69,553.83,553.65,553.65
2025-04-29 22:00:00,2025-04-29T23:00:00,2025-04-29T22:00:00,"{'bid': 553.65, 'ask': 553.97}","{'bid': 553.8, 'ask': 554.03}","{'bid': 553.9, 'ask': 554.37}","{'bid': 553.15, 'ask': 553.56}",417,553.65,553.9,553.15,553.8
2025-04-29 22:15:00,2025-04-29T23:15:00,2025-04-29T22:15:00,"{'bid': 553.81, 'ask': 554.04}","{'bid': 553.35, 'ask': 553.83}","{'bid': 554.0, 'ask': 554.37}","{'bid': 552.86, 'ask': 553.35}",467,553.81,554.0,552.86,553.35
2025-04-29 22:30:00,2025-04-29T23:30:00,2025-04-29T22:30:00,"{'bid': 553.17, 'ask': 553.56}","{'bid': 552.92, 'ask': 553.83}","{'bid': 553.43, 'ask': 553.85}","{'bid': 552.85, 'ask': 553.34}",235,553.17,553.43,552.85,552.92
2025-04-29 22:45:00,2025-04-29T23:45:00,2025-04-29T22:45:00,"{'bid': 552.92, 'ask': 553.54}","{'bid': 552.95, 'ask': 553.29}","{'bid': 553.37, 'ask': 553.85}","{'bid': 552.84, 'ask': 553.03}",301,552.92,553.37,552.84,552.95
2025-04-29 23:00:00,2025-04-30T00:00:00,2025-04-29T23:00:00,"{'bid': 552.84, 'ask': 553.13}","{'bid': 552.62, 'ask': 552.82}","{'bid': 552.97, 'ask': 553.29}","{'bid': 552.34, 'ask': 552.68}",545,552.84,552.97,552.34,552.62
2025-04-29 23:15:00,2025-04-30T00:15:00,2025-04-29T23:15:00,"{'bid': 552.61, 'ask': 552.82}","{'bid': 552.73, 'ask': 552.95}","{'bid': 553.07, 'ask': 553.26}","{'bid': 552.6, 'ask': 552.81}",322,552.61,553.07,552.6,552.73
2025-04-29 23:30:00,2025-04-30T00:30:00,2025-04-29T23:30:00,"{'bid': 552.74, 'ask': 552.95}","{'bid': 552.98, 'ask': 553.14}","{'bid': 553.05, 'ask': 553.42}","{'bid': 552.72, 'ask': 552.95}",306,552.74,553.05,552.72,552.98
2025-04-29 23:45:00,2025-04-30T00:45:00,2025-04-29T23:45:00,"{'bid': 552.96, 'ask': 553.14}","{'bid': 552.85, 'ask': 553.06}","{'bid': 553.03, 'ask': 553.47}","{'bid': 552.6, 'ask': 552.91}",331,552.96,553.03,552.6,552.85
2025-04-30 08:00:00,2025-04-30T09:00:00,2025-04-30T08:00:00,"{'bid': 553.14, 'ask': 553.35}","{'bid': 553.56, 'ask': 553.74}","{'bid': 553.58, 'ask': 554.15}","{'bid': 552.34, 'ask': 552.87}",1184,553.14,553.58,552.34,553.56
2025-04-30 08:15:00,2025-04-30T09:15:00,2025-04-30T08:15:00,"{'bid': 553.58, 'ask': 553.77}","{'bid': 553.12, 'ask': 553.33}","{'bid': 553.95, 'ask': 554.45}","{'bid': 552.85, 'ask': 553.21}",903,553.58,553.95,552.85,553.12
2025-04-30 08:30:00,2025-04-30T09:30:00,2025-04-30T08:30:00,"{'bid': 553.11, 'ask': 553.32}","{'bid': 553.18, 'ask': 553.39}","{'bid': 553.21, 'ask': 553.8}","{'bid': 552.38, 'ask': 552.87}",700,553.11,553.21,552.38,553.18
2025-04-30 08:45:00,2025-04-30T09:45:00,2025-04-30T08:45:00,"{'bid': 553.19, 'ask': 553.4}","{'bid': 552.87, 'ask': 553.07}","{'bid': 553.48, 'ask': 553.95}","{'bid': 552.74, 'ask': 553.07}",549,553.19,553.48,552.74,552.87
2025-04-30 09:00:00,2025-04-30T10:00:00,2025-04-30T09:00:00,"{'bid': 552.82, 'ask': 553.07}","{'bid': 553.51, 'ask': 553.71}","{'bid': 553.52, 'ask': 553.85}","{'bid': 552.8, 'ask': 553.05}",406,552.82,553.52,552.8,553.51
2025-04-30 09:15:00,2025-04-30T10:15:00,2025-04-30T09:15:00,"{'bid': 553.51, 'ask': 553.7}","{'bid': 553.71, 'ask': 553.9}","{'bid': 553.73, 'ask': 553.91}","{'bid': 552.99, 'ask': 553.48}",394,553.51,553.73,552.99,553.71
2025-04-30 09:30:00,2025-04-30T10:30:00,2025-04-30T09:30:00,"{'bid': 553.72, 'ask': 553.9}","{'bid': 553.71, 'ask': 553.92}","{'bid': 553.85, 'ask': 554.4}","{'bid': 553.45, 'ask': 553.85}",322,553.72,553.85,553.45,553.71
2025-04-30 09:45:00,2025-04-30T10:45:00,2025-04-30T09:45:00,"{'bid': 553.7, 'ask': 553.9}","{'bid': 553.37, 'ask': 553.56}","{'bid': 553.73, 'ask': 554.15}","{'bid': 552.96, 'ask': 553.53}",400,553.7,553.73,552.96,553.37
2025-04-30 10:00:00,2025-04-30T11:00:00,2025-04-30T10:00:00,"{'bid': 553.37, 'ask': 553.57}","{'bid': 553.29, 'ask': 553.5}","{'bid': 553.43, 'ask': 553.85}","{'bid': 552.85, 'ask': 553.45}",345,553.37,553.43,552.85,553.29
2025-04-30 10:15:00,2025-04-30T11:15:00,2025-04-30T10:15:00,"{'bid': 553.29, 'ask': 553.49}","{'bid': 553.02, 'ask': 553.21}","{'bid': 553.4, 'ask': 553.84}","{'bid': 552.85, 'ask': 553.18}",491,553.29,553.4,552.85,553.02
2025-04-30 10:30:00,2025-04-30T11:30:00,2025-04-30T10:30:00,"{'bid': 553.03, 'ask': 553.23}","{'bid': 552.54, 'ask': 552.73}","{'bid': 553.04, 'ask': 553.25}","{'bid': 551.95, 'ask': 552.37}",1076,553.03,553.04,551.95,552.54
2025-04-30 10:45:00,2025-04-30T11:45:00,2025-04-30T10:45:00,"{'bid': 552.54, 'ask': 552.76}","{'bid': 553.04, 'ask': 553.25}","{'bid': 553.05, 'ask': 553.27}","{'bid': 552.25, 'ask': 552.7}",656,552.54,553.05,552.25,553.04
2025-04-30 11:00:00,2025-04-30T12:00:00,2025-04-30T11:00:00,"{'bid': 553.05, 'ask': 553.26}","{'bid': 553.36, 'ask': 553.56}","{'bid': 553.73, 'ask': 554.15}","{'bid': 552.85, 'ask': 553.2}",688,553.05,553.73,552.85,553.36
2025-04-30 11:15:00,2025-04-30T12:15:00,2025-04-30T11:15:00,"{'bid': 553.36, 'ask': 553.55}","{'bid': 552.52, 'ask': 552.66}","{'bid': 553.64, 'ask': 553.85}","{'bid': 552.29, 'ask': 552.65}",729,553.36,553.64,552.29,552.52
2025-04-30 11:30:00,2025-04-30T12:30:00,2025-04-30T11:30:00,"{'bid': 552.55, 'ask': 552.94}","{'bid': 552.55, 'ask': 552.75}","{'bid': 552.71, 'ask': 553.24}","{'bid': 552.2, 'ask': 552.42}",700,552.55,552.71,552.2,552.55
2025-04-30 11:45:00,2025-04-30T12:45:00,2025-04-30T11:45:00,"{'bid': 552.55, 'ask': 552.74}","{'bid': 552.28, 'ask': 552.48}","{'bid': 552.55, 'ask': 552.74}","{'bid': 551.95, 'ask': 552.21}",918,552.55,552.55,551.95,552.28
2025-04-30 12:00:00,2025-04-30T13:00:00,2025-04-30T12:00:00,"{'bid': 552.23, 'ask': 552.46}","{'bid': 551.5, 'ask': 552.05}","{'bid': 552.44, 'ask': 552.95}","{'bid': 551.38, 'ask': 551.73}",1211,552.23,552.44,551.38,551.5
2025-04-30 12:15:00,2025-04-30T13:15:00,2025-04-30T12:15:00,"{'bid': 551.5, 'ask': 551.77}","{'bid': 550.55, 'ask': 551.3}","{'bid': 551.59, 'ask': 552.05}","{'bid': 549.93, 'ask': 550.13}",2334,551.5,551.59,549.93,550.55
2025-04-30 12:30:00,2025-04-30T13:30:00,2025-04-30T12:30:00,"{'bid': 550.55, 'ask': 550.82}","{'bid': 547.22, 'ask': 547.4}","{'bid': 551.28, 'ask': 553.3}","{'bid': 546.79, 'ask': 547.02}",4282,550.55,551.28,546.79,547.22
2025-04-30 12:45:00,2025-04-30T13:45:00,2025-04-30T12:45:00,"{'bid': 547.22, 'ask': 547.42}","{'bid': 547.01, 'ask': 547.2}","{'bid': 547.37, 'ask': 547.55}","{'bid': 545.95, 'ask': 546.26}",3644,547.22,547.37,545.95,547.01
2025-04-30 13:00:00,2025-04-30T14:00:00,2025-04-30T13:00:00,"{'bid': 547.04, 'ask': 547.2}","{'bid': 546.12, 'ask': 546.3}","{'bid': 547.06, 'ask': 547.24}","{'bid': 545.58, 'ask': 545.87}",3142,547.04,547.06,545.58,546.12
2025-04-30 13:15:00,2025-04-30T14:15:00,2025-04-30T13:15:00,"{'bid': 546.1, 'ask': 546.3}","{'bid': 547.54, 'ask': 547.69}","{'bid': 547.56, 'ask': 547.75}","{'bid': 545.87, 'ask': 546.05}",3093,546.1,547.56,545.87,547.54
2025-04-30 13:30:00,2025-04-30T14:30:00,2025-04-30T13:30:00,"{'bid': 547.51, 'ask': 547.67}","{'bid': 543.51, 'ask': 543.65}","{'bid': 547.51, 'ask': 547.67}","{'bid': 542.54, 'ask': 542.67}",7423,547.51,547.51,542.54,543.51
2025-04-30 13:45:00,2025-04-30T14:45:00,2025-04-30T13:45:00,"{'bid': 543.49, 'ask': 543.62}","{'bid': 541.81, 'ask': 542.03}","{'bid': 544.3, 'ask': 544.45}","{'bid': 541.46, 'ask': 541.58}",6313,543.49,544.3,541.46,541.81
2025-04-30 14:00:00,2025-04-30T15:00:00,2025-04-30T14:00:00,"{'bid': 541.8, 'ask': 542.03}","{'bid': 544.87, 'ask': 544.99}","{'bid': 544.98, 'ask': 545.12}","{'bid': 541.56, 'ask': 541.74}",6538,541.8,544.98,541.56,544.87
2025-04-30 14:15:00,2025-04-30T15:15:00,2025-04-30T14:15:00,"{'bid': 544.89, 'ask': 545.02}","{'bid': 546.25, 'ask': 546.4}","{'bid': 546.43, 'ask': 546.56}","{'bid': 544.38, 'ask': 544.51}",5339,544.89,546.43,544.38,546.25
2025-04-30 14:30:00,2025-04-30T15:30:00,2025-04-30T14:30:00,"{'bid': 546.26, 'ask': 546.39}","{'bid': 546.78, 'ask': 546.92}","{'bid': 547.05, 'ask': 547.17}","{'bid': 545.26, 'ask': 545.39}",5475,546.26,547.05,545.26,546.78
2025-04-30 14:45:00,2025-04-30T15:45:00,2025-04-30T14:45:00,"{'bid': 546.77, 'ask': 546.92}","{'bid': 546.9, 'ask': 547.04}","{'bid': 547.41, 'ask': 547.54}","{'bid': 545.64, 'ask': 545.77}",5533,546.77,547.41,545.64,546.9
2025-04-30 15:00:00,2025-04-30T16:00:00,2025-04-30T15:00:00,"{'bid': 546.92, 'ask': 547.04}","{'bid': 548.55, 'ask': 548.68}","{'bid': 548.93, 'ask': 549.05}","{'bid': 546.81, 'ask': 546.95}",4867,546.92,548.93,546.81,548.55
2025-04-30 15:15:00,2025-04-30T16:15:00,2025-04-30T15:15:00,"{'bid': 548.57, 'ask': 548.69}","{'bid': 548.95, 'ask': 549.07}","{'bid': 549.68, 'ask': 549.8}","{'bid': 548.19, 'ask': 548.31}",4572,548.57,549.68,548.19,548.95
2025-04-30 15:30:00,2025-04-30T16:30:00,2025-04-30T15:30:00,"{'bid': 548.93, 'ask': 549.05}","{'bid': 549.65, 'ask': 549.78}","{'bid': 549.75, 'ask': 549.91}","{'bid': 548.64, 'ask': 548.77}",4712,548.93,549.75,548.64,549.65
2025-04-30 15:45:00,2025-04-30T16:45:00,2025-04-30T15:45:00,"{'bid': 549.68, 'ask': 549.8}","{'bid': 549.42, 'ask': 549.55}","{'bid': 549.7, 'ask': 549.83}","{'bid': 548.56, 'ask': 548.68}",4138,549.68,549.7,548.56,549.42
2025-04-30 16:00:00,2025-04-30T17:00:00,2025-04-30T16:00:00,"{'bid': 549.4, 'ask': 549.54}","{'bid': 549.05, 'ask': 549.17}","{'bid': 550.19, 'ask': 550.32}","{'bid': 548.98, 'ask': 549.11}",3820,549.4,550.19,548.98,549.05
2025-04-30 16:15:00,2025-04-30T17:15:00,2025-04-30T16:15:00,"{'bid': 549.03, 'ask': 549.16}","{'bid': 548.03, 'ask': 548.17}","{'bid': 549.34, 'ask': 549.48}","{'bid': 547.74, 'ask': 547.86}",3904,549.03,549.34,547.74,548.03
2025-04-30 16:30:00,2025-04-30T17:30:00,2025-04-30T16:30:00,"{'bid': 548.04, 'ask': 548.17}","{'bid': 548.98, 'ask': 549.11}","{'bid': 549.45, 'ask': 549.58}","{'bid': 547.35, 'ask': 547.48}",3839,548.04,549.45,547.35,548.98
2025-04-30 16:45:00,2025-04-30T17:45:00,2025-04-30T16:45:00,"{'bid': 548.99, 'ask': 549.13}","{'bid': 549.5, 'ask': 549.62}","{'bid': 549.71, 'ask': 549.83}","{'bid': 548.66, 'ask': 548.79}",3134,548.99,549.71,548.66,549.5
2025-04-30 17:00:00,2025-04-30T18:00:00,2025-04-30T17:00:00,"{'bid': 549.49, 'ask': 549.61}","{'bid': 547.81, 'ask': 547.95}","{'bid': 549.8, 'ask': 549.93}","{'bid': 547.08, 'ask': 547.21}",3541,549.49,549.8,547.08,547.81
2025-04-30 17:15:00,2025-04-30T18:15:00,2025-04-30T17:15:00,"{'bid': 547.79, 'ask': 547.94}","{'bid': 549.95, 'ask': 550.09}","{'bid': 550.08, 'ask': 550.21}","{'bid': 547.79, 'ask': 547.94}",3562,547.79,550.08,547.79,549.95
2025-04-30 17:30:00,2025-04-30T18:30:00,2025-04-30T17:30:00,"{'bid': 549.96, 'ask': 550.09}","{'bid': 550.84, 'ask': 550.96}","{'bid': 551.04, 'ask': 551.18}","{'bid': 549.72, 'ask': 549.85}",3472,549.96,551.04,549.72,550.84
2025-04-30 17:45:00,2025-04-30T18:45:00,2025-04-30T17:45:00,"{'bid': 550.81, 'ask': 550.94}","{'bid': 550.4, 'ask': 550.53}","{'bid': 550.99, 'ask': 551.12}","{'bid': 550.24, 'ask': 550.37}",3046,550.81,550.99,550.24,550.4
2025-04-30 18:00:00,2025-04-30T19:00:00,2025-04-30T18:00:00,"{'bid': 550.42, 'ask': 550.55}","{'bid': 551.22, 'ask': 551.36}","{'bid': 553.0, 'ask': 553.14}","{'bid': 549.86, 'ask': 549.99}",5606,550.42,553.0,549.86,551.22
2025-04-30 18:15:00,2025-04-30T19:15:00,2025-04-30T18:15:00,"{'bid': 551.23, 'ask': 551.36}","{'bid': 550.41, 'ask': 550.56}","{'bid': 551.97, 'ask': 552.09}","{'bid': 549.69, 'ask': 549.87}",4280,551.23,551.97,549.69,550.41
2025-04-30 18:30:00,2025-04-30T19:30:00,2025-04-30T18:30:00,"{'bid': 550.4, 'ask': 550.55}","{'bid': 549.32, 'ask': 549.46}","{'bid': 551.03, 'ask': 551.17}","{'bid': 549.05, 'ask': 549.17}",4157,550.4,551.03,549.05,549.32
2025-04-30 18:45:00,2025-04-30T19:45:00,2025-04-30T18:45:00,"{'bid': 549.33, 'ask': 549.47}","{'bid': 549.53, 'ask': 549.67}","{'bid': 550.83, 'ask': 550.96}","{'bid': 549.26, 'ask': 549.39}",3482,549.33,550.83,549.26,549.53
2025-04-30 19:00:00,2025-04-30T20:00:00,2025-04-30T19:00:00,"{'bid': 549.53, 'ask': 549.66}","{'bid': 550.8, 'ask': 550.94}","{'bid': 550.84, 'ask': 550.96}","{'bid': 549.51, 'ask': 549.64}",3477,549.53,550.84,549.51,550.8
2025-04-30 19:15:00,2025-04-30T20:15:00,2025-04-30T19:15:00,"{'bid': 550.81, 'ask': 550.94}","{'bid': 549.72, 'ask': 549.86}","{'bid': 550.96, 'ask': 551.09}","{'bid': 549.57, 'ask': 549.69}",3582,550.81,550.96,549.57,549.72
2025-04-30 19:30:00,2025-04-30T20:30:00,2025-04-30T19:30:00,"{'bid': 549.74, 'ask': 549.87}","{'bid': 551.22, 'ask': 551.34}","{'bid': 551.25, 'ask': 551.38}","{'bid': 549.33, 'ask': 549.45}",4194,549.74,551.25,549.33,551.22
2025-04-30 19:45:00,2025-04-30T20:45:00,2025-04-30T19:45:00,"{'bid': 551.19, 'ask': 551.34}","{'bid': 554.31, 'ask': 554.44}","{'bid': 556.46, 'ask': 556.58}","{'bid': 551.13, 'ask': 551.26}",7746,551.19,556.46,551.13,554.31
2025-04-30 20:00:00,2025-04-30T21:00:00,2025-04-30T20:00:00,"{'bid': 554.33, 'ask': 554.45}","{'bid': 556.33, 'ask': 556.56}","{'bid': 557.44, 'ask': 560.05}","{'bid': 552.55, 'ask': 553.22}",4387,554.33,557.44,552.55,556.33
2025-04-30 20:15:00,2025-04-30T21:15:00,2025-04-30T20:15:00,"{'bid': 556.36, 'ask': 556.54}","{'bid': 557.87, 'ask': 558.04}","{'bid': 557.95, 'ask': 558.35}","{'bid': 556.05, 'ask': 556.22}",2341,556.36,557.95,556.05,557.87
2025-04-30 20:30:00,2025-04-30T21:30:00,2025-04-30T20:30:00,"{'bid': 557.87, 'ask': 558.05}","{'bid': 558.02, 'ask': 558.19}","{'bid': 558.37, 'ask': 558.65}","{'bid': 556.75, 'ask': 557.66}",1748,557.87,558.37,556.75,558.02
2025-04-30 20:45:00,2025-04-30T21:45:00,2025-04-30T20:45:00,"{'bid': 558.01, 'ask': 558.19}","{'bid': 557.61, 'ask': 557.85}","{'bid': 558.2, 'ask': 558.37}","{'bid': 557.47, 'ask': 557.75}",1560,558.01,558.2,557.47,557.61
2025-04-30 21:00:00,2025-04-30T22:00:00,2025-04-30T21:00:00,"{'bid': 557.67, 'ask': 557.85}","{'bid': 557.69, 'ask': 557.99}","{'bid': 557.8, 'ask': 558.24}","{'bid': 557.26, 'ask': 557.59}",258,557.67,557.8,557.26,557.69
2025-04-30 21:15:00,2025-04-30T22:15:00,2025-04-30T21:15:00,"{'bid': 557.68, 'ask': 557.81}","{'bid': 557.51, 'ask': 558.45}","{'bid': 558.03, 'ask': 558.45}","{'bid': 557.51, 'ask': 557.81}",79,557.68,558.03,557.51,557.51
2025-04-30 21:30:00,2025-04-30T22:30:00,2025-04-30T21:30:00,"{'bid': 557.35, 'ask': 558.45}","{'bid': 557.7, 'ask': 557.9}","{'bid': 558.21, 'ask': 558.45}","{'bid': 557.35, 'ask': 557.9}",75,557.35,558.21,557.35,557.7
2025-04-30 21:45:00,2025-04-30T22:45:00,2025-04-30T21:45:00,"{'bid': 557.78, 'ask': 557.91}","{'bid': 557.54, 'ask': 557.69}","{'bid': 557.81, 'ask': 558.2}","{'bid': 557.35, 'ask': 557.55}",124,557.78,557.81,557.35,557.54
2025-04-30 22:00:00,2025-04-30T23:00:00,2025-04-30T22:00:00,"{'bid': 557.53, 'ask': 557.69}","{'bid': 559.22, 'ask': 559.47}","{'bid': 559.68, 'ask': 560.05}","{'bid': 557.27, 'ask': 557.53}",1736,557.53,559.68,557.27,559.22
2025-04-30 22:15:00,2025-04-30T23:15:00,2025-04-30T22:15:00,"{'bid': 559.24, 'ask': 559.44}","{'bid': 558.35, 'ask': 558.58}","{'bid': 559.36, 'ask': 560.05}","{'bid': 557.95, 'ask': 558.41}",1153,559.24,559.36,557.95,558.35
2025-04-30 22:30:00,2025-04-30T23:30:00,2025-04-30T22:30:00,"{'bid': 558.35, 'ask': 558.59}","{'bid': 558.14, 'ask': 558.32}","{'bid': 559.12, 'ask': 559.85}","{'bid': 557.65, 'ask': 558.32}",858,558.35,559.12,557.65,558.14
2025-04-30 22:45:00,2025-04-30T23:45:00,2025-04-30T22:45:00,"{'bid': 558.13, 'ask': 558.3}","{'bid': 558.8, 'ask': 558.94}","{'bid': 558.8, 'ask': 559.05}","{'bid': 558.1, 'ask': 558.24}",479,558.13,558.8,558.1,558.8
2025-04-30 23:00:00,2025-05-01T00:00:00,2025-04-30T23:00:00,"{'bid': 558.72, 'ask': 558.92}","{'bid': 558.43, 'ask': 558.66}","{'bid': 559.06, 'ask': 559.63}","{'bid': 557.8, 'ask': 558.35}",736,558.72,559.06,557.8,558.43
2025-04-30 23:15:00,2025-05-01T00:15:00,2025-04-30T23:15:00,"{'bid': 558.41, 'ask': 558.68}","{'bid': 559.09, 'ask': 559.29}","{'bid': 559.14, 'ask': 559.7}","{'bid': 558.21, 'ask': 558.55}",490,558.41,559.14,558.21,559.09
2025-04-30 23:30:00,2025-05-01T00:30:00,2025-04-30T23:30:00,"{'bid': 559.09, 'ask': 559.32}","{'bid': 558.94, 'ask': 559.14}","{'bid': 559.2, 'ask': 559.85}","{'bid': 558.83, 'ask': 559.05}",504,559.09,559.2,558.83,558.94
2025-04-30 23:45:00,2025-05-01T00:45:00,2025-04-30T23:45:00,"{'bid': 558.92, 'ask': 559.13}","{'bid': 559.14, 'ask': 559.37}","{'bid': 559.33, 'ask': 559.85}","{'bid': 558.63, 'ask': 559.02}",591,558.92,559.33,558.63,559.14
2025-05-01 08:00:00,2025-05-01T09:00:00,2025-05-01T08:00:00,"{'bid': 560.17, 'ask': 560.93}","{'bid': 559.81, 'ask': 560.05}","{'bid': 560.36, 'ask': 560.93}","{'bid': 559.3, 'ask': 559.73}",814,560.17,560.36,559.3,559.81
2025-05-01 08:15:00,2025-05-01T09:15:00,2025-05-01T08:15:00,"{'bid': 559.81, 'ask': 560.04}","{'bid': 560.3, 'ask': 560.5}","{'bid': 560.32, 'ask': 560.74}","{'bid': 559.59, 'ask': 560.01}",576,559.81,560.32,559.59,560.3
2025-05-01 08:30:00,2025-05-01T09:30:00,2025-05-01T08:30:00,"{'bid': 560.3, 'ask': 560.51}","{'bid': 560.52, 'ask': 560.69}","{'bid': 560.65, 'ask': 561.12}","{'bid': 559.81, 'ask': 560.22}",422,560.3,560.65,559.81,560.52
2025-05-01 08:45:00,2025-05-01T09:45:00,2025-05-01T08:45:00,"{'bid': 560.5, 'ask': 560.69}","{'bid': 560.9, 'ask': 561.09}","{'bid': 560.97, 'ask': 561.56}","{'bid': 560.25, 'ask': 560.65}",432,560.5,560.97,560.25,560.9
2025-05-01 09:00:00,2025-05-01T10:00:00,2025-05-01T09:00:00,"{'bid': 560.91, 'ask': 561.12}","{'bid': 561.13, 'ask': 561.31}","{'bid': 561.32, 'ask': 562.25}","{'bid': 560.48, 'ask': 561.04}",458,560.91,561.32,560.48,561.13
2025-05-01 09:15:00,2025-05-01T10:15:00,2025-05-01T09:15:00,"{'bid': 561.12, 'ask': 561.31}","{'bid': 561.22, 'ask': 561.4}","{'bid': 561.29, 'ask': 561.79}","{'bid': 560.76, 'ask': 560.94}",496,561.12,561.29,560.76,561.22
2025-05-01 09:30:00,2025-05-01T10:30:00,2025-05-01T09:30:00,"{'bid': 561.21, 'ask': 561.4}","{'bid': 561.46, 'ask': 561.67}","{'bid': 561.74, 'ask': 562.26}","{'bid': 561.18, 'ask': 561.37}",618,561.21,561.74,561.18,561.46
2025-05-01 09:45:00,2025-05-01T10:45:00,2025-05-01T09:45:00,"{'bid': 561.47, 'ask': 561.67}","{'bid': 561.79, 'ask': 561.99}","{'bid': 561.93, 'ask': 562.48}","{'bid': 561.44, 'ask': 561.67}",389,561.47,561.93,561.44,561.79
2025-05-01 10:00:00,2025-05-01T11:00:00,2025-05-01T10:00:00,"{'bid': 561.8, 'ask': 561.98}","{'bid': 561.6, 'ask': 561.78}","{'bid': 561.93, 'ask': 562.43}","{'bid': 561.09, 'ask': 561.57}",658,561.8,561.93,561.09,561.6
2025-05-01 10:15:00,2025-05-01T11:15:00,2025-05-01T10:15:00,"{'bid': 561.59, 'ask': 561.78}","{'bid': 561.28, 'ask': 561.49}","{'bid': 561.95, 'ask': 562.47}","{'bid': 561.09, 'ask': 561.44}",570,561.59,561.95,561.09,561.28
2025-05-01 10:30:00,2025-05-01T11:30:00,2025-05-01T10:30:00,"{'bid': 561.3, 'ask': 561.49}","{'bid': 561.06, 'ask': 561.25}","{'bid': 561.3, 'ask': 561.73}","{'bid': 560.35, 'ask': 561.16}",528,561.3,561.3,560.35,561.06
2025-05-01 10:45:00,2025-05-01T11:45:00,2025-05-01T10:45:00,"{'bid': 561.04, 'ask': 561.25}","{'bid': 560.94, 'ask': 561.14}","{'bid': 561.05, 'ask': 561.65}","{'bid': 560.3, 'ask': 560.73}",691,561.04,561.05,560.3,560.94
2025-05-01 11:00:00,2025-05-01T12:00:00,2025-05-01T11:00:00,"{'bid': 560.58, 'ask': 561.12}","{'bid': 561.29, 'ask': 561.5}","{'bid': 561.62, 'ask': 562.25}","{'bid': 560.55, 'ask': 560.8}",699,560.58,561.62,560.55,561.29
2025-05-01 11:15:00,2025-05-01T12:15:00,2025-05-01T11:15:00,"{'bid': 561.28, 'ask': 561.49}","{'bid': 560.49, 'ask': 560.73}","{'bid': 561.32, 'ask': 561.95}","{'bid': 559.96, 'ask': 560.47}",940,561.28,561.32,559.96,560.49
2025-05-01 11:30:00,2025-05-01T12:30:00,2025-05-01T11:30:00,"{'bid': 560.48, 'ask': 560.71}","{'bid': 561.18, 'ask': 561.38}","{'bid': 561.26, 'ask': 561.5}","{'bid': 560.48, 'ask': 560.68}",751,560.48,561.26,560.48,561.18
2025-05-01 11:45:00,2025-05-01T12:45:00,2025-05-01T11:45:00,"{'bid': 561.18, 'ask': 561.39}","{'bid': 561.2, 'ask': 561.36}","{'bid': 561.53, 'ask': 561.72}","{'bid': 561.05, 'ask': 561.27}",642,561.18,561.53,561.05,561.2
2025-05-01 12:00:00,2025-05-01T13:00:00,2025-05-01T12:00:00,"{'bid': 561.18, 'ask': 561.36}","{'bid': 561.3, 'ask': 561.48}","{'bid': 561.67, 'ask': 561.85}","{'bid': 560.35, 'ask': 561.1}",1096,561.18,561.67,560.35,561.3
2025-05-01 12:15:00,2025-05-01T13:15:00,2025-05-01T12:15:00,"{'bid': 561.33, 'ask': 561.48}","{'bid': 559.95, 'ask': 561.02}","{'bid': 561.52, 'ask': 561.71}","{'bid': 559.95, 'ask': 560.53}",1113,561.33,561.52,559.95,559.95
2025-05-01 12:30:00,2025-05-01T13:30:00,2025-05-01T12:30:00,"{'bid': 559.95, 'ask': 560.7}","{'bid': 560.44, 'ask': 560.63}","{'bid': 560.77, 'ask': 561.62}","{'bid': 556.95, 'ask': 559.67}",1821,559.95,560.77,556.95,560.44
2025-05-01 12:45:00,2025-05-01T13:45:00,2025-05-01T12:45:00,"{'bid': 560.46, 'ask': 560.63}","{'bid': 559.79, 'ask': 559.94}","{'bid': 560.66, 'ask': 560.86}","{'bid': 559.68, 'ask': 559.94}",1088,560.46,560.66,559.68,559.79
2025-05-01 13:00:00,2025-05-01T14:00:00,2025-05-01T13:00:00,"{'bid': 559.79, 'ask': 559.93}","{'bid': 560.09, 'ask': 560.3}","{'bid': 560.37, 'ask': 560.73}","{'bid': 559.16, 'ask': 559.45}",1515,559.79,560.37,559.16,560.09
2025-05-01 13:15:00,2025-05-01T14:15:00,2025-05-01T13:15:00,"{'bid': 560.08, 'ask': 560.28}","{'bid': 560.31, 'ask': 560.47}","{'bid': 560.66, 'ask': 561.18}","{'bid': 559.86, 'ask': 560.14}",1910,560.08,560.66,559.86,560.31
2025-05-01 13:30:00,2025-05-01T14:30:00,2025-05-01T13:30:00,"{'bid': 560.31, 'ask': 560.49}","{'bid': 559.94, 'ask': 560.07}","{'bid': 560.89, 'ask': 561.05}","{'bid': 558.99, 'ask': 559.12}",7743,560.31,560.89,558.99,559.94
2025-05-01 13:45:00,2025-05-01T14:45:00,2025-05-01T13:45:00,"{'bid': 559.96, 'ask': 560.1}","{'bid': 558.6, 'ask': 558.92}","{'bid': 561.31, 'ask': 561.49}","{'bid': 558.6, 'ask': 558.81}",5706,559.96,561.31,558.6,558.6
2025-05-01 14:00:00,2025-05-01T15:00:00,2025-05-01T14:00:00,"{'bid': 558.6, 'ask': 558.98}","{'bid': 560.32, 'ask': 560.46}","{'bid': 561.02, 'ask': 561.15}","{'bid': 558.6, 'ask': 558.92}",6920,558.6,561.02,558.6,560.32
2025-05-01 14:15:00,2025-05-01T15:15:00,2025-05-01T14:15:00,"{'bid': 560.31, 'ask': 560.44}","{'bid': 561.98, 'ask': 562.1}","{'bid': 562.15, 'ask': 562.28}","{'bid': 560.31, 'ask': 560.44}",4224,560.31,562.15,560.31,561.98
2025-05-01 14:30:00,2025-05-01T15:30:00,2025-05-01T14:30:00,"{'bid': 561.97, 'ask': 562.11}","{'bid': 562.15, 'ask': 562.28}","{'bid': 562.78, 'ask': 562.91}","{'bid': 561.1, 'ask': 561.23}",4146,561.97,562.78,561.1,562.15
2025-05-01 14:45:00,2025-05-01T15:45:00,2025-05-01T14:45:00,"{'bid': 562.15, 'ask': 562.27}","{'bid': 563.29, 'ask': 563.41}","{'bid': 563.33, 'ask': 563.47}","{'bid': 562.06, 'ask': 562.19}",3378,562.15,563.33,562.06,563.29
2025-05-01 15:00:00,2025-05-01T16:00:00,2025-05-01T15:00:00,"{'bid': 563.3, 'ask': 563.42}","{'bid': 563.41, 'ask': 563.53}","{'bid': 563.47, 'ask': 563.59}","{'bid': 562.62, 'ask': 562.74}",2748,563.3,563.47,562.62,563.41
2025-05-01 15:15:00,2025-05-01T16:15:00,2025-05-01T15:15:00,"{'bid': 563.42, 'ask': 563.54}","{'bid': 563.19, 'ask': 563.31}","{'bid': 563.99, 'ask': 564.14}","{'bid': 563.11, 'ask': 563.23}",3544,563.42,563.99,563.11,563.19
2025-05-01 15:30:00,2025-05-01T16:30:00,2025-05-01T15:30:00,"{'bid': 563.19, 'ask': 563.32}","{'bid': 561.98, 'ask': 562.11}","{'bid': 563.36, 'ask': 563.49}","{'bid': 561.98, 'ask': 562.11}",3350,563.19,563.36,561.98,561.98
2025-05-01 15:45:00,2025-05-01T16:45:00,2025-05-01T15:45:00,"{'bid': 561.99, 'ask': 562.11}","{'bid': 560.32, 'ask': 560.45}","{'bid': 562.16, 'ask': 562.3}","{'bid': 559.63, 'ask': 559.76}",3758,561.99,562.16,559.63,560.32
2025-05-01 16:00:00,2025-05-01T17:00:00,2025-05-01T16:00:00,"{'bid': 560.33, 'ask': 560.47}","{'bid': 560.25, 'ask': 560.38}","{'bid': 561.19, 'ask': 561.32}","{'bid': 559.83, 'ask': 559.96}",4071,560.33,561.19,559.83,560.25
2025-05-01 16:15:00,2025-05-01T17:15:00,2025-05-01T16:15:00,"{'bid': 560.25, 'ask': 560.37}","{'bid': 560.23, 'ask': 560.37}","{'bid': 560.56, 'ask': 560.69}","{'bid': 559.02, 'ask': 559.15}",4243,560.25,560.56,559.02,560.23
2025-05-01 16:30:00,2025-05-01T17:30:00,2025-05-01T16:30:00,"{'bid': 560.25, 'ask': 560.38}","{'bid': 560.26, 'ask': 560.39}","{'bid': 560.89, 'ask': 561.02}","{'bid': 559.71, 'ask': 559.85}",3694,560.25,560.89,559.71,560.26
2025-05-01 16:45:00,2025-05-01T17:45:00,2025-05-01T16:45:00,"{'bid': 560.26, 'ask': 560.41}","{'bid': 559.6, 'ask': 559.73}","{'bid': 560.28, 'ask': 560.42}","{'bid': 559.14, 'ask': 559.26}",3571,560.26,560.28,559.14,559.6
2025-05-01 17:00:00,2025-05-01T18:00:00,2025-05-01T17:00:00,"{'bid': 559.59, 'ask': 559.73}","{'bid': 561.33, 'ask': 561.45}","{'bid': 561.46, 'ask': 561.59}","{'bid': 559.56, 'ask': 559.69}",2820,559.59,561.46,559.56,561.33
2025-05-01 17:15:00,2025-05-01T18:15:00,2025-05-01T17:15:00,"{'bid': 561.33, 'ask': 561.46}","{'bid': 561.28, 'ask': 561.41}","{'bid': 561.88, 'ask': 562.01}","{'bid': 560.87, 'ask': 560.99}",2426,561.33,561.88,560.87,561.28
2025-05-01 17:30:00,2025-05-01T18:30:00,2025-05-01T17:30:00,"{'bid': 561.29, 'ask': 561.42}","{'bid': 560.1, 'ask': 560.23}","{'bid': 561.65, 'ask': 561.78}","{'bid': 559.95, 'ask': 560.07}",2957,561.29,561.65,559.95,560.1
2025-05-01 17:45:00,2025-05-01T18:45:00,2025-05-01T17:45:00,"{'bid': 560.09, 'ask': 560.22}","{'bid': 560.53, 'ask': 560.66}","{'bid': 560.91, 'ask': 561.03}","{'bid': 559.83, 'ask': 559.96}",2928,560.09,560.91,559.83,560.53
2025-05-01 18:00:00,2025-05-01T19:00:00,2025-05-01T18:00:00,"{'bid': 560.52, 'ask': 560.66}","{'bid': 561.85, 'ask': 561.98}","{'bid': 561.99, 'ask': 562.12}","{'bid': 560.4, 'ask': 560.52}",2421,560.52,561.99,560.4,561.85
2025-05-01 18:15:00,2025-05-01T19:15:00,2025-05-01T18:15:00,"{'bid': 561.84, 'ask': 561.96}","{'bid': 561.84, 'ask': 561.97}","{'bid': 562.29, 'ask': 562.41}","{'bid': 560.97, 'ask': 561.11}",2950,561.84,562.29,560.97,561.84
2025-05-01 18:30:00,2025-05-01T19:30:00,2025-05-01T18:30:00,"{'bid': 561.84, 'ask': 561.96}","{'bid': 562.13, 'ask': 562.26}","{'bid': 562.25, 'ask': 562.37}","{'bid': 561.69, 'ask': 561.82}",2256,561.84,562.25,561.69,562.13
2025-05-01 18:45:00,2025-05-01T19:45:00,2025-05-01T18:45:00,"{'bid': 562.12, 'ask': 562.26}","{'bid': 561.66, 'ask': 561.78}","{'bid': 562.62, 'ask': 562.74}","{'bid': 561.58, 'ask': 561.7}",2282,562.12,562.62,561.58,561.66
2025-05-01 19:00:00,2025-05-01T20:00:00,2025-05-01T19:00:00,"{'bid': 561.66, 'ask': 561.79}","{'bid': 561.57, 'ask': 561.69}","{'bid': 561.94, 'ask': 562.06}","{'bid': 560.79, 'ask': 560.91}",2632,561.66,561.94,560.79,561.57
2025-05-01 19:15:00,2025-05-01T20:15:00,2025-05-01T19:15:00,"{'bid': 561.57, 'ask': 561.7}","{'bid': 561.97, 'ask': 562.09}","{'bid': 562.04, 'ask': 562.17}","{'bid': 561.26, 'ask': 561.4}",2600,561.57,562.04,561.26,561.97
2025-05-01 19:30:00,2025-05-01T20:30:00,2025-05-01T19:30:00,"{'bid': 561.96, 'ask': 562.09}","{'bid': 561.33, 'ask': 561.45}","{'bid': 562.12, 'ask': 562.25}","{'bid': 561.05, 'ask': 561.17}",2955,561.96,562.12,561.05,561.33
2025-05-01 19:45:00,2025-05-01T20:45:00,2025-05-01T19:45:00,"{'bid': 561.35, 'ask': 561.47}","{'bid': 558.34, 'ask': 558.46}","{'bid': 562.35, 'ask': 562.52}","{'bid': 557.81, 'ask': 557.93}",6270,561.35,562.35,557.81,558.34
2025-05-01 20:00:00,2025-05-01T21:00:00,2025-05-01T20:00:00,"{'bid': 558.36, 'ask': 558.49}","{'bid': 556.82, 'ask': 557.01}","{'bid': 559.38, 'ask': 560.15}","{'bid': 555.85, 'ask': 556.05}",3607,558.36,559.38,555.85,556.82
2025-05-01 20:15:00,2025-05-01T21:15:00,2025-05-01T20:15:00,"{'bid': 556.82, 'ask': 556.98}","{'bid': 557.77, 'ask': 557.96}","{'bid': 558.32, 'ask': 558.65}","{'bid': 556.78, 'ask': 556.9}",2035,556.82,558.32,556.78,557.77
2025-05-01 20:30:00,2025-05-01T21:30:00,2025-05-01T20:30:00,"{'bid': 557.62, 'ask': 557.96}","{'bid': 556.7, 'ask': 556.85}","{'bid': 558.61, 'ask': 558.95}","{'bid': 556.5, 'ask': 556.83}",2240,557.62,558.61,556.5,556.7
2025-05-01 20:45:00,2025-05-01T21:45:00,2025-05-01T20:45:00,"{'bid': 556.7, 'ask': 556.87}","{'bid': 556.9, 'ask': 557.44}","{'bid': 557.35, 'ask': 558.05}","{'bid': 556.35, 'ask': 556.65}",1395,556.7,557.35,556.35,556.9
2025-05-01 21:00:00,2025-05-01T22:00:00,2025-05-01T21:00:00,"{'bid': 556.71, 'ask': 557.25}","{'bid': 557.03, 'ask': 557.46}","{'bid': 557.3, 'ask': 559.25}","{'bid': 556.46, 'ask': 556.81}",224,556.71,557.3,556.46,557.03
2025-05-01 21:15:00,2025-05-01T22:15:00,2025-05-01T21:15:00,"{'bid': 557.03, 'ask': 557.41}","{'bid': 557.34, 'ask': 557.95}","{'bid': 557.85, 'ask': 560.05}","{'bid': 557.03, 'ask': 557.4}",195,557.03,557.85,557.03,557.34
2025-05-01 21:30:00,2025-05-01T22:30:00,2025-05-01T21:30:00,"{'bid': 557.66, 'ask': 557.95}","{'bid': 557.01, 'ask': 557.36}","{'bid': 557.88, 'ask': 560.05}","{'bid': 556.98, 'ask': 557.34}",96,557.66,557.88,556.98,557.01
2025-05-01 21:45:00,2025-05-01T22:45:00,2025-05-01T21:45:00,"{'bid': 557.01, 'ask': 557.34}","{'bid': 556.65, 'ask': 557.04}","{'bid': 557.1, 'ask': 560.05}","{'bid': 555.46, 'ask': 556.31}",156,557.01,557.1,555.46,556.65
2025-05-01 22:00:00,2025-05-01T23:00:00,2025-05-01T22:00:00,"{'bid': 556.65, 'ask': 557.03}","{'bid': 556.78, 'ask': 556.99}","{'bid': 557.11, 'ask': 557.55}","{'bid': 555.86, 'ask': 556.15}",912,556.65,557.11,555.86,556.78
2025-05-01 22:15:00,2025-05-01T23:15:00,2025-05-01T22:15:00,"{'bid': 556.78, 'ask': 556.98}","{'bid': 556.87, 'ask': 557.43}","{'bid': 557.12, 'ask': 557.57}","{'bid': 556.37, 'ask': 556.94}",420,556.78,557.12,556.37,556.87
2025-05-01 22:30:00,2025-05-01T23:30:00,2025-05-01T22:30:00,"{'bid': 556.87, 'ask': 557.13}","{'bid': 556.95, 'ask': 557.15}","{'bid': 557.12, 'ask': 557.64}","{'bid': 556.57, 'ask': 556.8}",408,556.87,557.12,556.57,556.95
2025-05-01 22:45:00,2025-05-01T23:45:00,2025-05-01T22:45:00,"{'bid': 556.95, 'ask': 557.14}","{'bid': 556.84, 'ask': 557.04}","{'bid': 556.98, 'ask': 557.33}","{'bid': 556.65, 'ask': 556.88}",240,556.95,556.98,556.65,556.84
2025-05-01 23:00:00,2025-05-02T00:00:00,2025-05-01T23:00:00,"{'bid': 556.84, 'ask': 557.05}","{'bid': 556.95, 'ask': 557.18}","{'bid': 557.11, 'ask': 558.05}","{'bid': 556.66, 'ask': 556.93}",382,556.84,557.11,556.66,556.95
2025-05-01 23:15:00,2025-05-02T00:15:00,2025-05-01T23:15:00,"{'bid': 556.95, 'ask': 557.16}","{'bid': 557.55, 'ask': 557.74}","{'bid': 557.7, 'ask': 558.11}","{'bid': 556.79, 'ask': 557.16}",458,556.95,557.7,556.79,557.55
2025-05-01 23:30:00,2025-05-02T00:30:00,2025-05-01T23:30:00,"{'bid': 557.55, 'ask': 557.75}","{'bid': 557.18, 'ask': 557.38}","{'bid': 557.55, 'ask': 557.75}","{'bid': 557.05, 'ask': 557.28}",440,557.55,557.55,557.05,557.18
2025-05-01 23:45:00,2025-05-02T00:45:00,2025-05-01T23:45:00,"{'bid': 557.16, 'ask': 557.38}","{'bid': 556.99, 'ask': 557.23}","{'bid': 557.32, 'ask': 557.52}","{'bid': 556.65, 'ask': 556.88}",633,557.16,557.32,556.65,556.99
2025-05-02 08:00:00,2025-05-02T09:00:00,2025-05-02T08:00:00,"{'bid': 560.84, 'ask': 561.09}","{'bid': 561.01, 'ask': 561.34}","{'bid': 561.1, 'ask': 561.95}","{'bid': 560.26, 'ask': 560.49}",1412,560.84,561.1,560.26,561.01
2025-05-02 08:15:00,2025-05-02T09:15:00,2025-05-02T08:15:00,"{'bid': 561.01, 'ask': 561.32}","{'bid': 561.23, 'ask': 561.44}","{'bid': 561.35, 'ask': 561.86}","{'bid': 560.79, 'ask': 561.0}",787,561.01,561.35,560.79,561.23
2025-05-02 08:30:00,2025-05-02T09:30:00,2025-05-02T08:30:00,"{'bid': 561.23, 'ask': 561.43}","{'bid': 561.03, 'ask': 561.24}","{'bid': 561.67, 'ask': 562.25}","{'bid': 560.88, 'ask': 561.14}",833,561.23,561.67,560.88,561.03
2025-05-02 08:45:00,2025-05-02T09:45:00,2025-05-02T08:45:00,"{'bid': 561.04, 'ask': 561.24}","{'bid': 559.57, 'ask': 559.79}","{'bid': 561.21, 'ask': 561.95}","{'bid': 559.36, 'ask': 559.76}",1129,561.04,561.21,559.36,559.57
2025-05-02 09:00:00,2025-05-02T10:00:00,2025-05-02T09:00:00,"{'bid': 559.58, 'ask': 559.79}","{'bid': 560.33, 'ask': 560.53}","{'bid': 560.35, 'ask': 560.89}","{'bid': 559.03, 'ask': 559.57}",1095,559.58,560.35,559.03,560.33
2025-05-02 09:15:00,2025-05-02T10:15:00,2025-05-02T09:15:00,"{'bid': 560.32, 'ask': 560.53}","{'bid': 560.22, 'ask': 560.43}","{'bid': 560.57, 'ask': 561.22}","{'bid': 560.01, 'ask': 560.22}",672,560.32,560.57,560.01,560.22
2025-05-02 09:30:00,2025-05-02T10:30:00,2025-05-02T09:30:00,"{'bid': 560.23, 'ask': 560.43}","{'bid': 560.73, 'ask': 560.93}","{'bid': 560.82, 'ask': 561.38}","{'bid': 560.02, 'ask': 560.26}",818,560.23,560.82,560.02,560.73
2025-05-02 09:45:00,2025-05-02T10:45:00,2025-05-02T09:45:00,"{'bid': 560.73, 'ask': 560.92}","{'bid': 560.67, 'ask': 560.87}","{'bid': 561.13, 'ask': 561.76}","{'bid': 560.3, 'ask': 560.75}",725,560.73,561.13,560.3,560.67
2025-05-02 10:00:00,2025-05-02T11:00:00,2025-05-02T10:00:00,"{'bid': 560.68, 'ask': 560.89}","{'bid': 560.95, 'ask': 561.15}","{'bid': 561.06, 'ask': 561.6}","{'bid': 560.39, 'ask': 560.66}",776,560.68,561.06,560.39,560.95
2025-05-02 10:15:00,2025-05-02T11:15:00,2025-05-02T10:15:00,"{'bid': 560.93, 'ask': 561.14}","{'bid': 561.14, 'ask': 561.36}","{'bid': 561.22, 'ask': 561.83}","{'bid': 560.73, 'ask': 560.96}",665,560.93,561.22,560.73,561.14
2025-05-02 10:30:00,2025-05-02T11:30:00,2025-05-02T10:30:00,"{'bid': 561.1, 'ask': 561.35}","{'bid': 560.71, 'ask': 560.92}","{'bid': 561.31, 'ask': 561.95}","{'bid': 560.4, 'ask': 560.8}",768,561.1,561.31,560.4,560.71
2025-05-02 10:45:00,2025-05-02T11:45:00,2025-05-02T10:45:00,"{'bid': 560.72, 'ask': 560.92}","{'bid': 560.88, 'ask': 561.09}","{'bid': 560.98, 'ask': 561.65}","{'bid': 560.42, 'ask': 560.82}",814,560.72,560.98,560.42,560.88
2025-05-02 11:00:00,2025-05-02T12:00:00,2025-05-02T11:00:00,"{'bid': 560.87, 'ask': 561.09}","{'bid': 560.86, 'ask': 561.07}","{'bid': 561.1, 'ask': 561.65}","{'bid': 560.63, 'ask': 560.86}",833,560.87,561.1,560.63,560.86
2025-05-02 11:15:00,2025-05-02T12:15:00,2025-05-02T11:15:00,"{'bid': 560.86, 'ask': 561.06}","{'bid': 560.66, 'ask': 560.86}","{'bid': 561.35, 'ask': 561.95}","{'bid': 560.39, 'ask': 560.75}",648,560.86,561.35,560.39,560.66
2025-05-02 11:30:00,2025-05-02T12:30:00,2025-05-02T11:30:00,"{'bid': 560.67, 'ask': 560.86}","{'bid': 560.48, 'ask': 560.68}","{'bid': 560.78, 'ask': 561.27}","{'bid': 559.73, 'ask': 560.21}",816,560.67,560.78,559.73,560.48
2025-05-02 11:45:00,2025-05-02T12:45:00,2025-05-02T11:45:00,"{'bid': 560.49, 'ask': 560.68}","{'bid': 560.35, 'ask': 560.55}","{'bid': 560.63, 'ask': 561.15}","{'bid': 559.81, 'ask': 560.26}",857,560.49,560.63,559.81,560.35
2025-05-02 12:00:00,2025-05-02T13:00:00,2025-05-02T12:00:00,"{'bid': 560.35, 'ask': 560.56}","{'bid': 560.51, 'ask': 560.68}","{'bid': 560.86, 'ask': 561.34}","{'bid': 559.87, 'ask': 560.36}",955,560.35,560.86,559.87,560.51
2025-05-02 12:15:00,2025-05-02T13:15:00,2025-05-02T12:15:00,"{'bid': 560.47, 'ask': 560.66}","{'bid': 560.87, 'ask': 561.17}","{'bid': 560.99, 'ask': 561.45}","{'bid': 560.44, 'ask': 560.63}",1237,560.47,560.99,560.44,560.87
2025-05-02 12:30:00,2025-05-02T13:30:00,2025-05-02T12:30:00,"{'bid': 560.85, 'ask': 561.2}","{'bid': 563.25, 'ask': 563.44}","{'bid': 564.03, 'ask': 565.05}","{'bid': 560.4, 'ask': 561.2}",4195,560.85,564.03,560.4,563.25
2025-05-02 12:45:00,2025-05-02T13:45:00,2025-05-02T12:45:00,"{'bid': 563.26, 'ask': 563.44}","{'bid': 565.01, 'ask': 565.18}","{'bid': 565.23, 'ask': 565.56}","{'bid': 563.05, 'ask': 563.31}",2820,563.26,565.23,563.05,565.01
2025-05-02 13:00:00,2025-05-02T14:00:00,2025-05-02T13:00:00,"{'bid': 565.02, 'ask': 565.2}","{'bid': 565.52, 'ask': 565.68}","{'bid': 565.85, 'ask': 566.03}","{'bid': 564.78, 'ask': 564.95}",2683,565.02,565.85,564.78,565.52
2025-05-02 13:15:00,2025-05-02T14:15:00,2025-05-02T13:15:00,"{'bid': 565.5, 'ask': 565.68}","{'bid': 564.59, 'ask': 564.77}","{'bid': 565.59, 'ask': 566.02}","{'bid': 564.44, 'ask': 564.6}",1981,565.5,565.59,564.44,564.59
2025-05-02 13:30:00,2025-05-02T14:30:00,2025-05-02T13:30:00,"{'bid': 564.63, 'ask': 564.8}","{'bid': 564.66, 'ask': 564.78}","{'bid': 565.42, 'ask': 565.54}","{'bid': 563.77, 'ask': 563.9}",7107,564.63,565.42,563.77,564.66
2025-05-02 13:45:00,2025-05-02T14:45:00,2025-05-02T13:45:00,"{'bid': 564.66, 'ask': 564.79}","{'bid': 563.52, 'ask': 563.71}","{'bid': 564.91, 'ask': 565.04}","{'bid': 562.31, 'ask': 562.43}",5800,564.66,564.91,562.31,563.52
2025-05-02 14:00:00,2025-05-02T15:00:00,2025-05-02T14:00:00,"{'bid': 563.54, 'ask': 563.7}","{'bid': 565.16, 'ask': 565.29}","{'bid': 565.18, 'ask': 565.32}","{'bid': 563.22, 'ask': 563.35}",4651,563.54,565.18,563.22,565.16
2025-05-02 14:15:00,2025-05-02T15:15:00,2025-05-02T14:15:00,"{'bid': 565.16, 'ask': 565.28}","{'bid': 566.23, 'ask': 566.37}","{'bid': 566.26, 'ask': 566.38}","{'bid': 564.57, 'ask': 564.69}",4071,565.16,566.26,564.57,566.23
2025-05-02 14:30:00,2025-05-02T15:30:00,2025-05-02T14:30:00,"{'bid': 566.25, 'ask': 566.38}","{'bid': 565.03, 'ask': 565.16}","{'bid': 566.25, 'ask': 566.38}","{'bid': 564.87, 'ask': 565.0}",4284,566.25,566.25,564.87,565.03
2025-05-02 14:45:00,2025-05-02T15:45:00,2025-05-02T14:45:00,"{'bid': 565.04, 'ask': 565.18}","{'bid': 565.73, 'ask': 565.85}","{'bid': 565.78, 'ask': 565.91}","{'bid': 564.69, 'ask': 564.82}",3779,565.04,565.78,564.69,565.73
2025-05-02 15:00:00,2025-05-02T16:00:00,2025-05-02T15:00:00,"{'bid': 565.74, 'ask': 565.87}","{'bid': 565.55, 'ask': 565.68}","{'bid': 566.0, 'ask': 566.16}","{'bid': 565.21, 'ask': 565.35}",3127,565.74,566.0,565.21,565.55
2025-05-02 15:15:00,2025-05-02T16:15:00,2025-05-02T15:15:00,"{'bid': 565.55, 'ask': 565.69}","{'bid': 564.59, 'ask': 564.73}","{'bid': 566.02, 'ask': 566.15}","{'bid': 564.46, 'ask': 564.58}",2994,565.55,566.02,564.46,564.59
2025-05-02 15:30:00,2025-05-02T16:30:00,2025-05-02T15:30:00,"{'bid': 564.59, 'ask': 564.72}","{'bid': 565.77, 'ask': 565.91}","{'bid': 565.87, 'ask': 565.99}","{'bid': 564.4, 'ask': 564.52}",2703,564.59,565.87,564.4,565.77
2025-05-02 15:45:00,2025-05-02T16:45:00,2025-05-02T15:45:00,"{'bid': 565.78, 'ask': 565.91}","{'bid': 566.16, 'ask': 566.28}","{'bid': 566.33, 'ask': 566.46}","{'bid': 565.51, 'ask': 565.64}",2051,565.78,566.33,565.51,566.16
2025-05-02 16:00:00,2025-05-02T17:00:00,2025-05-02T16:00:00,"{'bid': 566.18, 'ask': 566.32}","{'bid': 567.82, 'ask': 567.96}","{'bid': 567.87, 'ask': 568.0}","{'bid': 566.09, 'ask': 566.22}",4690,566.18,567.87,566.09,567.82
2025-05-02 16:15:00,2025-05-02T17:15:00,2025-05-02T16:15:00,"{'bid': 567.82, 'ask': 567.95}","{'bid': 567.14, 'ask': 567.27}","{'bid': 567.84, 'ask': 567.96}","{'bid': 567.06, 'ask': 567.18}",3035,567.82,567.84,567.06,567.14
2025-05-02 16:30:00,2025-05-02T17:30:00,2025-05-02T16:30:00,"{'bid': 567.13, 'ask': 567.27}","{'bid': 567.8, 'ask': 567.94}","{'bid': 568.01, 'ask': 568.13}","{'bid': 567.09, 'ask': 567.22}",2726,567.13,568.01,567.09,567.8
2025-05-02 16:45:00,2025-05-02T17:45:00,2025-05-02T16:45:00,"{'bid': 567.77, 'ask': 567.9}","{'bid': 567.43, 'ask': 567.55}","{'bid': 567.83, 'ask': 567.96}","{'bid': 567.18, 'ask': 567.32}",2443,567.77,567.83,567.18,567.43
2025-05-02 17:00:00,2025-05-02T18:00:00,2025-05-02T17:00:00,"{'bid': 567.44, 'ask': 567.57}","{'bid': 566.82, 'ask': 566.95}","{'bid': 567.71, 'ask': 567.83}","{'bid': 566.51, 'ask': 566.65}",2652,567.44,567.71,566.51,566.82
2025-05-02 17:15:00,2025-05-02T18:15:00,2025-05-02T17:15:00,"{'bid': 566.83, 'ask': 566.96}","{'bid': 566.71, 'ask': 566.83}","{'bid': 567.22, 'ask': 567.35}","{'bid': 566.29, 'ask': 566.42}",2380,566.83,567.22,566.29,566.71
2025-05-02 17:30:00,2025-05-02T18:30:00,2025-05-02T17:30:00,"{'bid': 566.71, 'ask': 566.84}","{'bid': 567.07, 'ask': 567.2}","{'bid': 567.19, 'ask': 567.31}","{'bid': 566.43, 'ask': 566.55}",2317,566.71,567.19,566.43,567.07
2025-05-02 17:45:00,2025-05-02T18:45:00,2025-05-02T17:45:00,"{'bid': 567.09, 'ask': 567.22}","{'bid': 567.19, 'ask': 567.31}","{'bid': 567.54, 'ask': 567.66}","{'bid': 566.74, 'ask': 566.86}",2182,567.09,567.54,566.74,567.19
2025-05-02 18:00:00,2025-05-02T19:00:00,2025-05-02T18:00:00,"{'bid': 567.19, 'ask': 567.32}","{'bid': 567.78, 'ask': 567.9}","{'bid': 567.89, 'ask': 568.02}","{'bid': 567.09, 'ask': 567.21}",1681,567.19,567.89,567.09,567.78
2025-05-02 18:15:00,2025-05-02T19:15:00,2025-05-02T18:15:00,"{'bid': 567.77, 'ask': 567.89}","{'bid': 567.6, 'ask': 567.73}","{'bid': 567.87, 'ask': 567.99}","{'bid': 567.41, 'ask': 567.54}",1698,567.77,567.87,567.41,567.6
2025-05-02 18:30:00,2025-05-02T19:30:00,2025-05-02T18:30:00,"{'bid': 567.6, 'ask': 567.74}","{'bid': 567.94, 'ask': 568.07}","{'bid': 568.31, 'ask': 568.44}","{'bid': 567.58, 'ask': 567.71}",1942,567.6,568.31,567.58,567.94
2025-05-02 18:45:00,2025-05-02T19:45:00,2025-05-02T18:45:00,"{'bid': 567.96, 'ask': 568.09}","{'bid': 567.04, 'ask': 567.17}","{'bid': 568.05, 'ask': 568.17}","{'bid': 566.4, 'ask': 566.53}",3060,567.96,568.05,566.4,567.04
2025-05-02 19:00:00,2025-05-02T20:00:00,2025-05-02T19:00:00,"{'bid': 567.03, 'ask': 567.16}","{'bid': 566.61, 'ask': 566.73}","{'bid': 567.08, 'ask': 567.2}","{'bid': 566.1, 'ask': 566.23}",3026,567.03,567.08,566.1,566.61
2025-05-02 19:15:00,2025-05-02T20:15:00,2025-05-02T19:15:00,"{'bid': 566.59, 'ask': 566.72}","{'bid': 567.59, 'ask': 567.71}","{'bid': 567.87, 'ask': 567.99}","{'bid': 566.56, 'ask': 566.68}",2872,566.59,567.87,566.56,567.59
2025-05-02 19:30:00,2025-05-02T20:30:00,2025-05-02T19:30:00,"{'bid': 567.57, 'ask': 567.7}","{'bid': 567.34, 'ask': 567.46}","{'bid': 567.75, 'ask': 567.89}","{'bid': 567.03, 'ask': 567.16}",3454,567.57,567.75,567.03,567.34
2025-05-02 19:45:00,2025-05-02T20:45:00,2025-05-02T19:45:00,"{'bid': 567.34, 'ask': 567.47}","{'bid': 566.56, 'ask': 566.68}","{'bid': 567.53, 'ask': 567.67}","{'bid': 565.97, 'ask': 566.1}",5532,567.34,567.53,565.97,566.56
2025-05-02 20:00:00,2025-05-02T21:00:00,2025-05-02T20:00:00,"{'bid': 566.57, 'ask': 566.7}","{'bid': 567.07, 'ask': 567.22}","{'bid': 567.39, 'ask': 567.54}","{'bid': 566.45, 'ask': 566.61}",1795,566.57,567.39,566.45,567.07
2025-05-02 20:15:00,2025-05-02T21:15:00,2025-05-02T20:15:00,"{'bid': 567.06, 'ask': 567.2}","{'bid': 566.93, 'ask': 567.06}","{'bid': 567.06, 'ask': 567.2}","{'bid': 566.76, 'ask': 566.9}",320,567.06,567.06,566.76,566.93
2025-05-02 20:30:00,2025-05-02T21:30:00,2025-05-02T20:30:00,"{'bid': 566.94, 'ask': 567.06}","{'bid': 566.76, 'ask': 566.9}","{'bid': 566.94, 'ask': 567.24}","{'bid': 566.63, 'ask': 566.75}",263,566.94,566.94,566.63,566.76
2025-05-02 20:45:00,2025-05-02T21:45:00,2025-05-02T20:45:00,"{'bid': 566.75, 'ask': 566.9}","{'bid': 566.99, 'ask': 567.47}","{'bid': 567.01, 'ask': 567.47}","{'bid': 566.5, 'ask': 566.66}",421,566.75,567.01,566.5,566.99
2025-05-05 08:00:00,2025-05-05T09:00:00,2025-05-05T08:00:00,"{'bid': 563.1, 'ask': 563.31}","{'bid': 563.25, 'ask': 563.45}","{'bid': 563.55, 'ask': 564.03}","{'bid': 562.75, 'ask': 563.26}",742,563.1,563.55,562.75,563.25
2025-05-05 08:15:00,2025-05-05T09:15:00,2025-05-05T08:15:00,"{'bid': 563.24, 'ask': 563.46}","{'bid': 563.14, 'ask': 563.35}","{'bid': 563.56, 'ask': 564.05}","{'bid': 563.05, 'ask': 563.29}",654,563.24,563.56,563.05,563.14
2025-05-05 08:30:00,2025-05-05T09:30:00,2025-05-05T08:30:00,"{'bid': 563.14, 'ask': 563.34}","{'bid': 562.54, 'ask': 562.77}","{'bid': 563.14, 'ask': 563.45}","{'bid': 562.3, 'ask': 562.55}",856,563.14,563.14,562.3,562.54
2025-05-05 08:45:00,2025-05-05T09:45:00,2025-05-05T08:45:00,"{'bid': 562.55, 'ask': 562.77}","{'bid': 561.98, 'ask': 562.18}","{'bid': 562.57, 'ask': 563.0}","{'bid': 561.4, 'ask': 561.77}",922,562.55,562.57,561.4,561.98
2025-05-05 09:00:00,2025-05-05T10:00:00,2025-05-05T09:00:00,"{'bid': 561.98, 'ask': 562.17}","{'bid': 561.81, 'ask': 562.04}","{'bid': 562.25, 'ask': 562.55}","{'bid': 561.61, 'ask': 561.83}",783,561.98,562.25,561.61,561.81
2025-05-05 09:15:00,2025-05-05T10:15:00,2025-05-05T09:15:00,"{'bid': 561.8, 'ask': 562.04}","{'bid': 562.57, 'ask': 562.76}","{'bid': 562.65, 'ask': 563.15}","{'bid': 561.63, 'ask': 561.89}",587,561.8,562.65,561.63,562.57
2025-05-05 09:30:00,2025-05-05T10:30:00,2025-05-05T09:30:00,"{'bid': 562.59, 'ask': 562.78}","{'bid': 562.5, 'ask': 562.69}","{'bid': 562.85, 'ask': 563.15}","{'bid': 561.91, 'ask': 562.5}",632,562.59,562.85,561.91,562.5
2025-05-05 09:45:00,2025-05-05T10:45:00,2025-05-05T09:45:00,"{'bid': 562.5, 'ask': 562.7}","{'bid': 562.47, 'ask': 562.68}","{'bid': 562.88, 'ask': 563.38}","{'bid': 562.16, 'ask': 562.61}",540,562.5,562.88,562.16,562.47
2025-05-05 10:00:00,2025-05-05T11:00:00,2025-05-05T10:00:00,"{'bid': 562.47, 'ask': 562.67}","{'bid': 562.64, 'ask': 562.85}","{'bid': 562.76, 'ask': 563.14}","{'bid': 561.86, 'ask': 562.43}",712,562.47,562.76,561.86,562.64
2025-05-05 10:15:00,2025-05-05T11:15:00,2025-05-05T10:15:00,"{'bid': 562.64, 'ask': 562.84}","{'bid': 562.35, 'ask': 562.56}","{'bid': 562.71, 'ask': 563.14}","{'bid': 562.16, 'ask': 562.46}",479,562.64,562.71,562.16,562.35
2025-05-05 10:30:00,2025-05-05T11:30:00,2025-05-05T10:30:00,"{'bid': 562.33, 'ask': 562.54}","{'bid': 562.12, 'ask': 562.33}","{'bid': 562.47, 'ask': 562.85}","{'bid': 561.85, 'ask': 562.24}",590,562.33,562.47,561.85,562.12
2025-05-05 10:45:00,2025-05-05T11:45:00,2025-05-05T10:45:00,"{'bid': 562.09, 'ask': 562.31}","{'bid': 562.64, 'ask': 562.84}","{'bid': 562.75, 'ask': 563.15}","{'bid': 561.99, 'ask': 562.25}",563,562.09,562.75,561.99,562.64
2025-05-05 11:00:00,2025-05-05T12:00:00,2025-05-05T11:00:00,"{'bid': 562.67, 'ask': 563.14}","{'bid': 562.73, 'ask': 562.9}","{'bid': 562.82, 'ask': 563.15}","{'bid': 562.43, 'ask': 562.68}",504,562.67,562.82,562.43,562.73
2025-05-05 11:15:00,2025-05-05T12:15:00,2025-05-05T11:15:00,"{'bid': 562.74, 'ask': 562.9}","{'bid': 562.43, 'ask': 562.63}","{'bid': 562.75, 'ask': 563.15}","{'bid': 562.38, 'ask': 562.55}",334,562.74,562.75,562.38,562.43
2025-05-05 11:30:00,2025-05-05T12:30:00,2025-05-05T11:30:00,"{'bid': 562.43, 'ask': 562.62}","{'bid': 561.94, 'ask': 562.17}","{'bid': 562.71, 'ask': 562.91}","{'bid': 561.25, 'ask': 561.92}",679,562.43,562.71,561.25,561.94
2025-05-05 11:45:00,2025-05-05T12:45:00,2025-05-05T11:45:00,"{'bid': 561.99, 'ask': 562.21}","{'bid': 562.08, 'ask': 562.27}","{'bid': 562.28, 'ask': 562.55}","{'bid': 561.85, 'ask': 562.06}",467,561.99,562.28,561.85,562.08
2025-05-05 12:00:00,2025-05-05T13:00:00,2025-05-05T12:00:00,"{'bid': 562.08, 'ask': 562.28}","{'bid': 562.56, 'ask': 562.74}","{'bid': 562.75, 'ask': 563.15}","{'bid': 561.85, 'ask': 562.05}",738,562.08,562.75,561.85,562.56
2025-05-05 12:15:00,2025-05-05T13:15:00,2025-05-05T12:15:00,"{'bid': 562.56, 'ask': 562.75}","{'bid': 562.44, 'ask': 562.63}","{'bid': 562.76, 'ask': 562.94}","{'bid': 562.15, 'ask': 562.52}",637,562.56,562.76,562.15,562.44
2025-05-05 12:30:00,2025-05-05T13:30:00,2025-05-05T12:30:00,"{'bid': 562.45, 'ask': 562.63}","{'bid': 562.12, 'ask': 562.29}","{'bid': 562.55, 'ask': 562.91}","{'bid': 562.09, 'ask': 562.24}",905,562.45,562.55,562.09,562.12
2025-05-05 12:45:00,2025-05-05T13:45:00,2025-05-05T12:45:00,"{'bid': 562.17, 'ask': 562.29}","{'bid': 562.53, 'ask': 562.69}","{'bid': 562.64, 'ask': 562.8}","{'bid': 561.96, 'ask': 562.13}",710,562.17,562.64,561.96,562.53
2025-05-05 13:00:00,2025-05-05T14:00:00,2025-05-05T13:00:00,"{'bid': 562.54, 'ask': 562.7}","{'bid': 562.47, 'ask': 562.63}","{'bid': 563.01, 'ask': 563.45}","{'bid': 562.31, 'ask': 562.47}",1062,562.54,563.01,562.31,562.47
2025-05-05 13:15:00,2025-05-05T14:15:00,2025-05-05T13:15:00,"{'bid': 562.46, 'ask': 562.62}","{'bid': 562.51, 'ask': 562.68}","{'bid': 562.76, 'ask': 562.92}","{'bid': 562.3, 'ask': 562.45}",1069,562.46,562.76,562.3,562.51
2025-05-05 13:30:00,2025-05-05T14:30:00,2025-05-05T13:30:00,"{'bid': 562.49, 'ask': 562.67}","{'bid': 562.46, 'ask': 562.62}","{'bid': 563.13, 'ask': 563.26}","{'bid': 561.76, 'ask': 561.89}",4977,562.49,563.13,561.76,562.46
2025-05-05 13:45:00,2025-05-05T14:45:00,2025-05-05T13:45:00,"{'bid': 562.46, 'ask': 562.61}","{'bid': 562.92, 'ask': 563.12}","{'bid': 563.22, 'ask': 563.36}","{'bid': 561.63, 'ask': 561.76}",4000,562.46,563.22,561.63,562.92
2025-05-05 14:00:00,2025-05-05T15:00:00,2025-05-05T14:00:00,"{'bid': 562.99, 'ask': 563.22}","{'bid': 563.11, 'ask': 563.25}","{'bid': 564.22, 'ask': 564.34}","{'bid': 562.36, 'ask': 562.49}",5012,562.99,564.22,562.36,563.11
2025-05-05 14:15:00,2025-05-05T15:15:00,2025-05-05T14:15:00,"{'bid': 563.12, 'ask': 563.26}","{'bid': 563.66, 'ask': 563.79}","{'bid': 564.06, 'ask': 564.18}","{'bid': 562.99, 'ask': 563.11}",4154,563.12,564.06,562.99,563.66
2025-05-05 14:30:00,2025-05-05T15:30:00,2025-05-05T14:30:00,"{'bid': 563.64, 'ask': 563.76}","{'bid': 564.43, 'ask': 564.55}","{'bid': 564.68, 'ask': 564.8}","{'bid': 562.84, 'ask': 562.98}",4134,563.64,564.68,562.84,564.43
2025-05-05 14:45:00,2025-05-05T15:45:00,2025-05-05T14:45:00,"{'bid': 564.4, 'ask': 564.53}","{'bid': 564.95, 'ask': 565.07}","{'bid': 565.12, 'ask': 565.24}","{'bid': 564.25, 'ask': 564.38}",3245,564.4,565.12,564.25,564.95
2025-05-05 15:00:00,2025-05-05T16:00:00,2025-05-05T15:00:00,"{'bid': 564.94, 'ask': 565.07}","{'bid': 564.6, 'ask': 564.73}","{'bid': 565.18, 'ask': 565.3}","{'bid': 564.44, 'ask': 564.57}",3176,564.94,565.18,564.44,564.6
2025-05-05 15:15:00,2025-05-05T16:15:00,2025-05-05T15:15:00,"{'bid': 564.61, 'ask': 564.73}","{'bid': 564.73, 'ask': 564.86}","{'bid': 565.24, 'ask': 565.37}","{'bid': 564.39, 'ask': 564.52}",2787,564.61,565.24,564.39,564.73
2025-05-05 15:30:00,2025-05-05T16:30:00,2025-05-05T15:30:00,"{'bid': 564.73, 'ask': 564.87}","{'bid': 564.44, 'ask': 564.56}","{'bid': 564.98, 'ask': 565.1}","{'bid': 563.79, 'ask': 563.91}",2816,564.73,564.98,563.79,564.44
2025-05-05 15:45:00,2025-05-05T16:45:00,2025-05-05T15:45:00,"{'bid': 564.42, 'ask': 564.55}","{'bid': 564.95, 'ask': 565.08}","{'bid': 565.07, 'ask': 565.21}","{'bid': 564.27, 'ask': 564.39}",2331,564.42,565.07,564.27,564.95
2025-05-05 16:00:00,2025-05-05T17:00:00,2025-05-05T16:00:00,"{'bid': 564.95, 'ask': 565.07}","{'bid': 565.27, 'ask': 565.39}","{'bid': 565.71, 'ask': 565.83}","{'bid': 564.75, 'ask': 564.88}",2374,564.95,565.71,564.75,565.27
2025-05-05 16:15:00,2025-05-05T17:15:00,2025-05-05T16:15:00,"{'bid': 565.26, 'ask': 565.38}","{'bid': 565.64, 'ask': 565.76}","{'bid': 565.83, 'ask': 565.95}","{'bid': 565.21, 'ask': 565.33}",1927,565.26,565.83,565.21,565.64
2025-05-05 16:30:00,2025-05-05T17:30:00,2025-05-05T16:30:00,"{'bid': 565.62, 'ask': 565.75}","{'bid': 565.65, 'ask': 565.78}","{'bid': 565.82, 'ask': 565.95}","{'bid': 565.12, 'ask': 565.24}",1961,565.62,565.82,565.12,565.65
2025-05-05 16:45:00,2025-05-05T17:45:00,2025-05-05T16:45:00,"{'bid': 565.65, 'ask': 565.77}","{'bid': 565.55, 'ask': 565.68}","{'bid': 565.88, 'ask': 566.01}","{'bid': 565.45, 'ask': 565.59}",1590,565.65,565.88,565.45,565.55
2025-05-05 17:00:00,2025-05-05T18:00:00,2025-05-05T17:00:00,"{'bid': 565.55, 'ask': 565.67}","{'bid': 565.14, 'ask': 565.27}","{'bid': 565.59, 'ask': 565.72}","{'bid': 565.13, 'ask': 565.26}",2079,565.55,565.59,565.13,565.14
2025-05-05 17:15:00,2025-05-05T18:15:00,2025-05-05T17:15:00,"{'bid': 565.14, 'ask': 565.26}","{'bid': 565.1, 'ask': 565.22}","{'bid': 565.29, 'ask': 565.42}","{'bid': 564.77, 'ask': 564.9}",2129,565.14,565.29,564.77,565.1
2025-05-05 17:30:00,2025-05-05T18:30:00,2025-05-05T17:30:00,"{'bid': 565.11, 'ask': 565.23}","{'bid': 565.42, 'ask': 565.55}","{'bid': 565.73, 'ask': 565.85}","{'bid': 564.99, 'ask': 565.12}",1870,565.11,565.73,564.99,565.42
2025-05-05 17:45:00,2025-05-05T18:45:00,2025-05-05T17:45:00,"{'bid': 565.41, 'ask': 565.53}","{'bid': 565.62, 'ask': 565.75}","{'bid': 566.01, 'ask': 566.14}","{'bid': 565.41, 'ask': 565.53}",1590,565.41,566.01,565.41,565.62
2025-05-05 18:00:00,2025-05-05T19:00:00,2025-05-05T18:00:00,"{'bid': 565.61, 'ask': 565.75}","{'bid': 566.21, 'ask': 566.34}","{'bid': 566.27, 'ask': 566.4}","{'bid': 565.51, 'ask': 565.64}",1618,565.61,566.27,565.51,566.21
2025-05-05 18:15:00,2025-05-05T19:15:00,2025-05-05T18:15:00,"{'bid': 566.22, 'ask': 566.35}","{'bid': 566.08, 'ask': 566.21}","{'bid': 566.32, 'ask': 566.45}","{'bid': 565.98, 'ask': 566.1}",1440,566.22,566.32,565.98,566.08
2025-05-05 18:30:00,2025-05-05T19:30:00,2025-05-05T18:30:00,"{'bid': 566.06, 'ask': 566.19}","{'bid': 566.5, 'ask': 566.63}","{'bid': 566.59, 'ask': 566.71}","{'bid': 566.02, 'ask': 566.14}",1353,566.06,566.59,566.02,566.5
2025-05-05 18:45:00,2025-05-05T19:45:00,2025-05-05T18:45:00,"{'bid': 566.51, 'ask': 566.63}","{'bid': 565.73, 'ask': 565.85}","{'bid': 566.52, 'ask': 566.64}","{'bid': 565.66, 'ask': 565.78}",1652,566.51,566.52,565.66,565.73
2025-05-05 19:00:00,2025-05-05T20:00:00,2025-05-05T19:00:00,"{'bid': 565.72, 'ask': 565.85}","{'bid': 565.21, 'ask': 565.33}","{'bid': 565.8, 'ask': 565.93}","{'bid': 565.04, 'ask': 565.17}",2705,565.72,565.8,565.04,565.21
2025-05-05 19:15:00,2025-05-05T20:15:00,2025-05-05T19:15:00,"{'bid': 565.19, 'ask': 565.32}","{'bid': 564.69, 'ask': 564.82}","{'bid': 565.58, 'ask': 565.7}","{'bid': 564.5, 'ask': 564.62}",2580,565.19,565.58,564.5,564.69
2025-05-05 19:30:00,2025-05-05T20:30:00,2025-05-05T19:30:00,"{'bid': 564.7, 'ask': 564.82}","{'bid': 564.54, 'ask': 564.66}","{'bid': 565.3, 'ask': 565.43}","{'bid': 564.26, 'ask': 564.39}",2374,564.7,565.3,564.26,564.54
2025-05-05 19:45:00,2025-05-05T20:45:00,2025-05-05T19:45:00,"{'bid': 564.52, 'ask': 564.64}","{'bid': 563.48, 'ask': 563.61}","{'bid': 564.55, 'ask': 564.68}","{'bid': 563.03, 'ask': 563.15}",4254,564.52,564.55,563.03,563.48
2025-05-05 20:00:00,2025-05-05T21:00:00,2025-05-05T20:00:00,"{'bid': 563.5, 'ask': 563.63}","{'bid': 562.92, 'ask': 563.06}","{'bid': 563.58, 'ask': 563.75}","{'bid': 562.67, 'ask': 562.8}",1374,563.5,563.58,562.67,562.92
2025-05-05 20:15:00,2025-05-05T21:15:00,2025-05-05T20:15:00,"{'bid': 562.91, 'ask': 563.07}","{'bid': 562.77, 'ask': 562.92}","{'bid': 563.11, 'ask': 563.55}","{'bid': 562.69, 'ask': 562.83}",423,562.91,563.11,562.69,562.77
2025-05-05 20:30:00,2025-05-05T21:30:00,2025-05-05T20:30:00,"{'bid': 562.77, 'ask': 562.99}","{'bid': 562.97, 'ask': 563.12}","{'bid': 563.03, 'ask': 563.18}","{'bid': 562.62, 'ask': 562.77}",415,562.77,563.03,562.62,562.97
2025-05-05 20:45:00,2025-05-05T21:45:00,2025-05-05T20:45:00,"{'bid': 562.97, 'ask': 563.52}","{'bid': 563.13, 'ask': 563.32}","{'bid': 563.2, 'ask': 563.52}","{'bid': 562.7, 'ask': 563.12}",361,562.97,563.2,562.7,563.13
2025-05-05 21:00:00,2025-05-05T22:00:00,2025-05-05T21:00:00,"{'bid': 563.06, 'ask': 563.27}","{'bid': 562.95, 'ask': 563.45}","{'bid': 563.27, 'ask': 563.45}","{'bid': 562.95, 'ask': 563.25}",29,563.06,563.27,562.95,562.95
2025-05-05 21:15:00,2025-05-05T22:15:00,2025-05-05T21:15:00,"{'bid': 562.95, 'ask': 563.32}","{'bid': 562.85, 'ask': 563.19}","{'bid': 563.0, 'ask': 563.45}","{'bid': 562.85, 'ask': 563.19}",13,562.95,563.0,562.85,562.85
2025-05-05 21:30:00,2025-05-05T22:30:00,2025-05-05T21:30:00,"{'bid': 562.92, 'ask': 563.19}","{'bid': 562.86, 'ask': 563.19}","{'bid': 562.94, 'ask': 563.19}","{'bid': 562.86, 'ask': 563.19}",22,562.92,562.94,562.86,562.86
2025-05-05 21:45:00,2025-05-05T22:45:00,2025-05-05T21:45:00,"{'bid': 562.95, 'ask': 563.19}","{'bid': 562.81, 'ask': 563.2}","{'bid': 563.15, 'ask': 563.45}","{'bid': 562.81, 'ask': 563.05}",58,562.95,563.15,562.81,562.81
2025-05-05 22:00:00,2025-05-05T23:00:00,2025-05-05T22:00:00,"{'bid': 562.81, 'ask': 563.06}","{'bid': 563.05, 'ask': 563.26}","{'bid': 563.05, 'ask': 564.05}","{'bid': 562.34, 'ask': 562.8}",416,562.81,563.05,562.34,563.05
2025-05-05 22:15:00,2025-05-05T23:15:00,2025-05-05T22:15:00,"{'bid': 563.05, 'ask': 564.05}","{'bid': 563.02, 'ask': 563.21}","{'bid': 563.31, 'ask': 564.05}","{'bid': 562.74, 'ask': 563.11}",259,563.05,563.31,562.74,563.02
2025-05-05 22:30:00,2025-05-05T23:30:00,2025-05-05T22:30:00,"{'bid': 563.02, 'ask': 563.45}","{'bid': 562.95, 'ask': 563.15}","{'bid': 563.12, 'ask': 563.47}","{'bid': 562.85, 'ask': 563.08}",188,563.02,563.12,562.85,562.95
2025-05-05 22:45:00,2025-05-05T23:45:00,2025-05-05T22:45:00,"{'bid': 562.96, 'ask': 563.15}","{'bid': 562.76, 'ask': 562.98}","{'bid': 562.98, 'ask': 563.46}","{'bid': 562.72, 'ask': 562.89}",152,562.96,562.98,562.72,562.76
2025-05-05 23:00:00,2025-05-06T00:00:00,2025-05-05T23:00:00,"{'bid': 562.75, 'ask': 562.96}","{'bid': 562.92, 'ask': 563.14}","{'bid': 562.99, 'ask': 563.75}","{'bid': 562.16, 'ask': 562.93}",228,562.75,562.99,562.16,562.92
2025-05-05 23:15:00,2025-05-06T00:15:00,2025-05-05T23:15:00,"{'bid': 562.91, 'ask': 563.14}","{'bid': 562.89, 'ask': 563.09}","{'bid': 563.09, 'ask': 563.75}","{'bid': 562.58, 'ask': 563.07}",204,562.91,563.09,562.58,562.89
2025-05-05 23:30:00,2025-05-06T00:30:00,2025-05-05T23:30:00,"{'bid': 562.89, 'ask': 563.08}","{'bid': 562.9, 'ask': 563.09}","{'bid': 562.94, 'ask': 563.74}","{'bid': 562.27, 'ask': 562.83}",279,562.89,562.94,562.27,562.9
2025-05-05 23:45:00,2025-05-06T00:45:00,2025-05-05T23:45:00,"{'bid': 562.9, 'ask': 563.12}","{'bid': 562.66, 'ask': 562.87}","{'bid': 562.96, 'ask': 563.61}","{'bid': 562.58, 'ask': 562.79}",243,562.9,562.96,562.58,562.66
2025-05-06 08:00:00,2025-05-06T09:00:00,2025-05-06T08:00:00,"{'bid': 560.28, 'ask': 560.52}","{'bid': 559.82, 'ask': 560.03}","{'bid': 560.41, 'ask': 561.05}","{'bid': 559.7, 'ask': 559.92}",1377,560.28,560.41,559.7,559.82
2025-05-06 08:15:00,2025-05-06T09:15:00,2025-05-06T08:15:00,"{'bid': 559.82, 'ask': 560.02}","{'bid': 558.86, 'ask': 559.08}","{'bid': 559.87, 'ask': 560.22}","{'bid': 558.51, 'ask': 559.03}",1108,559.82,559.87,558.51,558.86
2025-05-06 08:30:00,2025-05-06T09:30:00,2025-05-06T08:30:00,"{'bid': 558.86, 'ask': 559.07}","{'bid': 559.64, 'ask': 559.84}","{'bid': 559.68, 'ask': 560.05}","{'bid': 558.43, 'ask': 558.96}",962,558.86,559.68,558.43,559.64
2025-05-06 08:45:00,2025-05-06T09:45:00,2025-05-06T08:45:00,"{'bid': 559.64, 'ask': 559.83}","{'bid': 559.62, 'ask': 559.82}","{'bid': 559.86, 'ask': 560.05}","{'bid': 559.18, 'ask': 559.59}",583,559.64,559.86,559.18,559.62
2025-05-06 09:00:00,2025-05-06T10:00:00,2025-05-06T09:00:00,"{'bid': 559.59, 'ask': 559.81}","{'bid': 559.0, 'ask': 559.22}","{'bid': 559.69, 'ask': 560.03}","{'bid': 558.57, 'ask': 559.1}",906,559.59,559.69,558.57,559.0
2025-05-06 09:15:00,2025-05-06T10:15:00,2025-05-06T09:15:00,"{'bid': 559.02, 'ask': 559.24}","{'bid': 558.86, 'ask': 559.05}","{'bid': 559.03, 'ask': 559.58}","{'bid': 558.38, 'ask': 558.88}",661,559.02,559.03,558.38,558.86
2025-05-06 09:30:00,2025-05-06T10:30:00,2025-05-06T09:30:00,"{'bid': 558.86, 'ask': 559.06}","{'bid': 558.81, 'ask': 559.01}","{'bid': 559.3, 'ask': 559.74}","{'bid': 558.52, 'ask': 558.93}",676,558.86,559.3,558.52,558.81
2025-05-06 09:45:00,2025-05-06T10:45:00,2025-05-06T09:45:00,"{'bid': 558.81, 'ask': 559.0}","{'bid': 559.56, 'ask': 559.74}","{'bid': 559.59, 'ask': 560.03}","{'bid': 558.36, 'ask': 558.83}",579,558.81,559.59,558.36,559.56
2025-05-06 10:00:00,2025-05-06T11:00:00,2025-05-06T10:00:00,"{'bid': 559.56, 'ask': 559.73}","{'bid': 559.51, 'ask': 559.7}","{'bid': 559.59, 'ask': 560.03}","{'bid': 559.12, 'ask': 559.34}",483,559.56,559.59,559.12,559.51
2025-05-06 10:15:00,2025-05-06T11:15:00,2025-05-06T10:15:00,"{'bid': 559.51, 'ask': 559.69}","{'bid': 559.56, 'ask': 559.74}","{'bid': 559.66, 'ask': 559.87}","{'bid': 559.45, 'ask': 559.63}",363,559.51,559.66,559.45,559.56
2025-05-06 10:30:00,2025-05-06T11:30:00,2025-05-06T10:30:00,"{'bid': 559.55, 'ask': 559.74}","{'bid': 559.64, 'ask': 559.83}","{'bid': 560.17, 'ask': 560.54}","{'bid': 559.46, 'ask': 559.72}",476,559.55,560.17,559.46,559.64
2025-05-06 10:45:00,2025-05-06T11:45:00,2025-05-06T10:45:00,"{'bid': 559.63, 'ask': 559.83}","{'bid': 560.16, 'ask': 560.37}","{'bid': 560.18, 'ask': 560.39}","{'bid': 559.15, 'ask': 559.77}",514,559.63,560.18,559.15,560.16
2025-05-06 11:00:00,2025-05-06T12:00:00,2025-05-06T11:00:00,"{'bid': 560.14, 'ask': 560.33}","{'bid': 560.17, 'ask': 560.36}","{'bid': 560.45, 'ask': 561.05}","{'bid': 559.97, 'ask': 560.33}",613,560.14,560.45,559.97,560.17
2025-05-06 11:15:00,2025-05-06T12:15:00,2025-05-06T11:15:00,"{'bid': 560.18, 'ask': 560.36}","{'bid': 558.97, 'ask': 559.15}","{'bid': 560.18, 'ask': 560.36}","{'bid': 558.33, 'ask': 558.92}",1046,560.18,560.18,558.33,558.97
2025-05-06 11:30:00,2025-05-06T12:30:00,2025-05-06T11:30:00,"{'bid': 558.99, 'ask': 559.2}","{'bid': 559.24, 'ask': 559.4}","{'bid': 559.69, 'ask': 559.82}","{'bid': 558.71, 'ask': 558.9}",744,558.99,559.69,558.71,559.24
2025-05-06 11:45:00,2025-05-06T12:45:00,2025-05-06T11:45:00,"{'bid': 559.24, 'ask': 559.45}","{'bid': 558.76, 'ask': 558.96}","{'bid': 559.29, 'ask': 559.47}","{'bid': 557.35, 'ask': 558.08}",1025,559.24,559.29,557.35,558.76
2025-05-06 12:00:00,2025-05-06T13:00:00,2025-05-06T12:00:00,"{'bid': 558.76, 'ask': 558.95}","{'bid': 559.1, 'ask': 559.27}","{'bid': 559.16, 'ask': 559.4}","{'bid': 558.55, 'ask': 558.7}",908,558.76,559.16,558.55,559.1
2025-05-06 12:15:00,2025-05-06T13:15:00,2025-05-06T12:15:00,"{'bid': 559.1, 'ask': 559.26}","{'bid': 558.69, 'ask': 558.84}","{'bid': 559.1, 'ask': 559.4}","{'bid': 558.55, 'ask': 558.7}",993,559.1,559.1,558.55,558.69
2025-05-06 12:30:00,2025-05-06T13:30:00,2025-05-06T12:30:00,"{'bid': 558.69, 'ask': 558.85}","{'bid': 558.23, 'ask': 558.38}","{'bid': 558.69, 'ask': 558.92}","{'bid': 558.15, 'ask': 558.29}",983,558.69,558.69,558.15,558.23
2025-05-06 12:45:00,2025-05-06T13:45:00,2025-05-06T12:45:00,"{'bid': 558.23, 'ask': 558.4}","{'bid': 558.89, 'ask': 559.05}","{'bid': 559.07, 'ask': 559.4}","{'bid': 558.15, 'ask': 558.36}",994,558.23,559.07,558.15,558.89
2025-05-06 13:00:00,2025-05-06T14:00:00,2025-05-06T13:00:00,"{'bid': 558.87, 'ask': 559.04}","{'bid': 558.31, 'ask': 558.45}","{'bid': 559.09, 'ask': 559.4}","{'bid': 558.29, 'ask': 558.43}",999,558.87,559.09,558.29,558.31
2025-05-06 13:15:00,2025-05-06T14:15:00,2025-05-06T13:15:00,"{'bid': 558.32, 'ask': 558.47}","{'bid': 557.86, 'ask': 558.03}","{'bid': 558.49, 'ask': 558.62}","{'bid': 557.66, 'ask': 557.82}",1357,558.32,558.49,557.66,557.86
2025-05-06 13:30:00,2025-05-06T14:30:00,2025-05-06T13:30:00,"{'bid': 557.83, 'ask': 558.01}","{'bid': 559.14, 'ask': 559.28}","{'bid': 559.59, 'ask': 559.72}","{'bid': 557.48, 'ask': 557.64}",5499,557.83,559.59,557.48,559.14
2025-05-06 13:45:00,2025-05-06T14:45:00,2025-05-06T13:45:00,"{'bid': 559.16, 'ask': 559.3}","{'bid': 557.33, 'ask': 557.47}","{'bid': 559.42, 'ask': 559.56}","{'bid': 556.9, 'ask': 557.03}",4628,559.16,559.42,556.9,557.33
2025-05-06 14:00:00,2025-05-06T15:00:00,2025-05-06T14:00:00,"{'bid': 557.32, 'ask': 557.46}","{'bid': 558.72, 'ask': 558.85}","{'bid': 559.22, 'ask': 559.35}","{'bid': 557.04, 'ask': 557.16}",4229,557.32,559.22,557.04,558.72
2025-05-06 14:15:00,2025-05-06T15:15:00,2025-05-06T14:15:00,"{'bid': 558.74, 'ask': 558.86}","{'bid': 560.57, 'ask': 560.7}","{'bid': 560.83, 'ask': 560.95}","{'bid': 558.74, 'ask': 558.86}",3965,558.74,560.83,558.74,560.57
2025-05-06 14:30:00,2025-05-06T15:30:00,2025-05-06T14:30:00,"{'bid': 560.58, 'ask': 560.7}","{'bid': 560.62, 'ask': 560.75}","{'bid': 561.23, 'ask': 561.37}","{'bid': 560.31, 'ask': 560.43}",3282,560.58,561.23,560.31,560.62
2025-05-06 14:45:00,2025-05-06T15:45:00,2025-05-06T14:45:00,"{'bid': 560.63, 'ask': 560.75}","{'bid': 560.7, 'ask': 560.83}","{'bid': 561.3, 'ask': 561.44}","{'bid': 560.28, 'ask': 560.4}",3096,560.63,561.3,560.28,560.7
2025-05-06 15:00:00,2025-05-06T16:00:00,2025-05-06T15:00:00,"{'bid': 560.7, 'ask': 560.82}","{'bid': 560.87, 'ask': 561.0}","{'bid': 561.26, 'ask': 561.39}","{'bid': 560.42, 'ask': 560.55}",2798,560.7,561.26,560.42,560.87
2025-05-06 15:15:00,2025-05-06T16:15:00,2025-05-06T15:15:00,"{'bid': 560.87, 'ask': 561.01}","{'bid': 561.58, 'ask': 561.71}","{'bid': 561.75, 'ask': 561.88}","{'bid': 560.6, 'ask': 560.73}",2694,560.87,561.75,560.6,561.58
2025-05-06 15:30:00,2025-05-06T16:30:00,2025-05-06T15:30:00,"{'bid': 561.57, 'ask': 561.69}","{'bid': 560.69, 'ask': 560.82}","{'bid': 561.88, 'ask': 562.0}","{'bid': 560.55, 'ask': 560.67}",2607,561.57,561.88,560.55,560.69
2025-05-06 15:45:00,2025-05-06T16:45:00,2025-05-06T15:45:00,"{'bid': 560.7, 'ask': 560.84}","{'bid': 560.3, 'ask': 560.43}","{'bid': 561.01, 'ask': 561.15}","{'bid': 560.12, 'ask': 560.25}",2611,560.7,561.01,560.12,560.3
2025-05-06 16:00:00,2025-05-06T17:00:00,2025-05-06T16:00:00,"{'bid': 560.31, 'ask': 560.43}","{'bid': 562.87, 'ask': 562.99}","{'bid': 563.28, 'ask': 563.41}","{'bid': 560.08, 'ask': 560.2}",3383,560.31,563.28,560.08,562.87
2025-05-06 16:15:00,2025-05-06T17:15:00,2025-05-06T16:15:00,"{'bid': 562.89, 'ask': 563.03}","{'bid': 560.51, 'ask': 560.65}","{'bid': 562.94, 'ask': 563.08}","{'bid': 560.19, 'ask': 560.32}",4549,562.89,562.94,560.19,560.51
2025-05-06 16:30:00,2025-05-06T17:30:00,2025-05-06T16:30:00,"{'bid': 560.48, 'ask': 560.63}","{'bid': 560.09, 'ask': 560.23}","{'bid': 561.39, 'ask': 561.52}","{'bid': 559.92, 'ask': 560.04}",3325,560.48,561.39,559.92,560.09
2025-05-06 16:45:00,2025-05-06T17:45:00,2025-05-06T16:45:00,"{'bid': 560.11, 'ask': 560.23}","{'bid': 559.13, 'ask': 559.28}","{'bid': 560.19, 'ask': 560.33}","{'bid': 559.07, 'ask': 559.19}",3460,560.11,560.19,559.07,559.13
2025-05-06 17:00:00,2025-05-06T18:00:00,2025-05-06T17:00:00,"{'bid': 559.14, 'ask': 559.29}","{'bid': 560.15, 'ask': 560.28}","{'bid': 560.44, 'ask': 560.58}","{'bid': 559.13, 'ask': 559.27}",3093,559.14,560.44,559.13,560.15
2025-05-06 17:15:00,2025-05-06T18:15:00,2025-05-06T17:15:00,"{'bid': 560.17, 'ask': 560.31}","{'bid': 559.64, 'ask': 559.77}","{'bid': 560.52, 'ask': 560.65}","{'bid': 559.19, 'ask': 559.31}",2689,560.17,560.52,559.19,559.64
2025-05-06 17:30:00,2025-05-06T18:30:00,2025-05-06T17:30:00,"{'bid': 559.63, 'ask': 559.76}","{'bid': 558.56, 'ask': 558.69}","{'bid': 560.06, 'ask': 560.21}","{'bid': 558.42, 'ask': 558.54}",2994,559.63,560.06,558.42,558.56
2025-05-06 17:45:00,2025-05-06T18:45:00,2025-05-06T17:45:00,"{'bid': 558.54, 'ask': 558.67}","{'bid': 558.37, 'ask': 558.5}","{'bid': 558.85, 'ask': 558.98}","{'bid': 558.26, 'ask': 558.4}",2695,558.54,558.85,558.26,558.37
2025-05-06 18:00:00,2025-05-06T19:00:00,2025-05-06T18:00:00,"{'bid': 558.38, 'ask': 558.51}","{'bid': 558.98, 'ask': 559.1}","{'bid': 559.6, 'ask': 559.75}","{'bid': 558.36, 'ask': 558.49}",3037,558.38,559.6,558.36,558.98
2025-05-06 18:15:00,2025-05-06T19:15:00,2025-05-06T18:15:00,"{'bid': 558.97, 'ask': 559.1}","{'bid': 560.42, 'ask': 560.56}","{'bid': 560.45, 'ask': 560.57}","{'bid': 558.96, 'ask': 559.08}",2490,558.97,560.45,558.96,560.42
2025-05-06 18:30:00,2025-05-06T19:30:00,2025-05-06T18:30:00,"{'bid': 560.41, 'ask': 560.54}","{'bid': 560.2, 'ask': 560.33}","{'bid': 560.71, 'ask': 560.83}","{'bid': 559.99, 'ask': 560.12}",2330,560.41,560.71,559.99,560.2
2025-05-06 18:45:00,2025-05-06T19:45:00,2025-05-06T18:45:00,"{'bid': 560.2, 'ask': 560.32}","{'bid': 561.0, 'ask': 561.13}","{'bid': 561.01, 'ask': 561.14}","{'bid': 559.87, 'ask': 560.0}",2276,560.2,561.01,559.87,561.0
2025-05-06 19:00:00,2025-05-06T20:00:00,2025-05-06T19:00:00,"{'bid': 561.01, 'ask': 561.13}","{'bid': 560.52, 'ask': 560.65}","{'bid': 561.05, 'ask': 561.18}","{'bid': 559.8, 'ask': 559.93}",2539,561.01,561.05,559.8,560.52
2025-05-06 19:15:00,2025-05-06T20:15:00,2025-05-06T19:15:00,"{'bid': 560.54, 'ask': 560.67}","{'bid': 560.73, 'ask': 560.85}","{'bid': 560.83, 'ask': 560.95}","{'bid': 560.05, 'ask': 560.17}",2252,560.54,560.83,560.05,560.73
2025-05-06 19:30:00,2025-05-06T20:30:00,2025-05-06T19:30:00,"{'bid': 560.74, 'ask': 560.87}","{'bid': 561.04, 'ask': 561.17}","{'bid': 561.2, 'ask': 561.33}","{'bid': 560.49, 'ask': 560.62}",2505,560.74,561.2,560.49,561.04
2025-05-06 19:45:00,2025-05-06T20:45:00,2025-05-06T19:45:00,"{'bid': 561.03, 'ask': 561.15}","{'bid': 558.73, 'ask': 558.85}","{'bid': 561.32, 'ask': 561.44}","{'bid': 558.66, 'ask': 558.78}",4402,561.03,561.32,558.66,558.73
2025-05-06 20:00:00,2025-05-06T21:00:00,2025-05-06T20:00:00,"{'bid': 558.74, 'ask': 558.87}","{'bid': 558.66, 'ask': 558.81}","{'bid': 558.98, 'ask': 559.12}","{'bid': 557.95, 'ask': 558.58}",1653,558.74,558.98,557.95,558.66
2025-05-06 20:15:00,2025-05-06T21:15:00,2025-05-06T20:15:00,"{'bid': 558.58, 'ask': 558.76}","{'bid': 556.9, 'ask': 557.11}","{'bid': 559.22, 'ask': 559.56}","{'bid': 556.74, 'ask': 556.89}",1509,558.58,559.22,556.74,556.9
2025-05-06 20:30:00,2025-05-06T21:30:00,2025-05-06T20:30:00,"{'bid': 556.96, 'ask': 557.2}","{'bid': 557.72, 'ask': 557.87}","{'bid': 557.83, 'ask': 558.0}","{'bid': 556.76, 'ask': 557.11}",1411,556.96,557.83,556.76,557.72
2025-05-06 20:45:00,2025-05-06T21:45:00,2025-05-06T20:45:00,"{'bid': 557.72, 'ask': 557.88}","{'bid': 557.77, 'ask': 558.15}","{'bid': 558.0, 'ask': 558.23}","{'bid': 557.45, 'ask': 557.84}",634,557.72,558.0,557.45,557.77
2025-05-06 21:00:00,2025-05-06T22:00:00,2025-05-06T21:00:00,"{'bid': 557.71, 'ask': 558.15}","{'bid': 557.7, 'ask': 557.85}","{'bid': 557.83, 'ask': 558.15}","{'bid': 557.08, 'ask': 557.34}",107,557.71,557.83,557.08,557.7
2025-05-06 21:15:00,2025-05-06T22:15:00,2025-05-06T21:15:00,"{'bid': 557.7, 'ask': 557.82}","{'bid': 557.45, 'ask': 557.76}","{'bid': 557.85, 'ask': 558.04}","{'bid': 557.39, 'ask': 557.71}",94,557.7,557.85,557.39,557.45
2025-05-06 21:30:00,2025-05-06T22:30:00,2025-05-06T21:30:00,"{'bid': 557.45, 'ask': 557.73}","{'bid': 557.25, 'ask': 557.73}","{'bid': 557.56, 'ask': 557.95}","{'bid': 557.25, 'ask': 557.56}",57,557.45,557.56,557.25,557.25
2025-05-06 21:45:00,2025-05-06T22:45:00,2025-05-06T21:45:00,"{'bid': 557.25, 'ask': 557.71}","{'bid': 557.31, 'ask': 557.53}","{'bid': 557.49, 'ask': 557.73}","{'bid': 557.2, 'ask': 557.44}",80,557.25,557.49,557.2,557.31
2025-05-06 22:00:00,2025-05-06T23:00:00,2025-05-06T22:00:00,"{'bid': 557.08, 'ask': 557.54}","{'bid': 562.67, 'ask': 562.93}","{'bid': 564.95, 'ask': 565.85}","{'bid': 557.08, 'ask': 557.38}",3416,557.08,564.95,557.08,562.67
2025-05-06 22:15:00,2025-05-06T23:15:00,2025-05-06T22:15:00,"{'bid': 562.65, 'ask': 562.93}","{'bid': 563.65, 'ask': 563.88}","{'bid': 563.82, 'ask': 564.49}","{'bid': 561.55, 'ask': 562.45}",1835,562.65,563.82,561.55,563.65
2025-05-06 22:30:00,2025-05-06T23:30:00,2025-05-06T22:30:00,"{'bid': 563.64, 'ask': 563.87}","{'bid': 561.83, 'ask': 562.51}","{'bid': 563.92, 'ask': 564.49}","{'bid': 561.55, 'ask': 562.01}",1512,563.64,563.92,561.55,561.83
2025-05-06 22:45:00,2025-05-06T23:45:00,2025-05-06T22:45:00,"{'bid': 561.83, 'ask': 562.52}","{'bid': 563.36, 'ask': 563.6}","{'bid': 563.47, 'ask': 563.75}","{'bid': 561.55, 'ask': 562.45}",1012,561.83,563.47,561.55,563.36
2025-05-06 23:00:00,2025-05-07T00:00:00,2025-05-06T23:00:00,"{'bid': 563.36, 'ask': 563.61}","{'bid': 562.65, 'ask': 562.9}","{'bid': 563.59, 'ask': 563.85}","{'bid': 562.45, 'ask': 562.63}",946,563.36,563.59,562.45,562.65
2025-05-06 23:15:00,2025-05-07T00:15:00,2025-05-06T23:15:00,"{'bid': 562.65, 'ask': 562.89}","{'bid': 562.92, 'ask': 563.1}","{'bid': 563.14, 'ask': 563.61}","{'bid': 562.45, 'ask': 562.7}",630,562.65,563.14,562.45,562.92
2025-05-06 23:30:00,2025-05-07T00:30:00,2025-05-06T23:30:00,"{'bid': 562.93, 'ask': 563.1}","{'bid': 563.04, 'ask': 563.25}","{'bid': 563.2, 'ask': 563.57}","{'bid': 562.45, 'ask': 562.66}",722,562.93,563.2,562.45,563.04
2025-05-06 23:45:00,2025-05-07T00:45:00,2025-05-06T23:45:00,"{'bid': 563.04, 'ask': 563.24}","{'bid': 563.28, 'ask': 563.5}","{'bid': 563.37, 'ask': 563.57}","{'bid': 562.83, 'ask': 563.0}",748,563.04,563.37,562.83,563.28
2025-05-07 08:00:00,2025-05-07T09:00:00,2025-05-07T08:00:00,"{'bid': 562.18, 'ask': 562.4}","{'bid': 561.71, 'ask': 561.9}","{'bid': 562.43, 'ask': 562.95}","{'bid': 561.04, 'ask': 561.58}",961,562.18,562.43,561.04,561.71
2025-05-07 08:15:00,2025-05-07T09:15:00,2025-05-07T08:15:00,"{'bid': 561.74, 'ask': 561.97}","{'bid': 561.86, 'ask': 562.07}","{'bid': 562.01, 'ask': 562.42}","{'bid': 560.95, 'ask': 561.65}",511,561.74,562.01,560.95,561.86
2025-05-07 08:30:00,2025-05-07T09:30:00,2025-05-07T08:30:00,"{'bid': 561.87, 'ask': 562.56}","{'bid': 562.08, 'ask': 562.28}","{'bid': 562.31, 'ask': 562.82}","{'bid': 561.87, 'ask': 562.1}",478,561.87,562.31,561.87,562.08
2025-05-07 08:45:00,2025-05-07T09:45:00,2025-05-07T08:45:00,"{'bid': 562.08, 'ask': 562.3}","{'bid': 562.19, 'ask': 562.39}","{'bid': 562.26, 'ask': 562.59}","{'bid': 561.25, 'ask': 561.89}",537,562.08,562.26,561.25,562.19
2025-05-07 09:00:00,2025-05-07T10:00:00,2025-05-07T09:00:00,"{'bid': 562.18, 'ask': 562.39}","{'bid': 562.21, 'ask': 562.41}","{'bid': 562.45, 'ask': 562.94}","{'bid': 561.44, 'ask': 562.08}",511,562.18,562.45,561.44,562.21
2025-05-07 09:15:00,2025-05-07T10:15:00,2025-05-07T09:15:00,"{'bid': 562.24, 'ask': 562.42}","{'bid': 561.88, 'ask': 562.03}","{'bid': 562.34, 'ask': 562.57}","{'bid': 561.31, 'ask': 561.91}",492,562.24,562.34,561.31,561.88
2025-05-07 09:30:00,2025-05-07T10:30:00,2025-05-07T09:30:00,"{'bid': 561.88, 'ask': 562.04}","{'bid': 562.11, 'ask': 562.3}","{'bid': 562.14, 'ask': 562.45}","{'bid': 561.46, 'ask': 561.68}",567,561.88,562.14,561.46,562.11
2025-05-07 09:45:00,2025-05-07T10:45:00,2025-05-07T09:45:00,"{'bid': 562.1, 'ask': 562.3}","{'bid': 561.91, 'ask': 562.11}","{'bid': 562.32, 'ask': 563.14}","{'bid': 561.56, 'ask': 562.09}",494,562.1,562.32,561.56,561.91
2025-05-07 10:00:00,2025-05-07T11:00:00,2025-05-07T10:00:00,"{'bid': 561.9, 'ask': 562.11}","{'bid': 562.19, 'ask': 562.38}","{'bid': 562.19, 'ask': 562.57}","{'bid': 561.36, 'ask': 561.57}",702,561.9,562.19,561.36,562.19
2025-05-07 10:15:00,2025-05-07T11:15:00,2025-05-07T10:15:00,"{'bid': 562.19, 'ask': 562.39}","{'bid': 561.93, 'ask': 562.14}","{'bid': 562.22, 'ask': 562.64}","{'bid': 561.65, 'ask': 562.03}",402,562.19,562.22,561.65,561.93
2025-05-07 10:30:00,2025-05-07T11:30:00,2025-05-07T10:30:00,"{'bid': 561.9, 'ask': 562.11}","{'bid': 562.35, 'ask': 562.55}","{'bid': 562.35, 'ask': 562.56}","{'bid': 561.7, 'ask': 561.91}",448,561.9,562.35,561.7,562.35
2025-05-07 10:45:00,2025-05-07T11:45:00,2025-05-07T10:45:00,"{'bid': 562.38, 'ask': 562.55}","{'bid': 562.17, 'ask': 562.38}","{'bid': 562.57, 'ask': 562.94}","{'bid': 561.75, 'ask': 562.24}",532,562.38,562.57,561.75,562.17
2025-05-07 11:00:00,2025-05-07T12:00:00,2025-05-07T11:00:00,"{'bid': 562.19, 'ask': 562.38}","{'bid': 562.74, 'ask': 562.89}","{'bid': 562.82, 'ask': 563.45}","{'bid': 562.1, 'ask': 562.29}",506,562.19,562.82,562.1,562.74
2025-05-07 11:15:00,2025-05-07T12:15:00,2025-05-07T11:15:00,"{'bid': 562.74, 'ask': 562.93}","{'bid': 562.4, 'ask': 562.59}","{'bid': 562.95, 'ask': 563.75}","{'bid': 562.34, 'ask': 562.52}",399,562.74,562.95,562.34,562.4
2025-05-07 11:30:00,2025-05-07T12:30:00,2025-05-07T11:30:00,"{'bid': 562.43, 'ask': 562.59}","{'bid': 561.84, 'ask': 562.03}","{'bid': 562.49, 'ask': 562.69}","{'bid': 561.75, 'ask': 561.93}",431,562.43,562.49,561.75,561.84
2025-05-07 11:45:00,2025-05-07T12:45:00,2025-05-07T11:45:00,"{'bid': 561.83, 'ask': 562.03}","{'bid': 562.15, 'ask': 562.34}","{'bid': 562.26, 'ask': 562.41}","{'bid': 561.83, 'ask': 561.97}",401,561.83,562.26,561.83,562.15
2025-05-07 12:00:00,2025-05-07T13:00:00,2025-05-07T12:00:00,"{'bid': 562.16, 'ask': 562.34}","{'bid': 560.66, 'ask': 560.81}","{'bid': 562.21, 'ask': 562.37}","{'bid': 560.52, 'ask': 560.69}",1447,562.16,562.21,560.52,560.66
2025-05-07 12:15:00,2025-05-07T13:15:00,2025-05-07T12:15:00,"{'bid': 560.6, 'ask': 560.8}","{'bid': 560.7, 'ask': 560.86}","{'bid': 561.28, 'ask': 561.45}","{'bid': 560.45, 'ask': 560.63}",1541,560.6,561.28,560.45,560.7
2025-05-07 12:30:00,2025-05-07T13:30:00,2025-05-07T12:30:00,"{'bid': 560.71, 'ask': 560.88}","{'bid': 561.09, 'ask': 561.24}","{'bid': 561.14, 'ask': 561.46}","{'bid': 560.49, 'ask': 560.66}",1122,560.71,561.14,560.49,561.09
2025-05-07 12:45:00,2025-05-07T13:45:00,2025-05-07T12:45:00,"{'bid': 561.09, 'ask': 561.25}","{'bid': 560.78, 'ask': 560.92}","{'bid': 561.44, 'ask': 561.62}","{'bid': 560.65, 'ask': 560.84}",1183,561.09,561.44,560.65,560.78
2025-05-07 13:00:00,2025-05-07T14:00:00,2025-05-07T13:00:00,"{'bid': 560.78, 'ask': 560.93}","{'bid': 559.73, 'ask': 559.89}","{'bid': 560.78, 'ask': 560.93}","{'bid': 559.65, 'ask': 559.8}",1487,560.78,560.78,559.65,559.73
2025-05-07 13:15:00,2025-05-07T14:15:00,2025-05-07T13:15:00,"{'bid': 559.73, 'ask': 559.88}","{'bid': 560.08, 'ask': 560.3}","{'bid': 560.36, 'ask': 560.49}","{'bid': 559.57, 'ask': 559.73}",1445,559.73,560.36,559.57,560.08
2025-05-07 13:30:00,2025-05-07T14:30:00,2025-05-07T13:30:00,"{'bid': 560.07, 'ask': 560.24}","{'bid': 560.94, 'ask': 561.08}","{'bid': 561.14, 'ask': 561.27}","{'bid': 559.44, 'ask': 559.56}",6693,560.07,561.14,559.44,560.94
2025-05-07 13:45:00,2025-05-07T14:45:00,2025-05-07T13:45:00,"{'bid': 560.94, 'ask': 561.07}","{'bid': 561.36, 'ask': 561.48}","{'bid': 561.53, 'ask': 561.65}","{'bid': 559.62, 'ask': 559.77}",4692,560.94,561.53,559.62,561.36
2025-05-07 14:00:00,2025-05-07T15:00:00,2025-05-07T14:00:00,"{'bid': 561.37, 'ask': 561.49}","{'bid': 561.43, 'ask': 561.56}","{'bid': 561.78, 'ask': 561.9}","{'bid': 560.92, 'ask': 561.04}",3683,561.37,561.78,560.92,561.43
2025-05-07 14:15:00,2025-05-07T15:15:00,2025-05-07T14:15:00,"{'bid': 561.43, 'ask': 561.55}","{'bid': 561.77, 'ask': 561.91}","{'bid': 561.89, 'ask': 562.02}","{'bid': 560.95, 'ask': 561.08}",2985,561.43,561.89,560.95,561.77
2025-05-07 14:30:00,2025-05-07T15:30:00,2025-05-07T14:30:00,"{'bid': 561.76, 'ask': 561.91}","{'bid': 561.63, 'ask': 561.76}","{'bid': 561.9, 'ask': 562.04}","{'bid': 561.36, 'ask': 561.48}",2563,561.76,561.9,561.36,561.63
2025-05-07 14:45:00,2025-05-07T15:45:00,2025-05-07T14:45:00,"{'bid': 561.61, 'ask': 561.75}","{'bid': 559.38, 'ask': 559.51}","{'bid': 561.78, 'ask': 561.91}","{'bid': 558.96, 'ask': 559.08}",4667,561.61,561.78,558.96,559.38
2025-05-07 15:00:00,2025-05-07T16:00:00,2025-05-07T15:00:00,"{'bid': 559.39, 'ask': 559.53}","{'bid': 558.48, 'ask': 558.61}","{'bid': 559.5, 'ask': 559.63}","{'bid': 558.31, 'ask': 558.44}",5217,559.39,559.5,558.31,558.48
2025-05-07 15:15:00,2025-05-07T16:15:00,2025-05-07T15:15:00,"{'bid': 558.5, 'ask': 558.62}","{'bid': 559.09, 'ask': 559.23}","{'bid': 559.46, 'ask': 559.58}","{'bid': 558.48, 'ask': 558.6}",4774,558.5,559.46,558.48,559.09
2025-05-07 15:30:00,2025-05-07T16:30:00,2025-05-07T15:30:00,"{'bid': 559.07, 'ask': 559.21}","{'bid': 559.9, 'ask': 560.03}","{'bid': 560.08, 'ask': 560.21}","{'bid': 558.66, 'ask': 558.8}",4013,559.07,560.08,558.66,559.9
2025-05-07 15:45:00,2025-05-07T16:45:00,2025-05-07T15:45:00,"{'bid': 559.91, 'ask': 560.04}","{'bid': 559.87, 'ask': 560.0}","{'bid': 560.07, 'ask': 560.2}","{'bid': 558.54, 'ask': 558.66}",3880,559.91,560.07,558.54,559.87
2025-05-07 16:00:00,2025-05-07T17:00:00,2025-05-07T16:00:00,"{'bid': 559.88, 'ask': 560.0}","{'bid': 559.94, 'ask': 560.08}","{'bid': 560.17, 'ask': 560.29}","{'bid': 559.35, 'ask': 559.47}",3267,559.88,560.17,559.35,559.94
2025-05-07 16:15:00,2025-05-07T17:15:00,2025-05-07T16:15:00,"{'bid': 559.94, 'ask': 560.07}","{'bid': 559.1, 'ask': 559.23}","{'bid': 560.35, 'ask': 560.48}","{'bid': 559.03, 'ask': 559.17}",3272,559.94,560.35,559.03,559.1
2025-05-07 16:30:00,2025-05-07T17:30:00,2025-05-07T16:30:00,"{'bid': 559.12, 'ask': 559.24}","{'bid': 560.45, 'ask': 560.58}","{'bid': 560.48, 'ask': 560.61}","{'bid': 559.01, 'ask': 559.15}",2726,559.12,560.48,559.01,560.45
2025-05-07 16:45:00,2025-05-07T17:45:00,2025-05-07T16:45:00,"{'bid': 560.45, 'ask': 560.57}","{'bid': 561.19, 'ask': 561.32}","{'bid': 561.31, 'ask': 561.44}","{'bid': 560.19, 'ask': 560.31}",2238,560.45,561.31,560.19,561.19
2025-05-07 17:00:00,2025-05-07T18:00:00,2025-05-07T17:00:00,"{'bid': 561.18, 'ask': 561.3}","{'bid': 561.67, 'ask': 561.8}","{'bid': 561.77, 'ask': 561.91}","{'bid': 561.0, 'ask': 561.13}",1996,561.18,561.77,561.0,561.67
2025-05-07 17:15:00,2025-05-07T18:15:00,2025-05-07T17:15:00,"{'bid': 561.69, 'ask': 561.83}","{'bid': 561.19, 'ask': 561.33}","{'bid': 561.72, 'ask': 561.84}","{'bid': 560.77, 'ask': 560.89}",2078,561.69,561.72,560.77,561.19
2025-05-07 17:30:00,2025-05-07T18:30:00,2025-05-07T17:30:00,"{'bid': 561.22, 'ask': 561.35}","{'bid': 560.12, 'ask': 560.25}","{'bid': 561.33, 'ask': 561.47}","{'bid': 560.09, 'ask': 560.22}",2485,561.22,561.33,560.09,560.12
2025-05-07 17:45:00,2025-05-07T18:45:00,2025-05-07T17:45:00,"{'bid': 560.13, 'ask': 560.25}","{'bid': 559.05, 'ask': 559.31}","{'bid': 560.7, 'ask': 560.84}","{'bid': 558.75, 'ask': 558.87}",3070,560.13,560.7,558.75,559.05
2025-05-07 18:00:00,2025-05-07T19:00:00,2025-05-07T18:00:00,"{'bid': 559.04, 'ask': 559.44}","{'bid': 556.62, 'ask': 556.76}","{'bid': 560.4, 'ask': 560.56}","{'bid': 555.98, 'ask': 556.11}",5998,559.04,560.4,555.98,556.62
2025-05-07 18:15:00,2025-05-07T19:15:00,2025-05-07T18:15:00,"{'bid': 556.61, 'ask': 556.75}","{'bid': 557.85, 'ask': 557.99}","{'bid': 558.31, 'ask': 558.44}","{'bid': 556.06, 'ask': 556.2}",4907,556.61,558.31,556.06,557.85
2025-05-07 18:30:00,2025-05-07T19:30:00,2025-05-07T18:30:00,"{'bid': 557.89, 'ask': 558.03}","{'bid': 559.5, 'ask': 559.65}","{'bid': 560.25, 'ask': 560.37}","{'bid': 557.46, 'ask': 557.6}",5441,557.89,560.25,557.46,559.5
2025-05-07 18:45:00,2025-05-07T19:45:00,2025-05-07T18:45:00,"{'bid': 559.52, 'ask': 559.66}","{'bid': 560.76, 'ask': 560.88}","{'bid': 561.16, 'ask': 561.29}","{'bid': 557.26, 'ask': 557.39}",6353,559.52,561.16,557.26,560.76
2025-05-07 19:00:00,2025-05-07T20:00:00,2025-05-07T19:00:00,"{'bid': 560.76, 'ask': 560.89}","{'bid': 560.06, 'ask': 560.19}","{'bid': 560.91, 'ask': 561.04}","{'bid': 559.28, 'ask': 559.41}",5555,560.76,560.91,559.28,560.06
2025-05-07 19:15:00,2025-05-07T20:15:00,2025-05-07T19:15:00,"{'bid': 560.07, 'ask': 560.21}","{'bid': 557.81, 'ask': 557.95}","{'bid': 560.47, 'ask': 560.59}","{'bid': 557.65, 'ask': 557.79}",5469,560.07,560.47,557.65,557.81
2025-05-07 19:30:00,2025-05-07T20:30:00,2025-05-07T19:30:00,"{'bid': 557.77, 'ask': 557.92}","{'bid': 561.9, 'ask': 562.05}","{'bid': 563.73, 'ask': 563.91}","{'bid': 557.45, 'ask': 557.58}",6867,557.77,563.73,557.45,561.9
2025-05-07 19:45:00,2025-05-07T20:45:00,2025-05-07T19:45:00,"{'bid': 561.88, 'ask': 562.02}","{'bid': 561.16, 'ask': 561.29}","{'bid': 562.85, 'ask': 563.0}","{'bid': 558.97, 'ask': 559.11}",7684,561.88,562.85,558.97,561.16
2025-05-07 20:00:00,2025-05-07T21:00:00,2025-05-07T20:00:00,"{'bid': 561.14, 'ask': 561.27}","{'bid': 561.37, 'ask': 561.52}","{'bid': 562.31, 'ask': 562.55}","{'bid': 560.64, 'ask': 560.8}",2491,561.14,562.31,560.64,561.37
2025-05-07 20:15:00,2025-05-07T21:15:00,2025-05-07T20:15:00,"{'bid': 561.37, 'ask': 561.53}","{'bid': 560.73, 'ask': 560.88}","{'bid': 561.53, 'ask': 561.66}","{'bid': 560.6, 'ask': 560.75}",921,561.37,561.53,560.6,560.73
2025-05-07 20:30:00,2025-05-07T21:30:00,2025-05-07T20:30:00,"{'bid': 560.7, 'ask': 560.87}","{'bid': 560.75, 'ask': 560.9}","{'bid': 560.87, 'ask': 561.05}","{'bid': 560.44, 'ask': 560.7}",514,560.7,560.87,560.44,560.75
2025-05-07 20:45:00,2025-05-07T21:45:00,2025-05-07T20:45:00,"{'bid': 560.75, 'ask': 560.91}","{'bid': 560.89, 'ask': 561.18}","{'bid': 560.98, 'ask': 561.35}","{'bid': 560.64, 'ask': 560.82}",452,560.75,560.98,560.64,560.89
2025-05-07 21:00:00,2025-05-07T22:00:00,2025-05-07T21:00:00,"{'bid': 560.9, 'ask': 561.18}","{'bid': 561.0, 'ask': 561.17}","{'bid': 561.03, 'ask': 561.2}","{'bid': 560.86, 'ask': 561.12}",25,560.9,561.03,560.86,561.0
2025-05-07 21:15:00,2025-05-07T22:15:00,2025-05-07T21:15:00,"{'bid': 561.05, 'ask': 561.17}","{'bid': 560.79, 'ask': 561.04}","{'bid': 561.05, 'ask': 561.19}","{'bid': 560.79, 'ask': 561.04}",17,561.05,561.05,560.79,560.79
2025-05-07 21:30:00,2025-05-07T22:30:00,2025-05-07T21:30:00,"{'bid': 560.75, 'ask': 561.04}","{'bid': 560.7, 'ask': 561.04}","{'bid': 560.85, 'ask': 561.1}","{'bid': 560.66, 'ask': 560.88}",32,560.75,560.85,560.66,560.7
2025-05-07 21:45:00,2025-05-07T22:45:00,2025-05-07T21:45:00,"{'bid': 560.71, 'ask': 561.04}","{'bid': 560.7, 'ask': 560.97}","{'bid': 560.93, 'ask': 561.1}","{'bid': 560.66, 'ask': 560.9}",54,560.71,560.93,560.66,560.7
2025-05-07 22:00:00,2025-05-07T23:00:00,2025-05-07T22:00:00,"{'bid': 560.16, 'ask': 560.96}","{'bid': 560.52, 'ask': 560.74}","{'bid': 560.65, 'ask': 561.03}","{'bid': 560.0, 'ask': 560.18}",569,560.16,560.65,560.0,560.52
2025-05-07 22:15:00,2025-05-07T23:15:00,2025-05-07T22:15:00,"{'bid': 560.52, 'ask': 560.73}","{'bid': 560.87, 'ask': 561.08}","{'bid': 560.89, 'ask': 561.09}","{'bid': 560.0, 'ask': 560.35}",451,560.52,560.89,560.0,560.87
2025-05-07 22:30:00,2025-05-07T23:30:00,2025-05-07T22:30:00,"{'bid': 560.88, 'ask': 561.08}","{'bid': 560.86, 'ask': 561.09}","{'bid': 561.04, 'ask': 561.65}","{'bid': 560.65, 'ask': 561.05}",225,560.88,561.04,560.65,560.86
2025-05-07 22:45:00,2025-05-07T23:45:00,2025-05-07T22:45:00,"{'bid': 560.87, 'ask': 561.09}","{'bid': 560.75, 'ask': 560.97}","{'bid': 560.97, 'ask': 561.65}","{'bid': 560.55, 'ask': 560.92}",282,560.87,560.97,560.55,560.75
2025-05-07 23:00:00,2025-05-08T00:00:00,2025-05-07T23:00:00,"{'bid': 560.77, 'ask': 561.0}","{'bid': 561.08, 'ask': 561.26}","{'bid': 561.22, 'ask': 561.65}","{'bid': 560.56, 'ask': 560.94}",323,560.77,561.22,560.56,561.08
2025-05-07 23:15:00,2025-05-08T00:15:00,2025-05-07T23:15:00,"{'bid': 561.07, 'ask': 561.26}","{'bid': 561.3, 'ask': 561.51}","{'bid': 561.32, 'ask': 561.66}","{'bid': 560.65, 'ask': 561.24}",211,561.07,561.32,560.65,561.3
2025-05-07 23:30:00,2025-05-08T00:30:00,2025-05-07T23:30:00,"{'bid': 561.3, 'ask': 561.53}","{'bid': 560.84, 'ask': 561.04}","{'bid': 561.45, 'ask': 561.66}","{'bid': 560.78, 'ask': 561.01}",262,561.3,561.45,560.78,560.84
2025-05-07 23:45:00,2025-05-08T00:45:00,2025-05-07T23:45:00,"{'bid': 560.83, 'ask': 561.04}","{'bid': 560.85, 'ask': 561.09}","{'bid': 560.98, 'ask': 561.66}","{'bid': 560.65, 'ask': 560.96}",314,560.83,560.98,560.65,560.85
2025-05-08 08:00:00,2025-05-08T09:00:00,2025-05-08T08:00:00,"{'bid': 565.43, 'ask': 565.69}","{'bid': 565.79, 'ask': 566.0}","{'bid': 565.8, 'ask': 566.3}","{'bid': 565.15, 'ask': 565.4}",819,565.43,565.8,565.15,565.79
2025-05-08 08:15:00,2025-05-08T09:15:00,2025-05-08T08:15:00,"{'bid': 565.76, 'ask': 565.99}","{'bid': 566.33, 'ask': 566.54}","{'bid': 566.39, 'ask': 566.75}","{'bid': 565.73, 'ask': 565.92}",678,565.76,566.39,565.73,566.33
2025-05-08 08:30:00,2025-05-08T09:30:00,2025-05-08T08:30:00,"{'bid': 566.33, 'ask': 566.53}","{'bid': 566.55, 'ask': 566.74}","{'bid': 566.57, 'ask': 567.05}","{'bid': 566.12, 'ask': 566.52}",341,566.33,566.57,566.12,566.55
2025-05-08 08:45:00,2025-05-08T09:45:00,2025-05-08T08:45:00,"{'bid': 566.53, 'ask': 566.72}","{'bid': 566.87, 'ask': 567.09}","{'bid': 566.91, 'ask': 567.35}","{'bid': 566.48, 'ask': 566.68}",383,566.53,566.91,566.48,566.87
2025-05-08 09:00:00,2025-05-08T10:00:00,2025-05-08T09:00:00,"{'bid': 566.88, 'ask': 567.07}","{'bid': 566.69, 'ask': 566.95}","{'bid': 566.95, 'ask': 567.35}","{'bid': 566.35, 'ask': 566.86}",352,566.88,566.95,566.35,566.69
2025-05-08 09:15:00,2025-05-08T10:15:00,2025-05-08T09:15:00,"{'bid': 566.7, 'ask': 566.88}","{'bid': 567.15, 'ask': 567.35}","{'bid': 567.31, 'ask': 567.85}","{'bid': 566.65, 'ask': 566.84}",380,566.7,567.31,566.65,567.15
2025-05-08 09:30:00,2025-05-08T10:30:00,2025-05-08T09:30:00,"{'bid': 567.18, 'ask': 567.36}","{'bid': 567.57, 'ask': 567.76}","{'bid': 567.59, 'ask': 568.05}","{'bid': 566.81, 'ask': 567.32}",423,567.18,567.59,566.81,567.57
2025-05-08 09:45:00,2025-05-08T10:45:00,2025-05-08T09:45:00,"{'bid': 567.57, 'ask': 567.75}","{'bid': 567.4, 'ask': 567.56}","{'bid': 567.76, 'ask': 568.05}","{'bid': 567.37, 'ask': 567.55}",348,567.57,567.76,567.37,567.4
2025-05-08 10:00:00,2025-05-08T11:00:00,2025-05-08T10:00:00,"{'bid': 567.42, 'ask': 567.62}","{'bid': 567.39, 'ask': 567.57}","{'bid': 567.51, 'ask': 567.95}","{'bid': 566.95, 'ask': 567.33}",512,567.42,567.51,566.95,567.39
2025-05-08 10:15:00,2025-05-08T11:15:00,2025-05-08T10:15:00,"{'bid': 567.37, 'ask': 567.56}","{'bid': 567.46, 'ask': 567.65}","{'bid': 567.55, 'ask': 567.95}","{'bid': 567.26, 'ask': 567.45}",288,567.37,567.55,567.26,567.46
2025-05-08 10:30:00,2025-05-08T11:30:00,2025-05-08T10:30:00,"{'bid': 567.45, 'ask': 567.64}","{'bid': 567.38, 'ask': 567.59}","{'bid': 567.48, 'ask': 567.95}","{'bid': 566.95, 'ask': 567.28}",475,567.45,567.48,566.95,567.38
2025-05-08 10:45:00,2025-05-08T11:45:00,2025-05-08T10:45:00,"{'bid': 567.38, 'ask': 567.58}","{'bid': 567.86, 'ask': 568.05}","{'bid': 567.89, 'ask': 568.05}","{'bid': 567.3, 'ask': 567.49}",429,567.38,567.89,567.3,567.86
2025-05-08 11:00:00,2025-05-08T12:00:00,2025-05-08T11:00:00,"{'bid': 567.79, 'ask': 568.03}","{'bid': 567.18, 'ask': 567.35}","{'bid': 567.93, 'ask': 568.55}","{'bid': 566.95, 'ask': 567.35}",822,567.79,567.93,566.95,567.18
2025-05-08 11:15:00,2025-05-08T12:15:00,2025-05-08T11:15:00,"{'bid': 567.17, 'ask': 567.35}","{'bid': 566.98, 'ask': 567.18}","{'bid': 567.17, 'ask': 567.65}","{'bid': 566.65, 'ask': 567.13}",434,567.17,567.17,566.65,566.98
2025-05-08 11:30:00,2025-05-08T12:30:00,2025-05-08T11:30:00,"{'bid': 566.99, 'ask': 567.18}","{'bid': 566.32, 'ask': 566.49}","{'bid': 567.18, 'ask': 567.65}","{'bid': 566.05, 'ask': 566.43}",681,566.99,567.18,566.05,566.32
2025-05-08 11:45:00,2025-05-08T12:45:00,2025-05-08T11:45:00,"{'bid': 566.34, 'ask': 566.51}","{'bid': 566.33, 'ask': 566.5}","{'bid': 566.51, 'ask': 566.82}","{'bid': 565.76, 'ask': 566.05}",614,566.34,566.51,565.76,566.33
2025-05-08 12:00:00,2025-05-08T13:00:00,2025-05-08T12:00:00,"{'bid': 566.33, 'ask': 566.51}","{'bid': 566.41, 'ask': 566.6}","{'bid': 566.8, 'ask': 567.35}","{'bid': 565.87, 'ask': 566.36}",737,566.33,566.8,565.87,566.41
2025-05-08 12:15:00,2025-05-08T13:15:00,2025-05-08T12:15:00,"{'bid': 566.4, 'ask': 566.58}","{'bid': 564.96, 'ask': 566.55}","{'bid': 566.7, 'ask': 567.05}","{'bid': 564.96, 'ask': 566.4}",1047,566.4,566.7,564.96,564.96
2025-05-08 12:30:00,2025-05-08T13:30:00,2025-05-08T12:30:00,"{'bid': 566.25, 'ask': 566.55}","{'bid': 565.08, 'ask': 565.27}","{'bid': 566.79, 'ask': 566.96}","{'bid': 564.25, 'ask': 564.58}",3008,566.25,566.79,564.25,565.08
2025-05-08 12:45:00,2025-05-08T13:45:00,2025-05-08T12:45:00,"{'bid': 565.09, 'ask': 565.27}","{'bid': 565.6, 'ask': 565.75}","{'bid': 566.26, 'ask': 566.43}","{'bid': 564.85, 'ask': 565.1}",1660,565.09,566.26,564.85,565.6
2025-05-08 13:00:00,2025-05-08T14:00:00,2025-05-08T13:00:00,"{'bid': 565.59, 'ask': 565.76}","{'bid': 565.18, 'ask': 565.33}","{'bid': 565.74, 'ask': 566.08}","{'bid': 565.11, 'ask': 565.27}",1269,565.59,565.74,565.11,565.18
2025-05-08 13:15:00,2025-05-08T14:15:00,2025-05-08T13:15:00,"{'bid': 565.21, 'ask': 565.38}","{'bid': 565.16, 'ask': 565.33}","{'bid': 565.74, 'ask': 566.19}","{'bid': 565.06, 'ask': 565.18}",1402,565.21,565.74,565.06,565.16
2025-05-08 13:30:00,2025-05-08T14:30:00,2025-05-08T13:30:00,"{'bid': 565.16, 'ask': 565.34}","{'bid': 564.75, 'ask': 564.88}","{'bid': 565.55, 'ask': 565.7}","{'bid': 564.07, 'ask': 564.19}",5722,565.16,565.55,564.07,564.75
2025-05-08 13:45:00,2025-05-08T14:45:00,2025-05-08T13:45:00,"{'bid': 564.77, 'ask': 564.89}","{'bid': 564.08, 'ask': 564.21}","{'bid': 564.78, 'ask': 564.91}","{'bid': 563.5, 'ask': 563.62}",4590,564.77,564.78,563.5,564.08
2025-05-08 14:00:00,2025-05-08T15:00:00,2025-05-08T14:00:00,"{'bid': 564.08, 'ask': 564.24}","{'bid': 562.79, 'ask': 562.91}","{'bid': 564.76, 'ask': 564.89}","{'bid': 562.25, 'ask': 562.38}",4578,564.08,564.76,562.25,562.79
2025-05-08 14:15:00,2025-05-08T15:15:00,2025-05-08T14:15:00,"{'bid': 562.78, 'ask': 562.92}","{'bid': 564.39, 'ask': 564.53}","{'bid': 564.55, 'ask': 564.85}","{'bid': 562.63, 'ask': 562.76}",5154,562.78,564.55,562.63,564.39
2025-05-08 14:30:00,2025-05-08T15:30:00,2025-05-08T14:30:00,"{'bid': 564.39, 'ask': 564.52}","{'bid': 563.87, 'ask': 563.99}","{'bid': 565.1, 'ask': 565.23}","{'bid': 563.2, 'ask': 563.33}",4791,564.39,565.1,563.2,563.87
2025-05-08 14:45:00,2025-05-08T15:45:00,2025-05-08T14:45:00,"{'bid': 563.87, 'ask': 564.01}","{'bid': 562.53, 'ask': 562.69}","{'bid': 564.2, 'ask': 564.35}","{'bid': 561.64, 'ask': 561.77}",5136,563.87,564.2,561.64,562.53
2025-05-08 15:00:00,2025-05-08T16:00:00,2025-05-08T15:00:00,"{'bid': 562.53, 'ask': 562.66}","{'bid': 564.28, 'ask': 564.41}","{'bid': 564.35, 'ask': 564.5}","{'bid': 561.98, 'ask': 562.12}",4701,562.53,564.35,561.98,564.28
2025-05-08 15:15:00,2025-05-08T16:15:00,2025-05-08T15:15:00,"{'bid': 564.26, 'ask': 564.41}","{'bid': 566.14, 'ask': 566.3}","{'bid': 566.98, 'ask': 567.13}","{'bid': 564.08, 'ask': 564.22}",4273,564.26,566.98,564.08,566.14
2025-05-08 15:30:00,2025-05-08T16:30:00,2025-05-08T15:30:00,"{'bid': 566.05, 'ask': 566.26}","{'bid': 568.99, 'ask': 569.13}","{'bid': 569.32, 'ask': 569.44}","{'bid': 565.39, 'ask': 565.53}",5340,566.05,569.32,565.39,568.99
2025-05-08 15:45:00,2025-05-08T16:45:00,2025-05-08T15:45:00,"{'bid': 569.01, 'ask': 569.14}","{'bid': 568.32, 'ask': 568.44}","{'bid': 569.53, 'ask': 569.66}","{'bid': 568.04, 'ask': 568.17}",5148,569.01,569.53,568.04,568.32
2025-05-08 16:00:00,2025-05-08T17:00:00,2025-05-08T16:00:00,"{'bid': 568.31, 'ask': 568.44}","{'bid': 569.18, 'ask': 569.3}","{'bid': 569.27, 'ask': 569.41}","{'bid': 568.27, 'ask': 568.39}",3450,568.31,569.27,568.27,569.18
2025-05-08 16:15:00,2025-05-08T17:15:00,2025-05-08T16:15:00,"{'bid': 569.16, 'ask': 569.29}","{'bid': 568.72, 'ask': 568.85}","{'bid': 569.62, 'ask': 569.76}","{'bid': 568.67, 'ask': 568.8}",3140,569.16,569.62,568.67,568.72
2025-05-08 16:30:00,2025-05-08T17:30:00,2025-05-08T16:30:00,"{'bid': 568.73, 'ask': 568.85}","{'bid': 569.64, 'ask': 569.77}","{'bid': 569.74, 'ask': 569.87}","{'bid': 568.64, 'ask': 568.76}",2715,568.73,569.74,568.64,569.64
2025-05-08 16:45:00,2025-05-08T17:45:00,2025-05-08T16:45:00,"{'bid': 569.64, 'ask': 569.76}","{'bid': 570.06, 'ask': 570.18}","{'bid': 570.26, 'ask': 570.38}","{'bid': 569.4, 'ask': 569.52}",2418,569.64,570.26,569.4,570.06
2025-05-08 17:00:00,2025-05-08T18:00:00,2025-05-08T17:00:00,"{'bid': 570.04, 'ask': 570.17}","{'bid': 569.22, 'ask': 569.34}","{'bid': 570.14, 'ask': 570.26}","{'bid': 568.98, 'ask': 569.12}",2641,570.04,570.14,568.98,569.22
2025-05-08 17:15:00,2025-05-08T18:15:00,2025-05-08T17:15:00,"{'bid': 569.2, 'ask': 569.33}","{'bid': 569.13, 'ask': 569.26}","{'bid': 569.53, 'ask': 569.66}","{'bid': 568.83, 'ask': 568.96}",2270,569.2,569.53,568.83,569.13
2025-05-08 17:30:00,2025-05-08T18:30:00,2025-05-08T17:30:00,"{'bid': 569.14, 'ask': 569.26}","{'bid': 568.67, 'ask': 568.8}","{'bid': 569.32, 'ask': 569.44}","{'bid': 568.24, 'ask': 568.36}",2853,569.14,569.32,568.24,568.67
2025-05-08 17:45:00,2025-05-08T18:45:00,2025-05-08T17:45:00,"{'bid': 568.66, 'ask': 568.79}","{'bid': 567.62, 'ask': 567.76}","{'bid': 568.79, 'ask': 568.92}","{'bid': 567.55, 'ask': 567.68}",2769,568.66,568.79,567.55,567.62
2025-05-08 18:00:00,2025-05-08T19:00:00,2025-05-08T18:00:00,"{'bid': 567.62, 'ask': 567.75}","{'bid': 568.21, 'ask': 568.34}","{'bid': 568.37, 'ask': 568.49}","{'bid': 567.36, 'ask': 567.49}",3064,567.62,568.37,567.36,568.21
2025-05-08 18:15:00,2025-05-08T19:15:00,2025-05-08T18:15:00,"{'bid': 568.23, 'ask': 568.35}","{'bid': 567.97, 'ask': 568.09}","{'bid': 568.63, 'ask': 568.76}","{'bid': 567.89, 'ask': 568.01}",2532,568.23,568.63,567.89,567.97
2025-05-08 18:30:00,2025-05-08T19:30:00,2025-05-08T18:30:00,"{'bid': 567.97, 'ask': 568.1}","{'bid': 569.0, 'ask': 569.12}","{'bid': 569.07, 'ask': 569.19}","{'bid': 567.96, 'ask': 568.09}",2085,567.97,569.07,567.96,569.0
2025-05-08 18:45:00,2025-05-08T19:45:00,2025-05-08T18:45:00,"{'bid': 568.99, 'ask': 569.12}","{'bid': 568.28, 'ask': 568.41}","{'bid': 568.99, 'ask': 569.12}","{'bid': 568.24, 'ask': 568.36}",2488,568.99,568.99,568.24,568.28
2025-05-08 19:00:00,2025-05-08T20:00:00,2025-05-08T19:00:00,"{'bid': 568.27, 'ask': 568.4}","{'bid': 567.82, 'ask': 567.95}","{'bid': 568.35, 'ask': 568.48}","{'bid': 567.57, 'ask': 567.69}",3085,568.27,568.35,567.57,567.82
2025-05-08 19:15:00,2025-05-08T20:15:00,2025-05-08T19:15:00,"{'bid': 567.82, 'ask': 567.94}","{'bid': 568.96, 'ask': 569.08}","{'bid': 569.29, 'ask': 569.48}","{'bid': 567.65, 'ask': 567.77}",3975,567.82,569.29,567.65,568.96
2025-05-08 19:30:00,2025-05-08T20:30:00,2025-05-08T19:30:00,"{'bid': 568.96, 'ask': 569.09}","{'bid': 567.52, 'ask': 567.64}","{'bid': 569.06, 'ask': 569.18}","{'bid': 567.39, 'ask': 567.54}",3279,568.96,569.06,567.39,567.52
2025-05-08 19:45:00,2025-05-08T20:45:00,2025-05-08T19:45:00,"{'bid': 567.53, 'ask': 567.66}","{'bid': 564.8, 'ask': 564.92}","{'bid': 567.54, 'ask': 567.66}","{'bid': 564.48, 'ask': 564.61}",5166,567.53,567.54,564.48,564.8
2025-05-08 20:00:00,2025-05-08T21:00:00,2025-05-08T20:00:00,"{'bid': 564.81, 'ask': 564.94}","{'bid': 564.71, 'ask': 564.91}","{'bid': 565.53, 'ask': 566.05}","{'bid': 564.71, 'ask': 564.86}",1813,564.81,565.53,564.71,564.71
2025-05-08 20:15:00,2025-05-08T21:15:00,2025-05-08T20:15:00,"{'bid': 564.73, 'ask': 564.91}","{'bid': 564.78, 'ask': 564.93}","{'bid': 564.95, 'ask': 565.1}","{'bid': 564.55, 'ask': 564.8}",579,564.73,564.95,564.55,564.78
2025-05-08 20:30:00,2025-05-08T21:30:00,2025-05-08T20:30:00,"{'bid': 564.79, 'ask': 564.95}","{'bid': 564.93, 'ask': 565.13}","{'bid': 565.04, 'ask': 565.55}","{'bid': 564.75, 'ask': 564.88}",293,564.79,565.04,564.75,564.93
2025-05-08 20:45:00,2025-05-08T21:45:00,2025-05-08T20:45:00,"{'bid': 564.93, 'ask': 565.55}","{'bid': 564.29, 'ask': 564.97}","{'bid': 565.09, 'ask': 565.55}","{'bid': 564.29, 'ask': 564.74}",464,564.93,565.09,564.29,564.29
2025-05-08 21:00:00,2025-05-08T22:00:00,2025-05-08T21:00:00,"{'bid': 564.29, 'ask': 565.25}","{'bid': 564.9, 'ask': 565.06}","{'bid': 564.95, 'ask': 565.25}","{'bid': 564.29, 'ask': 565.02}",37,564.29,564.95,564.29,564.9
2025-05-08 21:15:00,2025-05-08T22:15:00,2025-05-08T21:15:00,"{'bid': 564.8, 'ask': 565.05}","{'bid': 564.75, 'ask': 565.13}","{'bid': 565.01, 'ask': 565.3}","{'bid': 564.75, 'ask': 564.96}",56,564.8,565.01,564.75,564.75
2025-05-08 21:30:00,2025-05-08T22:30:00,2025-05-08T21:30:00,"{'bid': 564.75, 'ask': 565.3}","{'bid': 564.95, 'ask': 565.16}","{'bid': 565.08, 'ask': 565.3}","{'bid': 564.75, 'ask': 565.11}",65,564.75,565.08,564.75,564.95
2025-05-08 21:45:00,2025-05-08T22:45:00,2025-05-08T21:45:00,"{'bid': 564.95, 'ask': 565.25}","{'bid': 565.09, 'ask': 565.23}","{'bid': 565.1, 'ask': 565.25}","{'bid': 564.95, 'ask': 565.1}",64,564.95,565.1,564.95,565.09
2025-05-08 22:00:00,2025-05-08T23:00:00,2025-05-08T22:00:00,"{'bid': 565.08, 'ask': 565.23}","{'bid': 564.84, 'ask': 564.99}","{'bid': 565.13, 'ask': 565.65}","{'bid': 564.5, 'ask': 564.69}",288,565.08,565.13,564.5,564.84
2025-05-08 22:15:00,2025-05-08T23:15:00,2025-05-08T22:15:00,"{'bid': 564.84, 'ask': 564.98}","{'bid': 564.9, 'ask': 565.55}","{'bid': 564.96, 'ask': 565.55}","{'bid': 564.25, 'ask': 564.9}",148,564.84,564.96,564.25,564.9
2025-05-08 22:30:00,2025-05-08T23:30:00,2025-05-08T22:30:00,"{'bid': 564.87, 'ask': 565.05}","{'bid': 564.9, 'ask': 565.05}","{'bid': 564.9, 'ask': 565.05}","{'bid': 563.96, 'ask': 564.58}",373,564.87,564.9,563.96,564.9
2025-05-08 22:45:00,2025-05-08T23:45:00,2025-05-08T22:45:00,"{'bid': 564.9, 'ask': 565.03}","{'bid': 564.8, 'ask': 564.99}","{'bid': 564.9, 'ask': 565.05}","{'bid': 564.65, 'ask': 564.86}",149,564.9,564.9,564.65,564.8
2025-05-08 23:00:00,2025-05-09T00:00:00,2025-05-08T23:00:00,"{'bid': 564.8, 'ask': 565.05}","{'bid': 564.91, 'ask': 565.14}","{'bid': 565.01, 'ask': 565.55}","{'bid': 564.6, 'ask': 564.73}",335,564.8,565.01,564.6,564.91
2025-05-08 23:15:00,2025-05-09T00:15:00,2025-05-08T23:15:00,"{'bid': 564.9, 'ask': 565.11}","{'bid': 564.42, 'ask': 564.64}","{'bid': 564.94, 'ask': 565.17}","{'bid': 564.0, 'ask': 564.5}",367,564.9,564.94,564.0,564.42
2025-05-08 23:30:00,2025-05-09T00:30:00,2025-05-08T23:30:00,"{'bid': 564.43, 'ask': 564.64}","{'bid': 564.07, 'ask': 564.28}","{'bid': 564.52, 'ask': 564.95}","{'bid': 563.71, 'ask': 564.15}",456,564.43,564.52,563.71,564.07
2025-05-08 23:45:00,2025-05-09T00:45:00,2025-05-08T23:45:00,"{'bid': 564.07, 'ask': 564.29}","{'bid': 564.2, 'ask': 564.42}","{'bid': 564.29, 'ask': 564.65}","{'bid': 563.87, 'ask': 564.12}",516,564.07,564.29,563.87,564.2
2025-05-09 08:00:00,2025-05-09T09:00:00,2025-05-09T08:00:00,"{'bid': 565.18, 'ask': 565.44}","{'bid': 565.02, 'ask': 565.19}","{'bid': 565.47, 'ask': 565.85}","{'bid': 564.88, 'ask': 565.13}",765,565.18,565.47,564.88,565.02
2025-05-09 08:15:00,2025-05-09T09:15:00,2025-05-09T08:15:00,"{'bid': 565.0, 'ask': 565.19}","{'bid': 565.31, 'ask': 565.52}","{'bid': 565.46, 'ask': 565.85}","{'bid': 564.25, 'ask': 564.9}",739,565.0,565.46,564.25,565.31
2025-05-09 08:30:00,2025-05-09T09:30:00,2025-05-09T08:30:00,"{'bid': 565.29, 'ask': 565.51}","{'bid': 565.01, 'ask': 565.22}","{'bid': 565.44, 'ask': 565.85}","{'bid': 564.9, 'ask': 565.12}",538,565.29,565.44,564.9,565.01
2025-05-09 08:45:00,2025-05-09T09:45:00,2025-05-09T08:45:00,"{'bid': 565.02, 'ask': 565.23}","{'bid': 565.02, 'ask': 565.22}","{'bid': 565.14, 'ask': 565.55}","{'bid': 564.77, 'ask': 564.97}",474,565.02,565.14,564.77,565.02
2025-05-09 09:00:00,2025-05-09T10:00:00,2025-05-09T09:00:00,"{'bid': 564.99, 'ask': 565.21}","{'bid': 565.34, 'ask': 565.53}","{'bid': 565.43, 'ask': 565.84}","{'bid': 564.96, 'ask': 565.17}",397,564.99,565.43,564.96,565.34
2025-05-09 09:15:00,2025-05-09T10:15:00,2025-05-09T09:15:00,"{'bid': 565.33, 'ask': 565.52}","{'bid': 565.22, 'ask': 565.42}","{'bid': 565.45, 'ask': 565.64}","{'bid': 564.86, 'ask': 565.31}",383,565.33,565.45,564.86,565.22
2025-05-09 09:30:00,2025-05-09T10:30:00,2025-05-09T09:30:00,"{'bid': 565.23, 'ask': 565.42}","{'bid': 565.53, 'ask': 565.7}","{'bid': 565.61, 'ask': 566.1}","{'bid': 565.03, 'ask': 565.24}",389,565.23,565.61,565.03,565.53
2025-05-09 09:45:00,2025-05-09T10:45:00,2025-05-09T09:45:00,"{'bid': 565.55, 'ask': 565.7}","{'bid': 565.69, 'ask': 565.89}","{'bid': 565.73, 'ask': 565.92}","{'bid': 565.46, 'ask': 565.66}",245,565.55,565.73,565.46,565.69
2025-05-09 10:00:00,2025-05-09T11:00:00,2025-05-09T10:00:00,"{'bid': 565.7, 'ask': 565.89}","{'bid': 566.26, 'ask': 566.44}","{'bid': 566.27, 'ask': 566.46}","{'bid': 565.67, 'ask': 565.88}",285,565.7,566.27,565.67,566.26
2025-05-09 10:15:00,2025-05-09T11:15:00,2025-05-09T10:15:00,"{'bid': 566.27, 'ask': 566.45}","{'bid': 566.4, 'ask': 566.58}","{'bid': 566.49, 'ask': 566.67}","{'bid': 566.13, 'ask': 566.32}",331,566.27,566.49,566.13,566.4
2025-05-09 10:30:00,2025-05-09T11:30:00,2025-05-09T10:30:00,"{'bid': 566.38, 'ask': 566.58}","{'bid': 566.52, 'ask': 566.73}","{'bid': 566.76, 'ask': 567.26}","{'bid': 566.16, 'ask': 566.56}",376,566.38,566.76,566.16,566.52
2025-05-09 10:45:00,2025-05-09T11:45:00,2025-05-09T10:45:00,"{'bid': 566.52, 'ask': 566.72}","{'bid': 566.43, 'ask': 566.63}","{'bid': 566.59, 'ask': 567.05}","{'bid': 566.08, 'ask': 566.51}",473,566.52,566.59,566.08,566.43
2025-05-09 11:00:00,2025-05-09T12:00:00,2025-05-09T11:00:00,"{'bid': 566.46, 'ask': 566.68}","{'bid': 566.92, 'ask': 567.05}","{'bid': 566.93, 'ask': 567.05}","{'bid': 566.27, 'ask': 566.47}",537,566.46,566.93,566.27,566.92
2025-05-09 11:15:00,2025-05-09T12:15:00,2025-05-09T11:15:00,"{'bid': 566.9, 'ask': 567.05}","{'bid': 565.68, 'ask': 565.92}","{'bid': 567.81, 'ask': 575.05}","{'bid': 559.95, 'ask': 564.32}",1169,566.9,567.81,559.95,565.68
2025-05-09 11:30:00,2025-05-09T12:30:00,2025-05-09T11:30:00,"{'bid': 565.56, 'ask': 565.84}","{'bid': 565.97, 'ask': 566.17}","{'bid': 566.23, 'ask': 566.75}","{'bid': 564.55, 'ask': 565.0}",1781,565.56,566.23,564.55,565.97
2025-05-09 11:45:00,2025-05-09T12:45:00,2025-05-09T11:45:00,"{'bid': 565.97, 'ask': 566.18}","{'bid': 566.07, 'ask': 566.25}","{'bid': 566.73, 'ask': 567.05}","{'bid': 565.75, 'ask': 566.13}",1385,565.97,566.73,565.75,566.07
2025-05-09 12:00:00,2025-05-09T13:00:00,2025-05-09T12:00:00,"{'bid': 566.03, 'ask': 566.24}","{'bid': 566.04, 'ask': 566.2}","{'bid': 566.73, 'ask': 567.04}","{'bid': 565.46, 'ask': 565.99}",1599,566.03,566.73,565.46,566.04
2025-05-09 12:15:00,2025-05-09T13:15:00,2025-05-09T12:15:00,"{'bid': 566.03, 'ask': 566.19}","{'bid': 565.95, 'ask': 566.1}","{'bid': 566.27, 'ask': 566.52}","{'bid': 565.85, 'ask': 566.02}",1178,566.03,566.27,565.85,565.95
2025-05-09 12:30:00,2025-05-09T13:30:00,2025-05-09T12:30:00,"{'bid': 565.95, 'ask': 566.09}","{'bid': 566.87, 'ask': 567.04}","{'bid': 567.39, 'ask': 567.95}","{'bid': 565.15, 'ask': 566.05}",1225,565.95,567.39,565.15,566.87
2025-05-09 12:45:00,2025-05-09T13:45:00,2025-05-09T12:45:00,"{'bid': 566.88, 'ask': 567.04}","{'bid': 566.7, 'ask': 566.84}","{'bid': 566.99, 'ask': 567.19}","{'bid': 566.59, 'ask': 566.79}",595,566.88,566.99,566.59,566.7
2025-05-09 13:00:00,2025-05-09T14:00:00,2025-05-09T13:00:00,"{'bid': 566.71, 'ask': 566.89}","{'bid': 567.07, 'ask': 567.23}","{'bid': 567.41, 'ask': 567.95}","{'bid': 566.71, 'ask': 566.89}",845,566.71,567.41,566.71,567.07
2025-05-09 13:15:00,2025-05-09T14:15:00,2025-05-09T13:15:00,"{'bid': 567.08, 'ask': 567.23}","{'bid': 566.36, 'ask': 566.53}","{'bid': 567.17, 'ask': 567.6}","{'bid': 566.29, 'ask': 566.46}",1403,567.08,567.17,566.29,566.36
2025-05-09 13:30:00,2025-05-09T14:30:00,2025-05-09T13:30:00,"{'bid': 566.37, 'ask': 566.53}","{'bid': 566.15, 'ask': 566.27}","{'bid': 567.43, 'ask': 567.56}","{'bid': 566.06, 'ask': 566.19}",4857,566.37,567.43,566.06,566.15
2025-05-09 13:45:00,2025-05-09T14:45:00,2025-05-09T13:45:00,"{'bid': 566.15, 'ask': 566.29}","{'bid': 566.94, 'ask': 567.07}","{'bid': 567.05, 'ask': 567.17}","{'bid': 565.76, 'ask': 565.89}",4046,566.15,567.05,565.76,566.94
2025-05-09 14:00:00,2025-05-09T15:00:00,2025-05-09T14:00:00,"{'bid': 566.93, 'ask': 567.06}","{'bid': 566.67, 'ask': 566.81}","{'bid': 567.29, 'ask': 567.41}","{'bid': 566.38, 'ask': 566.52}",3397,566.93,567.29,566.38,566.67
2025-05-09 14:15:00,2025-05-09T15:15:00,2025-05-09T14:15:00,"{'bid': 566.67, 'ask': 566.8}","{'bid': 564.38, 'ask': 564.52}","{'bid': 566.67, 'ask': 566.8}","{'bid': 563.77, 'ask': 563.9}",3804,566.67,566.67,563.77,564.38
2025-05-09 14:30:00,2025-05-09T15:30:00,2025-05-09T14:30:00,"{'bid': 564.39, 'ask': 564.52}","{'bid': 564.06, 'ask': 564.2}","{'bid': 564.7, 'ask': 564.82}","{'bid': 562.74, 'ask': 562.87}",4684,564.39,564.7,562.74,564.06
2025-05-09 14:45:00,2025-05-09T15:45:00,2025-05-09T14:45:00,"{'bid': 564.08, 'ask': 564.21}","{'bid': 564.49, 'ask': 564.63}","{'bid': 564.73, 'ask': 564.94}","{'bid': 563.54, 'ask': 563.67}",3784,564.08,564.73,563.54,564.49
2025-05-09 15:00:00,2025-05-09T16:00:00,2025-05-09T15:00:00,"{'bid': 564.5, 'ask': 564.64}","{'bid': 564.68, 'ask': 564.8}","{'bid': 565.21, 'ask': 565.34}","{'bid': 564.16, 'ask': 564.29}",2838,564.5,565.21,564.16,564.68
2025-05-09 15:15:00,2025-05-09T16:15:00,2025-05-09T15:15:00,"{'bid': 564.68, 'ask': 564.81}","{'bid': 564.5, 'ask': 564.63}","{'bid': 565.07, 'ask': 565.2}","{'bid': 563.91, 'ask': 564.04}",3036,564.68,565.07,563.91,564.5
2025-05-09 15:30:00,2025-05-09T16:30:00,2025-05-09T15:30:00,"{'bid': 564.48, 'ask': 564.61}","{'bid': 564.61, 'ask': 564.75}","{'bid': 565.0, 'ask': 565.13}","{'bid': 563.81, 'ask': 563.94}",3160,564.48,565.0,563.81,564.61
2025-05-09 15:45:00,2025-05-09T16:45:00,2025-05-09T15:45:00,"{'bid': 564.6, 'ask': 564.75}","{'bid': 565.49, 'ask': 565.63}","{'bid': 565.52, 'ask': 565.65}","{'bid': 564.44, 'ask': 564.56}",2427,564.6,565.52,564.44,565.49
2025-05-09 16:00:00,2025-05-09T17:00:00,2025-05-09T16:00:00,"{'bid': 565.48, 'ask': 565.63}","{'bid': 564.25, 'ask': 564.37}","{'bid': 565.57, 'ask': 565.7}","{'bid': 563.38, 'ask': 563.51}",2854,565.48,565.57,563.38,564.25
2025-05-09 16:15:00,2025-05-09T17:15:00,2025-05-09T16:15:00,"{'bid': 564.26, 'ask': 564.39}","{'bid': 563.8, 'ask': 563.94}","{'bid': 564.45, 'ask': 564.59}","{'bid': 563.76, 'ask': 563.89}",2437,564.26,564.45,563.76,563.8
2025-05-09 16:30:00,2025-05-09T17:30:00,2025-05-09T16:30:00,"{'bid': 563.8, 'ask': 563.93}","{'bid': 563.69, 'ask': 563.81}","{'bid': 564.44, 'ask': 564.57}","{'bid': 563.51, 'ask': 563.66}",2375,563.8,564.44,563.51,563.69
2025-05-09 16:45:00,2025-05-09T17:45:00,2025-05-09T16:45:00,"{'bid': 563.68, 'ask': 563.81}","{'bid': 563.32, 'ask': 563.44}","{'bid': 563.92, 'ask': 564.04}","{'bid': 563.01, 'ask': 563.15}",2325,563.68,563.92,563.01,563.32
2025-05-09 17:00:00,2025-05-09T18:00:00,2025-05-09T17:00:00,"{'bid': 563.33, 'ask': 563.46}","{'bid': 563.36, 'ask': 563.49}","{'bid': 564.05, 'ask': 564.18}","{'bid': 562.97, 'ask': 563.09}",2481,563.33,564.05,562.97,563.36
2025-05-09 17:15:00,2025-05-09T18:15:00,2025-05-09T17:15:00,"{'bid': 563.35, 'ask': 563.49}","{'bid': 563.89, 'ask': 564.02}","{'bid': 564.36, 'ask': 564.49}","{'bid': 562.8, 'ask': 562.94}",2538,563.35,564.36,562.8,563.89
2025-05-09 17:30:00,2025-05-09T18:30:00,2025-05-09T17:30:00,"{'bid': 563.9, 'ask': 564.03}","{'bid': 564.71, 'ask': 564.83}","{'bid': 564.85, 'ask': 564.97}","{'bid': 563.46, 'ask': 563.59}",2137,563.9,564.85,563.46,564.71
2025-05-09 17:45:00,2025-05-09T18:45:00,2025-05-09T17:45:00,"{'bid': 564.71, 'ask': 564.84}","{'bid': 565.17, 'ask': 565.29}","{'bid': 565.29, 'ask': 565.41}","{'bid': 564.42, 'ask': 564.54}",1620,564.71,565.29,564.42,565.17
2025-05-09 18:00:00,2025-05-09T19:00:00,2025-05-09T18:00:00,"{'bid': 565.16, 'ask': 565.29}","{'bid': 564.72, 'ask': 564.84}","{'bid': 565.23, 'ask': 565.35}","{'bid': 564.54, 'ask': 564.66}",1724,565.16,565.23,564.54,564.72
2025-05-09 18:15:00,2025-05-09T19:15:00,2025-05-09T18:15:00,"{'bid': 564.69, 'ask': 564.82}","{'bid': 564.25, 'ask': 564.37}","{'bid': 564.95, 'ask': 565.07}","{'bid': 564.01, 'ask': 564.15}",2062,564.69,564.95,564.01,564.25
2025-05-09 18:30:00,2025-05-09T19:30:00,2025-05-09T18:30:00,"{'bid': 564.24, 'ask': 564.37}","{'bid': 564.48, 'ask': 564.62}","{'bid': 564.72, 'ask': 564.85}","{'bid': 564.17, 'ask': 564.3}",1882,564.24,564.72,564.17,564.48
2025-05-09 18:45:00,2025-05-09T19:45:00,2025-05-09T18:45:00,"{'bid': 564.49, 'ask': 564.62}","{'bid': 564.78, 'ask': 564.9}","{'bid': 565.04, 'ask': 565.16}","{'bid': 564.42, 'ask': 564.55}",1507,564.49,565.04,564.42,564.78
2025-05-09 19:00:00,2025-05-09T20:00:00,2025-05-09T19:00:00,"{'bid': 564.77, 'ask': 564.9}","{'bid': 565.4, 'ask': 565.53}","{'bid': 565.82, 'ask': 565.95}","{'bid': 564.77, 'ask': 564.89}",2092,564.77,565.82,564.77,565.4
2025-05-09 19:15:00,2025-05-09T20:15:00,2025-05-09T19:15:00,"{'bid': 565.4, 'ask': 565.52}","{'bid': 564.88, 'ask': 565.01}","{'bid': 565.5, 'ask': 565.63}","{'bid': 564.79, 'ask': 564.91}",2130,565.4,565.5,564.79,564.88
2025-05-09 19:30:00,2025-05-09T20:30:00,2025-05-09T19:30:00,"{'bid': 564.9, 'ask': 565.04}","{'bid': 564.69, 'ask': 564.82}","{'bid': 565.1, 'ask': 565.23}","{'bid': 564.12, 'ask': 564.25}",2788,564.9,565.1,564.12,564.69
2025-05-09 19:45:00,2025-05-09T20:45:00,2025-05-09T19:45:00,"{'bid': 564.7, 'ask': 564.83}","{'bid': 564.25, 'ask': 564.38}","{'bid': 565.0, 'ask': 565.12}","{'bid': 564.05, 'ask': 564.17}",3673,564.7,565.0,564.05,564.25
2025-05-09 20:00:00,2025-05-09T21:00:00,2025-05-09T20:00:00,"{'bid': 564.26, 'ask': 564.38}","{'bid': 564.36, 'ask': 564.5}","{'bid': 564.63, 'ask': 564.88}","{'bid': 563.71, 'ask': 564.02}",1155,564.26,564.63,563.71,564.36
2025-05-09 20:15:00,2025-05-09T21:15:00,2025-05-09T20:15:00,"{'bid': 564.35, 'ask': 564.52}","{'bid': 564.23, 'ask': 564.38}","{'bid': 564.5, 'ask': 564.66}","{'bid': 564.06, 'ask': 564.34}",315,564.35,564.5,564.06,564.23
2025-05-09 20:30:00,2025-05-09T21:30:00,2025-05-09T20:30:00,"{'bid': 564.21, 'ask': 564.36}","{'bid': 564.3, 'ask': 564.43}","{'bid': 564.38, 'ask': 564.74}","{'bid': 564.08, 'ask': 564.23}",254,564.21,564.38,564.08,564.3
2025-05-09 20:45:00,2025-05-09T21:45:00,2025-05-09T20:45:00,"{'bid': 564.3, 'ask': 564.44}","{'bid': 564.61, 'ask': 565.0}","{'bid': 564.83, 'ask': 565.05}","{'bid': 564.24, 'ask': 564.41}",400,564.3,564.83,564.24,564.61
2025-05-12 08:00:00,2025-05-12T09:00:00,2025-05-12T08:00:00,"{'bid': 578.05, 'ask': 578.74}","{'bid': 578.56, 'ask': 578.76}","{'bid': 578.97, 'ask': 579.5}","{'bid': 577.9, 'ask': 578.25}",2187,578.05,578.97,577.9,578.56
2025-05-12 08:15:00,2025-05-12T09:15:00,2025-05-12T08:15:00,"{'bid': 578.54, 'ask': 578.76}","{'bid': 578.67, 'ask': 578.87}","{'bid': 579.08, 'ask': 579.5}","{'bid': 577.75, 'ask': 578.07}",1667,578.54,579.08,577.75,578.67
2025-05-12 08:30:00,2025-05-12T09:30:00,2025-05-12T08:30:00,"{'bid': 578.67, 'ask': 578.88}","{'bid': 579.15, 'ask': 579.36}","{'bid': 579.19, 'ask': 579.49}","{'bid': 578.21, 'ask': 578.43}",1240,578.67,579.19,578.21,579.15
2025-05-12 08:45:00,2025-05-12T09:45:00,2025-05-12T08:45:00,"{'bid': 579.15, 'ask': 579.35}","{'bid': 579.36, 'ask': 579.54}","{'bid': 579.96, 'ask': 580.4}","{'bid': 579.08, 'ask': 579.28}",1147,579.15,579.96,579.08,579.36
2025-05-12 09:00:00,2025-05-12T10:00:00,2025-05-12T09:00:00,"{'bid': 579.35, 'ask': 579.54}","{'bid': 579.84, 'ask': 580.06}","{'bid': 580.15, 'ask': 580.55}","{'bid': 579.35, 'ask': 579.49}",883,579.35,580.15,579.35,579.84
2025-05-12 09:15:00,2025-05-12T10:15:00,2025-05-12T09:15:00,"{'bid': 579.82, 'ask': 580.02}","{'bid': 579.86, 'ask': 580.09}","{'bid': 580.01, 'ask': 580.55}","{'bid': 579.22, 'ask': 579.42}",916,579.82,580.01,579.22,579.86
2025-05-12 09:30:00,2025-05-12T10:30:00,2025-05-12T09:30:00,"{'bid': 579.89, 'ask': 580.11}","{'bid': 580.06, 'ask': 580.24}","{'bid': 580.17, 'ask': 580.55}","{'bid': 579.55, 'ask': 580.04}",687,579.89,580.17,579.55,580.06
2025-05-12 09:45:00,2025-05-12T10:45:00,2025-05-12T09:45:00,"{'bid': 580.06, 'ask': 580.23}","{'bid': 580.27, 'ask': 580.45}","{'bid': 580.34, 'ask': 580.84}","{'bid': 579.55, 'ask': 580.09}",580,580.06,580.34,579.55,580.27
2025-05-12 10:00:00,2025-05-12T11:00:00,2025-05-12T10:00:00,"{'bid': 580.25, 'ask': 580.45}","{'bid': 580.39, 'ask': 580.6}","{'bid': 580.57, 'ask': 580.85}","{'bid': 579.55, 'ask': 580.05}",1042,580.25,580.57,579.55,580.39
2025-05-12 10:15:00,2025-05-12T11:15:00,2025-05-12T10:15:00,"{'bid': 580.39, 'ask': 580.59}","{'bid': 581.08, 'ask': 581.27}","{'bid': 581.15, 'ask': 581.75}","{'bid': 580.1, 'ask': 580.43}",910,580.39,581.15,580.1,581.08
2025-05-12 10:30:00,2025-05-12T11:30:00,2025-05-12T10:30:00,"{'bid': 581.09, 'ask': 581.27}","{'bid': 581.09, 'ask': 581.3}","{'bid': 582.06, 'ask': 582.6}","{'bid': 580.75, 'ask': 581.23}",977,581.09,582.06,580.75,581.09
2025-05-12 10:45:00,2025-05-12T11:45:00,2025-05-12T10:45:00,"{'bid': 581.09, 'ask': 581.29}","{'bid': 582.16, 'ask': 582.37}","{'bid': 582.46, 'ask': 582.6}","{'bid': 580.45, 'ask': 581.03}",1280,581.09,582.46,580.45,582.16
2025-05-12 11:00:00,2025-05-12T12:00:00,2025-05-12T11:00:00,"{'bid': 582.16, 'ask': 582.38}","{'bid': 581.53, 'ask': 581.74}","{'bid': 582.89, 'ask': 583.04}","{'bid': 581.05, 'ask': 581.69}",1485,582.16,582.89,581.05,581.53
2025-05-12 11:15:00,2025-05-12T12:15:00,2025-05-12T11:15:00,"{'bid': 581.54, 'ask': 581.74}","{'bid': 581.68, 'ask': 581.88}","{'bid': 582.11, 'ask': 582.34}","{'bid': 581.29, 'ask': 581.54}",1235,581.54,582.11,581.29,581.68
2025-05-12 11:30:00,2025-05-12T12:30:00,2025-05-12T11:30:00,"{'bid': 581.7, 'ask': 581.91}","{'bid': 581.03, 'ask': 581.23}","{'bid': 581.82, 'ask': 582.33}","{'bid': 580.94, 'ask': 581.12}",1215,581.7,581.82,580.94,581.03
2025-05-12 11:45:00,2025-05-12T12:45:00,2025-05-12T11:45:00,"{'bid': 581.03, 'ask': 581.21}","{'bid': 580.96, 'ask': 581.15}","{'bid': 581.41, 'ask': 582.05}","{'bid': 579.86, 'ask': 580.35}",2035,581.03,581.41,579.86,580.96
2025-05-12 12:00:00,2025-05-12T13:00:00,2025-05-12T12:00:00,"{'bid': 580.95, 'ask': 581.14}","{'bid': 581.48, 'ask': 581.66}","{'bid': 581.5, 'ask': 581.85}","{'bid': 580.65, 'ask': 580.97}",1157,580.95,581.5,580.65,581.48
2025-05-12 12:15:00,2025-05-12T13:15:00,2025-05-12T12:15:00,"{'bid': 581.48, 'ask': 581.65}","{'bid': 582.47, 'ask': 582.63}","{'bid': 582.48, 'ask': 582.95}","{'bid': 581.29, 'ask': 581.48}",1023,581.48,582.48,581.29,582.47
2025-05-12 12:30:00,2025-05-12T13:30:00,2025-05-12T12:30:00,"{'bid': 582.49, 'ask': 582.64}","{'bid': 581.33, 'ask': 581.51}","{'bid': 582.49, 'ask': 582.77}","{'bid': 581.0, 'ask': 581.24}",968,582.49,582.49,581.0,581.33
2025-05-12 12:45:00,2025-05-12T13:45:00,2025-05-12T12:45:00,"{'bid': 581.29, 'ask': 581.49}","{'bid': 581.17, 'ask': 581.35}","{'bid': 581.6, 'ask': 581.78}","{'bid': 581.04, 'ask': 581.21}",820,581.29,581.6,581.04,581.17
2025-05-12 13:00:00,2025-05-12T14:00:00,2025-05-12T13:00:00,"{'bid': 581.2, 'ask': 581.35}","{'bid': 581.21, 'ask': 581.39}","{'bid': 581.73, 'ask': 581.86}","{'bid': 580.52, 'ask': 580.67}",1213,581.2,581.73,580.52,581.21
2025-05-12 13:15:00,2025-05-12T14:15:00,2025-05-12T13:15:00,"{'bid': 581.19, 'ask': 581.37}","{'bid': 581.37, 'ask': 581.53}","{'bid': 581.83, 'ask': 582.45}","{'bid': 580.88, 'ask': 581.3}",1481,581.19,581.83,580.88,581.37
2025-05-12 13:30:00,2025-05-12T14:30:00,2025-05-12T13:30:00,"{'bid': 581.39, 'ask': 581.56}","{'bid': 578.77, 'ask': 578.89}","{'bid': 581.66, 'ask': 581.78}","{'bid': 578.38, 'ask': 578.51}",7695,581.39,581.66,578.38,578.77
2025-05-12 13:45:00,2025-05-12T14:45:00,2025-05-12T13:45:00,"{'bid': 578.78, 'ask': 578.9}","{'bid': 578.72, 'ask': 578.85}","{'bid': 580.25, 'ask': 580.37}","{'bid': 578.29, 'ask': 578.41}",6112,578.78,580.25,578.29,578.72
2025-05-12 14:00:00,2025-05-12T15:00:00,2025-05-12T14:00:00,"{'bid': 578.71, 'ask': 578.84}","{'bid': 580.08, 'ask': 580.2}","{'bid': 580.13, 'ask': 580.26}","{'bid': 578.46, 'ask': 578.59}",5153,578.71,580.13,578.46,580.08
2025-05-12 14:15:00,2025-05-12T15:15:00,2025-05-12T14:15:00,"{'bid': 580.08, 'ask': 580.21}","{'bid': 578.17, 'ask': 578.3}","{'bid': 580.42, 'ask': 580.55}","{'bid': 577.83, 'ask': 577.95}",4863,580.08,580.42,577.83,578.17
2025-05-12 14:30:00,2025-05-12T15:30:00,2025-05-12T14:30:00,"{'bid': 578.19, 'ask': 578.31}","{'bid': 579.25, 'ask': 579.38}","{'bid': 579.26, 'ask': 579.39}","{'bid': 576.97, 'ask': 577.09}",5295,578.19,579.26,576.97,579.25
2025-05-12 14:45:00,2025-05-12T15:45:00,2025-05-12T14:45:00,"{'bid': 579.24, 'ask': 579.36}","{'bid': 578.98, 'ask': 579.11}","{'bid': 580.11, 'ask': 580.24}","{'bid': 578.89, 'ask': 579.01}",4144,579.24,580.11,578.89,578.98
2025-05-12 15:00:00,2025-05-12T16:00:00,2025-05-12T15:00:00,"{'bid': 579.0, 'ask': 579.12}","{'bid': 579.27, 'ask': 579.4}","{'bid': 579.68, 'ask': 579.8}","{'bid': 578.83, 'ask': 578.96}",3900,579.0,579.68,578.83,579.27
2025-05-12 15:15:00,2025-05-12T16:15:00,2025-05-12T15:15:00,"{'bid': 579.26, 'ask': 579.4}","{'bid': 578.78, 'ask': 578.91}","{'bid': 579.38, 'ask': 579.5}","{'bid': 578.1, 'ask': 578.22}",3536,579.26,579.38,578.1,578.78
2025-05-12 15:30:00,2025-05-12T16:30:00,2025-05-12T15:30:00,"{'bid': 578.8, 'ask': 578.92}","{'bid': 578.43, 'ask': 578.56}","{'bid': 579.27, 'ask': 579.39}","{'bid': 578.16, 'ask': 578.29}",3367,578.8,579.27,578.16,578.43
2025-05-12 15:45:00,2025-05-12T16:45:00,2025-05-12T15:45:00,"{'bid': 578.42, 'ask': 578.54}","{'bid': 578.11, 'ask': 578.23}","{'bid': 578.75, 'ask': 578.88}","{'bid': 577.97, 'ask': 578.09}",3343,578.42,578.75,577.97,578.11
2025-05-12 16:00:00,2025-05-12T17:00:00,2025-05-12T16:00:00,"{'bid': 578.12, 'ask': 578.24}","{'bid': 579.07, 'ask': 579.19}","{'bid': 579.12, 'ask': 579.24}","{'bid': 577.92, 'ask': 578.05}",2727,578.12,579.12,577.92,579.07
2025-05-12 16:15:00,2025-05-12T17:15:00,2025-05-12T16:15:00,"{'bid': 579.05, 'ask': 579.18}","{'bid': 579.23, 'ask': 579.36}","{'bid': 579.76, 'ask': 579.89}","{'bid': 578.77, 'ask': 578.89}",2369,579.05,579.76,578.77,579.23
2025-05-12 16:30:00,2025-05-12T17:30:00,2025-05-12T16:30:00,"{'bid': 579.23, 'ask': 579.35}","{'bid': 580.19, 'ask': 580.32}","{'bid': 580.23, 'ask': 580.36}","{'bid': 579.16, 'ask': 579.29}",1735,579.23,580.23,579.16,580.19
2025-05-12 16:45:00,2025-05-12T17:45:00,2025-05-12T16:45:00,"{'bid': 580.19, 'ask': 580.31}","{'bid': 581.02, 'ask': 581.14}","{'bid': 581.11, 'ask': 581.38}","{'bid': 580.08, 'ask': 580.21}",2311,580.19,581.11,580.08,581.02
2025-05-12 17:00:00,2025-05-12T18:00:00,2025-05-12T17:00:00,"{'bid': 581.01, 'ask': 581.13}","{'bid': 581.82, 'ask': 581.95}","{'bid': 582.36, 'ask': 582.48}","{'bid': 580.91, 'ask': 581.03}",2833,581.01,582.36,580.91,581.82
2025-05-12 17:15:00,2025-05-12T18:15:00,2025-05-12T17:15:00,"{'bid': 581.83, 'ask': 581.95}","{'bid': 581.24, 'ask': 581.37}","{'bid': 581.83, 'ask': 581.96}","{'bid': 580.97, 'ask': 581.1}",2246,581.83,581.83,580.97,581.24
2025-05-12 17:30:00,2025-05-12T18:30:00,2025-05-12T17:30:00,"{'bid': 581.25, 'ask': 581.37}","{'bid': 581.47, 'ask': 581.59}","{'bid': 581.75, 'ask': 581.87}","{'bid': 581.1, 'ask': 581.23}",1956,581.25,581.75,581.1,581.47
2025-05-12 17:45:00,2025-05-12T18:45:00,2025-05-12T17:45:00,"{'bid': 581.45, 'ask': 581.57}","{'bid': 581.44, 'ask': 581.57}","{'bid': 581.93, 'ask': 582.06}","{'bid': 581.42, 'ask': 581.54}",1657,581.45,581.93,581.42,581.44
2025-05-12 18:00:00,2025-05-12T19:00:00,2025-05-12T18:00:00,"{'bid': 581.43, 'ask': 581.56}","{'bid': 581.58, 'ask': 581.7}","{'bid': 582.01, 'ask': 582.14}","{'bid': 581.26, 'ask': 581.39}",1941,581.43,582.01,581.26,581.58
2025-05-12 18:15:00,2025-05-12T19:15:00,2025-05-12T18:15:00,"{'bid': 581.59, 'ask': 581.72}","{'bid': 581.89, 'ask': 582.02}","{'bid': 582.11, 'ask': 582.23}","{'bid': 581.49, 'ask': 581.61}",1776,581.59,582.11,581.49,581.89
2025-05-12 18:30:00,2025-05-12T19:30:00,2025-05-12T18:30:00,"{'bid': 581.91, 'ask': 582.04}","{'bid': 582.11, 'ask': 582.24}","{'bid': 582.51, 'ask': 582.64}","{'bid': 581.91, 'ask': 582.04}",1623,581.91,582.51,581.91,582.11
2025-05-12 18:45:00,2025-05-12T19:45:00,2025-05-12T18:45:00,"{'bid': 582.11, 'ask': 582.23}","{'bid': 581.48, 'ask': 581.61}","{'bid': 582.28, 'ask': 582.41}","{'bid': 581.43, 'ask': 581.55}",2052,582.11,582.28,581.43,581.48
2025-05-12 19:00:00,2025-05-12T20:00:00,2025-05-12T19:00:00,"{'bid': 581.49, 'ask': 581.61}","{'bid': 581.62, 'ask': 581.74}","{'bid': 582.13, 'ask': 582.26}","{'bid': 581.09, 'ask': 581.21}",2280,581.49,582.13,581.09,581.62
2025-05-12 19:15:00,2025-05-12T20:15:00,2025-05-12T19:15:00,"{'bid': 581.63, 'ask': 581.76}","{'bid': 581.45, 'ask': 581.57}","{'bid': 582.05, 'ask': 582.17}","{'bid': 581.27, 'ask': 581.39}",2263,581.63,582.05,581.27,581.45
2025-05-12 19:30:00,2025-05-12T20:30:00,2025-05-12T19:30:00,"{'bid': 581.43, 'ask': 581.56}","{'bid': 581.05, 'ask': 581.18}","{'bid': 581.77, 'ask': 581.9}","{'bid': 580.86, 'ask': 580.99}",2895,581.43,581.77,580.86,581.05
2025-05-12 19:45:00,2025-05-12T20:45:00,2025-05-12T19:45:00,"{'bid': 581.05, 'ask': 581.17}","{'bid': 582.85, 'ask': 582.97}","{'bid': 582.93, 'ask': 583.06}","{'bid': 580.75, 'ask': 580.88}",4310,581.05,582.93,580.75,582.85
2025-05-12 20:00:00,2025-05-12T21:00:00,2025-05-12T20:00:00,"{'bid': 582.84, 'ask': 582.97}","{'bid': 582.72, 'ask': 582.86}","{'bid': 583.9, 'ask': 584.05}","{'bid': 582.7, 'ask': 582.83}",2195,582.84,583.9,582.7,582.72
2025-05-12 20:15:00,2025-05-12T21:15:00,2025-05-12T20:15:00,"{'bid': 582.73, 'ask': 582.85}","{'bid': 583.03, 'ask': 583.18}","{'bid': 583.06, 'ask': 583.2}","{'bid': 582.72, 'ask': 582.85}",369,582.73,583.06,582.72,583.03
2025-05-12 20:30:00,2025-05-12T21:30:00,2025-05-12T20:30:00,"{'bid': 583.03, 'ask': 583.16}","{'bid': 583.04, 'ask': 583.19}","{'bid': 583.2, 'ask': 583.55}","{'bid': 582.99, 'ask': 583.15}",243,583.03,583.2,582.99,583.04
2025-05-12 20:45:00,2025-05-12T21:45:00,2025-05-12T20:45:00,"{'bid': 583.04, 'ask': 583.21}","{'bid': 583.05, 'ask': 583.29}","{'bid': 583.15, 'ask': 583.55}","{'bid': 582.56, 'ask': 583.05}",233,583.04,583.15,582.56,583.05
2025-05-12 21:00:00,2025-05-12T22:00:00,2025-05-12T21:00:00,"{'bid': 582.56, 'ask': 583.29}","{'bid': 583.0, 'ask': 583.12}","{'bid': 583.07, 'ask': 583.55}","{'bid': 582.56, 'ask': 583.11}",41,582.56,583.07,582.56,583.0
2025-05-12 21:15:00,2025-05-12T22:15:00,2025-05-12T21:15:00,"{'bid': 583.0, 'ask': 583.14}","{'bid': 583.01, 'ask': 583.15}","{'bid': 583.03, 'ask': 583.26}","{'bid': 582.98, 'ask': 583.12}",25,583.0,583.03,582.98,583.01
2025-05-12 21:30:00,2025-05-12T22:30:00,2025-05-12T21:30:00,"{'bid': 583.01, 'ask': 583.26}","{'bid': 583.07, 'ask': 583.29}","{'bid': 583.08, 'ask': 583.34}","{'bid': 582.98, 'ask': 583.15}",20,583.01,583.08,582.98,583.07
2025-05-12 21:45:00,2025-05-12T22:45:00,2025-05-12T21:45:00,"{'bid': 583.07, 'ask': 583.34}","{'bid': 583.07, 'ask': 583.27}","{'bid': 583.13, 'ask': 583.55}","{'bid': 583.07, 'ask': 583.23}",66,583.07,583.13,583.07,583.07
2025-05-12 22:00:00,2025-05-12T23:00:00,2025-05-12T22:00:00,"{'bid': 583.07, 'ask': 583.55}","{'bid': 582.59, 'ask': 582.81}","{'bid': 583.16, 'ask': 583.55}","{'bid': 582.25, 'ask': 582.69}",568,583.07,583.16,582.25,582.59
2025-05-12 22:15:00,2025-05-12T23:15:00,2025-05-12T22:15:00,"{'bid': 582.59, 'ask': 583.25}","{'bid': 582.66, 'ask': 582.86}","{'bid': 582.77, 'ask': 583.25}","{'bid': 582.44, 'ask': 582.69}",355,582.59,582.77,582.44,582.66
2025-05-12 22:30:00,2025-05-12T23:30:00,2025-05-12T22:30:00,"{'bid': 582.66, 'ask': 582.82}","{'bid': 582.3, 'ask': 582.52}","{'bid': 582.66, 'ask': 582.86}","{'bid': 581.95, 'ask': 582.45}",393,582.66,582.66,581.95,582.3
2025-05-12 22:45:00,2025-05-12T23:45:00,2025-05-12T22:45:00,"{'bid': 582.3, 'ask': 582.53}","{'bid': 582.3, 'ask': 582.49}","{'bid': 582.4, 'ask': 582.71}","{'bid': 582.23, 'ask': 582.42}",242,582.3,582.4,582.23,582.3
2025-05-12 23:00:00,2025-05-13T00:00:00,2025-05-12T23:00:00,"{'bid': 582.3, 'ask': 582.51}","{'bid': 582.83, 'ask': 583.03}","{'bid': 582.87, 'ask': 583.24}","{'bid': 582.3, 'ask': 582.51}",332,582.3,582.87,582.3,582.83
2025-05-12 23:15:00,2025-05-13T00:15:00,2025-05-12T23:15:00,"{'bid': 582.86, 'ask': 583.03}","{'bid': 583.09, 'ask': 583.27}","{'bid': 583.27, 'ask': 583.55}","{'bid': 582.84, 'ask': 583.0}",241,582.86,583.27,582.84,583.09
2025-05-12 23:30:00,2025-05-13T00:30:00,2025-05-12T23:30:00,"{'bid': 583.08, 'ask': 583.27}","{'bid': 582.47, 'ask': 582.67}","{'bid': 583.14, 'ask': 583.54}","{'bid': 582.4, 'ask': 582.6}",268,583.08,583.14,582.4,582.47
2025-05-12 23:45:00,2025-05-13T00:45:00,2025-05-12T23:45:00,"{'bid': 582.46, 'ask': 582.67}","{'bid': 581.99, 'ask': 582.21}","{'bid': 582.49, 'ask': 582.95}","{'bid': 581.96, 'ask': 582.19}",316,582.46,582.49,581.96,581.99
2025-05-13 08:00:00,2025-05-13T09:00:00,2025-05-13T08:00:00,"{'bid': 580.54, 'ask': 580.83}","{'bid': 580.57, 'ask': 580.79}","{'bid': 580.81, 'ask': 581.37}","{'bid': 579.86, 'ask': 580.47}",759,580.54,580.81,579.86,580.57
2025-05-13 08:15:00,2025-05-13T09:15:00,2025-05-13T08:15:00,"{'bid': 580.58, 'ask': 580.79}","{'bid': 580.77, 'ask': 580.95}","{'bid': 581.09, 'ask': 581.45}","{'bid': 580.57, 'ask': 580.79}",630,580.58,581.09,580.57,580.77
2025-05-13 08:30:00,2025-05-13T09:30:00,2025-05-13T08:30:00,"{'bid': 580.78, 'ask': 581.0}","{'bid': 580.64, 'ask': 580.84}","{'bid': 581.19, 'ask': 581.75}","{'bid': 580.57, 'ask': 580.77}",485,580.78,581.19,580.57,580.64
2025-05-13 08:45:00,2025-05-13T09:45:00,2025-05-13T08:45:00,"{'bid': 580.63, 'ask': 580.84}","{'bid': 580.3, 'ask': 580.49}","{'bid': 580.67, 'ask': 580.86}","{'bid': 580.22, 'ask': 580.42}",420,580.63,580.67,580.22,580.3
2025-05-13 09:00:00,2025-05-13T10:00:00,2025-05-13T09:00:00,"{'bid': 580.33, 'ask': 580.52}","{'bid': 580.55, 'ask': 580.72}","{'bid': 580.74, 'ask': 581.15}","{'bid': 580.23, 'ask': 580.39}",377,580.33,580.74,580.23,580.55
2025-05-13 09:15:00,2025-05-13T10:15:00,2025-05-13T09:15:00,"{'bid': 580.56, 'ask': 580.74}","{'bid': 580.92, 'ask': 581.1}","{'bid': 580.93, 'ask': 581.23}","{'bid': 580.24, 'ask': 580.65}",338,580.56,580.93,580.24,580.92
2025-05-13 09:30:00,2025-05-13T10:30:00,2025-05-13T09:30:00,"{'bid': 580.89, 'ask': 581.08}","{'bid': 581.07, 'ask': 581.26}","{'bid': 581.14, 'ask': 581.34}","{'bid': 580.86, 'ask': 581.05}",238,580.89,581.14,580.86,581.07
2025-05-13 09:45:00,2025-05-13T10:45:00,2025-05-13T09:45:00,"{'bid': 581.08, 'ask': 581.26}","{'bid': 581.44, 'ask': 581.61}","{'bid': 581.44, 'ask': 581.95}","{'bid': 581.07, 'ask': 581.26}",218,581.08,581.44,581.07,581.44
2025-05-13 10:00:00,2025-05-13T11:00:00,2025-05-13T10:00:00,"{'bid': 581.45, 'ask': 581.61}","{'bid': 581.48, 'ask': 581.69}","{'bid': 581.55, 'ask': 581.89}","{'bid': 580.91, 'ask': 581.14}",437,581.45,581.55,580.91,581.48
2025-05-13 10:15:00,2025-05-13T11:15:00,2025-05-13T10:15:00,"{'bid': 581.45, 'ask': 581.66}","{'bid': 581.21, 'ask': 581.4}","{'bid': 581.51, 'ask': 581.75}","{'bid': 581.15, 'ask': 581.35}",283,581.45,581.51,581.15,581.21
2025-05-13 10:30:00,2025-05-13T11:30:00,2025-05-13T10:30:00,"{'bid': 581.24, 'ask': 581.46}","{'bid': 581.49, 'ask': 581.67}","{'bid': 581.5, 'ask': 582.05}","{'bid': 580.9, 'ask': 581.13}",704,581.24,581.5,580.9,581.49
2025-05-13 10:45:00,2025-05-13T11:45:00,2025-05-13T10:45:00,"{'bid': 581.48, 'ask': 581.66}","{'bid': 581.11, 'ask': 581.3}","{'bid': 581.78, 'ask': 582.29}","{'bid': 580.91, 'ask': 581.3}",513,581.48,581.78,580.91,581.11
2025-05-13 11:00:00,2025-05-13T12:00:00,2025-05-13T11:00:00,"{'bid': 581.16, 'ask': 581.75}","{'bid': 581.63, 'ask': 581.83}","{'bid': 581.72, 'ask': 581.96}","{'bid': 580.9, 'ask': 581.28}",485,581.16,581.72,580.9,581.63
2025-05-13 11:15:00,2025-05-13T12:15:00,2025-05-13T11:15:00,"{'bid': 581.61, 'ask': 581.81}","{'bid': 581.42, 'ask': 581.58}","{'bid': 581.95, 'ask': 582.35}","{'bid': 581.32, 'ask': 581.5}",577,581.61,581.95,581.32,581.42
2025-05-13 11:30:00,2025-05-13T12:30:00,2025-05-13T11:30:00,"{'bid': 581.42, 'ask': 581.56}","{'bid': 581.81, 'ask': 581.99}","{'bid': 581.86, 'ask': 582.04}","{'bid': 581.05, 'ask': 581.49}",415,581.42,581.86,581.05,581.81
2025-05-13 11:45:00,2025-05-13T12:45:00,2025-05-13T11:45:00,"{'bid': 581.82, 'ask': 581.99}","{'bid': 582.03, 'ask': 582.22}","{'bid': 582.13, 'ask': 582.4}","{'bid': 581.45, 'ask': 581.64}",487,581.82,582.13,581.45,582.03
2025-05-13 12:00:00,2025-05-13T13:00:00,2025-05-13T12:00:00,"{'bid': 582.07, 'ask': 582.25}","{'bid': 582.44, 'ask': 582.62}","{'bid': 582.48, 'ask': 582.68}","{'bid': 581.76, 'ask': 581.97}",680,582.07,582.48,581.76,582.44
2025-05-13 12:15:00,2025-05-13T13:15:00,2025-05-13T12:15:00,"{'bid': 582.42, 'ask': 582.61}","{'bid': 582.61, 'ask': 583.33}","{'bid': 583.28, 'ask': 585.09}","{'bid': 582.35, 'ask': 582.54}",698,582.42,583.28,582.35,582.61
2025-05-13 12:30:00,2025-05-13T13:30:00,2025-05-13T12:30:00,"{'bid': 582.39, 'ask': 583.28}","{'bid': 582.95, 'ask': 583.11}","{'bid': 584.62, 'ask': 586.85}","{'bid': 582.39, 'ask': 582.99}",2543,582.39,584.62,582.39,582.95
2025-05-13 12:45:00,2025-05-13T13:45:00,2025-05-13T12:45:00,"{'bid': 582.95, 'ask': 583.1}","{'bid': 583.24, 'ask': 583.41}","{'bid': 583.39, 'ask': 583.85}","{'bid': 582.55, 'ask': 582.72}",1341,582.95,583.39,582.55,583.24
2025-05-13 13:00:00,2025-05-13T14:00:00,2025-05-13T13:00:00,"{'bid': 583.27, 'ask': 583.41}","{'bid': 583.49, 'ask': 583.64}","{'bid': 583.53, 'ask': 583.85}","{'bid': 582.94, 'ask': 583.12}",986,583.27,583.53,582.94,583.49
2025-05-13 13:15:00,2025-05-13T14:15:00,2025-05-13T13:15:00,"{'bid': 583.47, 'ask': 583.61}","{'bid': 583.36, 'ask': 583.52}","{'bid': 583.61, 'ask': 584.04}","{'bid': 583.05, 'ask': 583.23}",1255,583.47,583.61,583.05,583.36
2025-05-13 13:30:00,2025-05-13T14:30:00,2025-05-13T13:30:00,"{'bid': 583.38, 'ask': 583.52}","{'bid': 584.32, 'ask': 584.45}","{'bid': 584.61, 'ask': 584.74}","{'bid': 582.69, 'ask': 582.94}",5851,583.38,584.61,582.69,584.32
2025-05-13 13:45:00,2025-05-13T14:45:00,2025-05-13T13:45:00,"{'bid': 584.33, 'ask': 584.45}","{'bid': 585.21, 'ask': 585.34}","{'bid': 585.4, 'ask': 585.52}","{'bid': 583.98, 'ask': 584.11}",4500,584.33,585.4,583.98,585.21
2025-05-13 14:00:00,2025-05-13T15:00:00,2025-05-13T14:00:00,"{'bid': 585.22, 'ask': 585.34}","{'bid': 587.18, 'ask': 587.31}","{'bid': 587.24, 'ask': 587.36}","{'bid': 585.16, 'ask': 585.28}",4493,585.22,587.24,585.16,587.18
2025-05-13 14:15:00,2025-05-13T15:15:00,2025-05-13T14:15:00,"{'bid': 587.19, 'ask': 587.32}","{'bid': 586.77, 'ask': 586.89}","{'bid': 587.85, 'ask': 587.97}","{'bid': 586.73, 'ask': 586.86}",4648,587.19,587.85,586.73,586.77
2025-05-13 14:30:00,2025-05-13T15:30:00,2025-05-13T14:30:00,"{'bid': 586.77, 'ask': 586.9}","{'bid': 586.11, 'ask': 586.24}","{'bid': 587.2, 'ask': 587.33}","{'bid': 586.1, 'ask': 586.22}",4340,586.77,587.2,586.1,586.11
2025-05-13 14:45:00,2025-05-13T15:45:00,2025-05-13T14:45:00,"{'bid': 586.11, 'ask': 586.23}","{'bid': 587.03, 'ask': 587.15}","{'bid': 587.31, 'ask': 587.43}","{'bid': 586.05, 'ask': 586.18}",3963,586.11,587.31,586.05,587.03
2025-05-13 15:00:00,2025-05-13T16:00:00,2025-05-13T15:00:00,"{'bid': 587.04, 'ask': 587.17}","{'bid': 586.91, 'ask': 587.04}","{'bid': 587.31, 'ask': 587.43}","{'bid': 586.68, 'ask': 586.8}",3413,587.04,587.31,586.68,586.91
2025-05-13 15:15:00,2025-05-13T16:15:00,2025-05-13T15:15:00,"{'bid': 586.91, 'ask': 587.03}","{'bid': 587.64, 'ask': 587.76}","{'bid': 588.03, 'ask': 588.16}","{'bid': 586.91, 'ask': 587.03}",2803,586.91,588.03,586.91,587.64
2025-05-13 15:30:00,2025-05-13T16:30:00,2025-05-13T15:30:00,"{'bid': 587.62, 'ask': 587.75}","{'bid': 587.98, 'ask': 588.1}","{'bid': 588.1, 'ask': 588.23}","{'bid': 587.55, 'ask': 587.67}",2815,587.62,588.1,587.55,587.98
2025-05-13 15:45:00,2025-05-13T16:45:00,2025-05-13T15:45:00,"{'bid': 587.97, 'ask': 588.09}","{'bid': 587.59, 'ask': 587.71}","{'bid': 588.37, 'ask': 588.49}","{'bid': 587.28, 'ask': 587.41}",2832,587.97,588.37,587.28,587.59
2025-05-13 16:00:00,2025-05-13T17:00:00,2025-05-13T16:00:00,"{'bid': 587.6, 'ask': 587.72}","{'bid': 587.53, 'ask': 587.65}","{'bid': 587.65, 'ask': 587.78}","{'bid': 586.9, 'ask': 587.02}",2984,587.6,587.65,586.9,587.53
2025-05-13 16:15:00,2025-05-13T17:15:00,2025-05-13T16:15:00,"{'bid': 587.52, 'ask': 587.65}","{'bid': 587.62, 'ask': 587.75}","{'bid': 587.75, 'ask': 587.88}","{'bid': 586.89, 'ask': 587.02}",2587,587.52,587.75,586.89,587.62
2025-05-13 16:30:00,2025-05-13T17:30:00,2025-05-13T16:30:00,"{'bid': 587.61, 'ask': 587.73}","{'bid': 587.95, 'ask': 588.08}","{'bid': 587.98, 'ask': 588.11}","{'bid': 587.24, 'ask': 587.37}",2335,587.61,587.98,587.24,587.95
2025-05-13 16:45:00,2025-05-13T17:45:00,2025-05-13T16:45:00,"{'bid': 587.97, 'ask': 588.09}","{'bid': 587.89, 'ask': 588.02}","{'bid': 588.29, 'ask': 588.41}","{'bid': 587.84, 'ask': 587.97}",1924,587.97,588.29,587.84,587.89
2025-05-13 17:00:00,2025-05-13T18:00:00,2025-05-13T17:00:00,"{'bid': 587.9, 'ask': 588.03}","{'bid': 587.7, 'ask': 587.83}","{'bid': 588.08, 'ask': 588.21}","{'bid': 587.59, 'ask': 587.71}",2313,587.9,588.08,587.59,587.7
2025-05-13 17:15:00,2025-05-13T18:15:00,2025-05-13T17:15:00,"{'bid': 587.72, 'ask': 587.84}","{'bid': 588.27, 'ask': 588.4}","{'bid': 588.33, 'ask': 588.45}","{'bid': 587.62, 'ask': 587.75}",1940,587.72,588.33,587.62,588.27
2025-05-13 17:30:00,2025-05-13T18:30:00,2025-05-13T17:30:00,"{'bid': 588.27, 'ask': 588.39}","{'bid': 588.39, 'ask': 588.51}","{'bid': 589.0, 'ask': 589.12}","{'bid': 588.24, 'ask': 588.37}",2480,588.27,589.0,588.24,588.39
2025-05-13 17:45:00,2025-05-13T18:45:00,2025-05-13T17:45:00,"{'bid': 588.38, 'ask': 588.51}","{'bid': 587.85, 'ask': 587.97}","{'bid': 588.78, 'ask': 588.9}","{'bid': 587.81, 'ask': 587.94}",2331,588.38,588.78,587.81,587.85
2025-05-13 18:00:00,2025-05-13T19:00:00,2025-05-13T18:00:00,"{'bid': 587.85, 'ask': 587.98}","{'bid': 588.1, 'ask': 588.23}","{'bid': 588.19, 'ask': 588.32}","{'bid': 587.4, 'ask': 587.53}",2636,587.85,588.19,587.4,588.1
2025-05-13 18:15:00,2025-05-13T19:15:00,2025-05-13T18:15:00,"{'bid': 588.11, 'ask': 588.24}","{'bid': 587.83, 'ask': 587.96}","{'bid': 588.27, 'ask': 588.39}","{'bid': 587.78, 'ask': 587.91}",2183,588.11,588.27,587.78,587.83
2025-05-13 18:30:00,2025-05-13T19:30:00,2025-05-13T18:30:00,"{'bid': 587.84, 'ask': 587.96}","{'bid': 587.59, 'ask': 587.72}","{'bid': 588.02, 'ask': 588.14}","{'bid': 587.42, 'ask': 587.54}",2213,587.84,588.02,587.42,587.59
2025-05-13 18:45:00,2025-05-13T19:45:00,2025-05-13T18:45:00,"{'bid': 587.6, 'ask': 587.72}","{'bid': 588.54, 'ask': 588.67}","{'bid': 588.64, 'ask': 588.76}","{'bid': 587.42, 'ask': 587.54}",2383,587.6,588.64,587.42,588.54
2025-05-13 19:00:00,2025-05-13T20:00:00,2025-05-13T19:00:00,"{'bid': 588.54, 'ask': 588.66}","{'bid': 588.66, 'ask': 588.78}","{'bid': 588.7, 'ask': 588.83}","{'bid': 588.18, 'ask': 588.31}",2315,588.54,588.7,588.18,588.66
2025-05-13 19:15:00,2025-05-13T20:15:00,2025-05-13T19:15:00,"{'bid': 588.68, 'ask': 588.8}","{'bid': 588.39, 'ask': 588.51}","{'bid': 588.89, 'ask': 589.02}","{'bid': 588.21, 'ask': 588.34}",2177,588.68,588.89,588.21,588.39
2025-05-13 19:30:00,2025-05-13T20:30:00,2025-05-13T19:30:00,"{'bid': 588.38, 'ask': 588.5}","{'bid': 588.61, 'ask': 588.73}","{'bid': 589.02, 'ask': 589.14}","{'bid': 588.34, 'ask': 588.46}",2417,588.38,589.02,588.34,588.61
2025-05-13 19:45:00,2025-05-13T20:45:00,2025-05-13T19:45:00,"{'bid': 588.62, 'ask': 588.74}","{'bid': 586.79, 'ask': 586.91}","{'bid': 588.64, 'ask': 588.77}","{'bid': 586.75, 'ask': 586.87}",4648,588.62,588.64,586.75,586.79
2025-05-13 20:00:00,2025-05-13T21:00:00,2025-05-13T20:00:00,"{'bid': 586.78, 'ask': 586.91}","{'bid': 586.68, 'ask': 586.82}","{'bid': 586.95, 'ask': 587.08}","{'bid': 586.15, 'ask': 586.51}",1501,586.78,586.95,586.15,586.68
2025-05-13 20:15:00,2025-05-13T21:15:00,2025-05-13T20:15:00,"{'bid': 586.66, 'ask': 586.8}","{'bid': 586.43, 'ask': 586.59}","{'bid': 586.78, 'ask': 587.05}","{'bid': 586.32, 'ask': 586.45}",500,586.66,586.78,586.32,586.43
2025-05-13 20:30:00,2025-05-13T21:30:00,2025-05-13T20:30:00,"{'bid': 586.43, 'ask': 586.57}","{'bid': 586.46, 'ask': 586.61}","{'bid': 586.7, 'ask': 587.15}","{'bid': 586.42, 'ask': 586.57}",294,586.43,586.7,586.42,586.46
2025-05-13 20:45:00,2025-05-13T21:45:00,2025-05-13T20:45:00,"{'bid': 586.45, 'ask': 586.59}","{'bid': 586.53, 'ask': 587.15}","{'bid': 586.62, 'ask': 587.15}","{'bid': 586.42, 'ask': 586.59}",376,586.45,586.62,586.42,586.53
2025-05-13 21:00:00,2025-05-13T22:00:00,2025-05-13T21:00:00,"{'bid': 586.53, 'ask': 587.3}","{'bid': 586.53, 'ask': 586.73}","{'bid': 586.57, 'ask': 587.3}","{'bid': 586.53, 'ask': 586.7}",10,586.53,586.57,586.53,586.53
2025-05-13 21:15:00,2025-05-13T22:15:00,2025-05-13T21:15:00,"{'bid': 586.53, 'ask': 586.72}","{'bid': 586.35, 'ask': 586.59}","{'bid': 586.53, 'ask': 586.85}","{'bid': 586.35, 'ask': 586.51}",27,586.53,586.53,586.35,586.35
2025-05-13 21:30:00,2025-05-13T22:30:00,2025-05-13T21:30:00,"{'bid': 586.38, 'ask': 586.59}","{'bid': 586.4, 'ask': 586.67}","{'bid': 586.6, 'ask': 586.74}","{'bid': 586.35, 'ask': 586.59}",35,586.38,586.6,586.35,586.4
2025-05-13 21:45:00,2025-05-13T22:45:00,2025-05-13T21:45:00,"{'bid': 586.42, 'ask': 586.67}","{'bid': 586.45, 'ask': 586.8}","{'bid': 586.7, 'ask': 586.86}","{'bid': 586.42, 'ask': 586.67}",37,586.42,586.7,586.42,586.45
2025-05-13 22:00:00,2025-05-13T23:00:00,2025-05-13T22:00:00,"{'bid': 586.48, 'ask': 586.8}","{'bid': 586.73, 'ask': 586.95}","{'bid': 586.82, 'ask': 587.3}","{'bid': 586.33, 'ask': 586.52}",382,586.48,586.82,586.33,586.73
2025-05-13 22:15:00,2025-05-13T23:15:00,2025-05-13T22:15:00,"{'bid': 586.7, 'ask': 586.95}","{'bid': 586.72, 'ask': 586.93}","{'bid': 586.81, 'ask': 587.3}","{'bid': 586.31, 'ask': 586.83}",262,586.7,586.81,586.31,586.72
2025-05-13 22:30:00,2025-05-13T23:30:00,2025-05-13T22:30:00,"{'bid': 586.71, 'ask': 586.93}","{'bid': 586.68, 'ask': 586.88}","{'bid': 586.74, 'ask': 587.29}","{'bid': 586.59, 'ask': 586.79}",204,586.71,586.74,586.59,586.68
2025-05-13 22:45:00,2025-05-13T23:45:00,2025-05-13T22:45:00,"{'bid': 586.68, 'ask': 586.87}","{'bid': 586.65, 'ask': 586.82}","{'bid': 586.83, 'ask': 587.3}","{'bid': 586.45, 'ask': 586.82}",209,586.68,586.83,586.45,586.65
2025-05-13 23:00:00,2025-05-14T00:00:00,2025-05-13T23:00:00,"{'bid': 586.63, 'ask': 586.85}","{'bid': 586.88, 'ask': 587.08}","{'bid': 586.9, 'ask': 587.3}","{'bid': 586.31, 'ask': 586.63}",371,586.63,586.9,586.31,586.88
2025-05-13 23:15:00,2025-05-14T00:15:00,2025-05-13T23:15:00,"{'bid': 586.89, 'ask': 587.08}","{'bid': 586.74, 'ask': 586.87}","{'bid': 586.94, 'ask': 587.3}","{'bid': 586.67, 'ask': 586.85}",240,586.89,586.94,586.67,586.74
2025-05-13 23:30:00,2025-05-14T00:30:00,2025-05-13T23:30:00,"{'bid': 586.75, 'ask': 586.91}","{'bid': 587.1, 'ask': 587.31}","{'bid': 587.25, 'ask': 587.75}","{'bid': 586.68, 'ask': 586.87}",310,586.75,587.25,586.68,587.1
2025-05-13 23:45:00,2025-05-14T00:45:00,2025-05-13T23:45:00,"{'bid': 587.11, 'ask': 587.31}","{'bid': 587.12, 'ask': 587.32}","{'bid': 587.28, 'ask': 587.75}","{'bid': 587.06, 'ask': 587.28}",252,587.11,587.28,587.06,587.12
2025-05-14 08:00:00,2025-05-14T09:00:00,2025-05-14T08:00:00,"{'bid': 587.37, 'ask': 587.67}","{'bid': 587.18, 'ask': 587.37}","{'bid': 587.5, 'ask': 588.05}","{'bid': 586.72, 'ask': 586.89}",953,587.37,587.5,586.72,587.18
2025-05-14 08:15:00,2025-05-14T09:15:00,2025-05-14T08:15:00,"{'bid': 587.18, 'ask': 587.36}","{'bid': 587.12, 'ask': 587.31}","{'bid': 587.25, 'ask': 587.6}","{'bid': 586.75, 'ask': 587.03}",790,587.18,587.25,586.75,587.12
2025-05-14 08:30:00,2025-05-14T09:30:00,2025-05-14T08:30:00,"{'bid': 587.13, 'ask': 587.31}","{'bid': 587.12, 'ask': 587.31}","{'bid': 587.19, 'ask': 587.6}","{'bid': 586.75, 'ask': 587.03}",611,587.13,587.19,586.75,587.12
2025-05-14 08:45:00,2025-05-14T09:45:00,2025-05-14T08:45:00,"{'bid': 587.15, 'ask': 587.35}","{'bid': 586.99, 'ask': 587.17}","{'bid': 587.5, 'ask': 587.75}","{'bid': 586.94, 'ask': 587.12}",601,587.15,587.5,586.94,586.99
2025-05-14 09:00:00,2025-05-14T10:00:00,2025-05-14T09:00:00,"{'bid': 586.98, 'ask': 587.17}","{'bid': 586.33, 'ask': 586.52}","{'bid': 587.05, 'ask': 587.44}","{'bid': 585.85, 'ask': 586.31}",1019,586.98,587.05,585.85,586.33
2025-05-14 09:15:00,2025-05-14T10:15:00,2025-05-14T09:15:00,"{'bid': 586.33, 'ask': 586.54}","{'bid': 586.88, 'ask': 587.07}","{'bid': 587.14, 'ask': 587.75}","{'bid': 586.26, 'ask': 586.47}",820,586.33,587.14,586.26,586.88
2025-05-14 09:30:00,2025-05-14T10:30:00,2025-05-14T09:30:00,"{'bid': 586.92, 'ask': 587.11}","{'bid': 586.54, 'ask': 586.72}","{'bid': 586.98, 'ask': 587.44}","{'bid': 586.4, 'ask': 586.58}",581,586.92,586.98,586.4,586.54
2025-05-14 09:45:00,2025-05-14T10:45:00,2025-05-14T09:45:00,"{'bid': 586.57, 'ask': 586.75}","{'bid': 586.35, 'ask': 586.52}","{'bid': 586.73, 'ask': 587.15}","{'bid': 586.3, 'ask': 586.47}",390,586.57,586.73,586.3,586.35
2025-05-14 10:00:00,2025-05-14T11:00:00,2025-05-14T10:00:00,"{'bid': 586.33, 'ask': 586.52}","{'bid': 586.19, 'ask': 586.38}","{'bid': 586.4, 'ask': 586.85}","{'bid': 585.85, 'ask': 586.27}",453,586.33,586.4,585.85,586.19
2025-05-14 10:15:00,2025-05-14T11:15:00,2025-05-14T10:15:00,"{'bid': 586.16, 'ask': 586.35}","{'bid': 586.73, 'ask': 586.91}","{'bid': 586.79, 'ask': 587.45}","{'bid': 585.86, 'ask': 586.27}",400,586.16,586.79,585.86,586.73
2025-05-14 10:30:00,2025-05-14T11:30:00,2025-05-14T10:30:00,"{'bid': 586.74, 'ask': 586.91}","{'bid': 587.04, 'ask': 587.22}","{'bid': 587.15, 'ask': 587.68}","{'bid': 586.45, 'ask': 586.88}",401,586.74,587.15,586.45,587.04
2025-05-14 10:45:00,2025-05-14T11:45:00,2025-05-14T10:45:00,"{'bid': 587.05, 'ask': 587.22}","{'bid': 586.87, 'ask': 587.04}","{'bid': 587.05, 'ask': 587.45}","{'bid': 586.45, 'ask': 586.84}",337,587.05,587.05,586.45,586.87
2025-05-14 11:00:00,2025-05-14T12:00:00,2025-05-14T11:00:00,"{'bid': 586.88, 'ask': 587.44}","{'bid': 587.77, 'ask': 587.92}","{'bid': 587.8, 'ask': 588.04}","{'bid': 586.88, 'ask': 587.05}",691,586.88,587.8,586.88,587.77
2025-05-14 11:15:00,2025-05-14T12:15:00,2025-05-14T11:15:00,"{'bid': 587.77, 'ask': 587.93}","{'bid': 588.42, 'ask': 588.58}","{'bid': 588.42, 'ask': 588.61}","{'bid': 587.67, 'ask': 587.81}",729,587.77,588.42,587.67,588.42
2025-05-14 11:30:00,2025-05-14T12:30:00,2025-05-14T11:30:00,"{'bid': 588.42, 'ask': 588.57}","{'bid': 588.18, 'ask': 588.36}","{'bid': 588.68, 'ask': 588.95}","{'bid': 588.11, 'ask': 588.27}",726,588.42,588.68,588.11,588.18
2025-05-14 11:45:00,2025-05-14T12:45:00,2025-05-14T11:45:00,"{'bid': 588.19, 'ask': 588.36}","{'bid': 587.98, 'ask': 588.17}","{'bid': 588.23, 'ask': 588.48}","{'bid': 587.79, 'ask': 587.96}",623,588.19,588.23,587.79,587.98
2025-05-14 12:00:00,2025-05-14T13:00:00,2025-05-14T12:00:00,"{'bid': 587.99, 'ask': 588.16}","{'bid': 588.15, 'ask': 588.29}","{'bid': 588.27, 'ask': 588.65}","{'bid': 587.8, 'ask': 587.98}",784,587.99,588.27,587.8,588.15
2025-05-14 12:15:00,2025-05-14T13:15:00,2025-05-14T12:15:00,"{'bid': 588.14, 'ask': 588.29}","{'bid': 588.43, 'ask': 588.56}","{'bid': 588.61, 'ask': 588.95}","{'bid': 587.97, 'ask': 588.26}",767,588.14,588.61,587.97,588.43
2025-05-14 12:30:00,2025-05-14T13:30:00,2025-05-14T12:30:00,"{'bid': 588.43, 'ask': 588.57}","{'bid': 587.94, 'ask': 588.07}","{'bid': 588.82, 'ask': 589.02}","{'bid': 587.79, 'ask': 587.95}",738,588.43,588.82,587.79,587.94
2025-05-14 12:45:00,2025-05-14T13:45:00,2025-05-14T12:45:00,"{'bid': 587.93, 'ask': 588.07}","{'bid': 587.95, 'ask': 588.09}","{'bid': 588.16, 'ask': 588.34}","{'bid': 587.36, 'ask': 587.92}",590,587.93,588.16,587.36,587.95
2025-05-14 13:00:00,2025-05-14T14:00:00,2025-05-14T13:00:00,"{'bid': 587.92, 'ask': 588.07}","{'bid': 588.1, 'ask': 588.24}","{'bid': 588.15, 'ask': 588.33}","{'bid': 587.53, 'ask': 587.67}",804,587.92,588.15,587.53,588.1
2025-05-14 13:15:00,2025-05-14T14:15:00,2025-05-14T13:15:00,"{'bid': 588.06, 'ask': 588.24}","{'bid': 587.77, 'ask': 587.9}","{'bid': 588.28, 'ask': 588.54}","{'bid': 587.41, 'ask': 587.83}",977,588.06,588.28,587.41,587.77
2025-05-14 13:30:00,2025-05-14T14:30:00,2025-05-14T13:30:00,"{'bid': 587.76, 'ask': 587.9}","{'bid': 587.69, 'ask': 587.81}","{'bid': 588.92, 'ask': 589.04}","{'bid': 587.62, 'ask': 587.74}",5080,587.76,588.92,587.62,587.69
2025-05-14 13:45:00,2025-05-14T14:45:00,2025-05-14T13:45:00,"{'bid': 587.68, 'ask': 587.8}","{'bid': 587.47, 'ask': 587.59}","{'bid': 587.75, 'ask': 587.88}","{'bid': 586.4, 'ask': 586.52}",5909,587.68,587.75,586.4,587.47
2025-05-14 14:00:00,2025-05-14T15:00:00,2025-05-14T14:00:00,"{'bid': 587.49, 'ask': 587.61}","{'bid': 587.13, 'ask': 587.26}","{'bid': 587.75, 'ask': 587.88}","{'bid': 586.34, 'ask': 586.47}",5988,587.49,587.75,586.34,587.13
2025-05-14 14:15:00,2025-05-14T15:15:00,2025-05-14T14:15:00,"{'bid': 587.15, 'ask': 587.27}","{'bid': 587.43, 'ask': 587.56}","{'bid': 587.49, 'ask': 587.62}","{'bid': 586.63, 'ask': 586.76}",4784,587.15,587.49,586.63,587.43
2025-05-14 14:30:00,2025-05-14T15:30:00,2025-05-14T14:30:00,"{'bid': 587.44, 'ask': 587.56}","{'bid': 586.95, 'ask': 587.08}","{'bid': 587.84, 'ask': 587.97}","{'bid': 586.92, 'ask': 587.05}",4325,587.44,587.84,586.92,586.95
2025-05-14 14:45:00,2025-05-14T15:45:00,2025-05-14T14:45:00,"{'bid': 586.96, 'ask': 587.09}","{'bid': 587.48, 'ask': 587.6}","{'bid': 587.78, 'ask': 587.91}","{'bid': 586.79, 'ask': 586.91}",3777,586.96,587.78,586.79,587.48
2025-05-14 15:00:00,2025-05-14T16:00:00,2025-05-14T15:00:00,"{'bid': 587.5, 'ask': 587.62}","{'bid': 587.05, 'ask': 587.17}","{'bid': 587.57, 'ask': 587.7}","{'bid': 585.74, 'ask': 585.86}",4646,587.5,587.57,585.74,587.05
2025-05-14 15:15:00,2025-05-14T16:15:00,2025-05-14T15:15:00,"{'bid': 587.04, 'ask': 587.17}","{'bid': 587.82, 'ask': 587.95}","{'bid': 588.03, 'ask': 588.16}","{'bid': 586.74, 'ask': 586.86}",3492,587.04,588.03,586.74,587.82
2025-05-14 15:30:00,2025-05-14T16:30:00,2025-05-14T15:30:00,"{'bid': 587.81, 'ask': 587.93}","{'bid': 588.1, 'ask': 588.23}","{'bid': 588.28, 'ask': 588.41}","{'bid': 587.66, 'ask': 587.79}",3087,587.81,588.28,587.66,588.1
2025-05-14 15:45:00,2025-05-14T16:45:00,2025-05-14T15:45:00,"{'bid': 588.12, 'ask': 588.24}","{'bid': 587.94, 'ask': 588.07}","{'bid': 588.16, 'ask': 588.29}","{'bid': 587.65, 'ask': 587.77}",2702,588.12,588.16,587.65,587.94
2025-05-14 16:00:00,2025-05-14T17:00:00,2025-05-14T16:00:00,"{'bid': 587.95, 'ask': 588.07}","{'bid': 588.01, 'ask': 588.14}","{'bid': 588.48, 'ask': 588.61}","{'bid': 587.8, 'ask': 587.92}",2423,587.95,588.48,587.8,588.01
2025-05-14 16:15:00,2025-05-14T17:15:00,2025-05-14T16:15:00,"{'bid': 588.01, 'ask': 588.13}","{'bid': 587.86, 'ask': 587.98}","{'bid': 588.09, 'ask': 588.22}","{'bid': 587.62, 'ask': 587.75}",2378,588.01,588.09,587.62,587.86
2025-05-14 16:30:00,2025-05-14T17:30:00,2025-05-14T16:30:00,"{'bid': 587.87, 'ask': 587.99}","{'bid': 587.3, 'ask': 587.42}","{'bid': 588.5, 'ask': 588.63}","{'bid': 587.04, 'ask': 587.17}",3066,587.87,588.5,587.04,587.3
2025-05-14 16:45:00,2025-05-14T17:45:00,2025-05-14T16:45:00,"{'bid': 587.31, 'ask': 587.43}","{'bid': 587.4, 'ask': 587.52}","{'bid': 587.71, 'ask': 587.84}","{'bid': 587.22, 'ask': 587.34}",2534,587.31,587.71,587.22,587.4
2025-05-14 17:00:00,2025-05-14T18:00:00,2025-05-14T17:00:00,"{'bid': 587.4, 'ask': 587.53}","{'bid': 586.98, 'ask': 587.1}","{'bid': 587.43, 'ask': 587.56}","{'bid': 586.75, 'ask': 586.87}",2690,587.4,587.43,586.75,586.98
2025-05-14 17:15:00,2025-05-14T18:15:00,2025-05-14T17:15:00,"{'bid': 586.99, 'ask': 587.12}","{'bid': 586.27, 'ask': 586.39}","{'bid': 587.05, 'ask': 587.17}","{'bid': 585.47, 'ask': 585.6}",4086,586.99,587.05,585.47,586.27
2025-05-14 17:30:00,2025-05-14T18:30:00,2025-05-14T17:30:00,"{'bid': 586.26, 'ask': 586.38}","{'bid': 586.72, 'ask': 586.84}","{'bid': 587.07, 'ask': 587.2}","{'bid': 586.18, 'ask': 586.3}",3141,586.26,587.07,586.18,586.72
2025-05-14 17:45:00,2025-05-14T18:45:00,2025-05-14T17:45:00,"{'bid': 586.73, 'ask': 586.86}","{'bid': 587.27, 'ask': 587.4}","{'bid': 587.35, 'ask': 587.47}","{'bid': 586.49, 'ask': 586.61}",2622,586.73,587.35,586.49,587.27
2025-05-14 18:00:00,2025-05-14T19:00:00,2025-05-14T18:00:00,"{'bid': 587.28, 'ask': 587.41}","{'bid': 587.08, 'ask': 587.2}","{'bid': 587.63, 'ask': 587.76}","{'bid': 586.84, 'ask': 586.97}",2411,587.28,587.63,586.84,587.08
2025-05-14 18:15:00,2025-05-14T19:15:00,2025-05-14T18:15:00,"{'bid': 587.09, 'ask': 587.21}","{'bid': 586.81, 'ask': 586.93}","{'bid': 587.52, 'ask': 587.64}","{'bid': 586.51, 'ask': 586.63}",2397,587.09,587.52,586.51,586.81
2025-05-14 18:30:00,2025-05-14T19:30:00,2025-05-14T18:30:00,"{'bid': 586.81, 'ask': 586.94}","{'bid': 587.76, 'ask': 587.89}","{'bid': 588.15, 'ask': 588.27}","{'bid': 586.79, 'ask': 586.92}",3345,586.81,588.15,586.79,587.76
2025-05-14 18:45:00,2025-05-14T19:45:00,2025-05-14T18:45:00,"{'bid': 587.77, 'ask': 587.89}","{'bid': 587.56, 'ask': 587.69}","{'bid': 587.81, 'ask': 587.94}","{'bid': 587.34, 'ask': 587.47}",2744,587.77,587.81,587.34,587.56
2025-05-14 19:00:00,2025-05-14T20:00:00,2025-05-14T19:00:00,"{'bid': 587.57, 'ask': 587.7}","{'bid': 587.5, 'ask': 587.62}","{'bid': 587.65, 'ask': 587.77}","{'bid': 586.97, 'ask': 587.09}",2828,587.57,587.65,586.97,587.5
2025-05-14 19:15:00,2025-05-14T20:15:00,2025-05-14T19:15:00,"{'bid': 587.49, 'ask': 587.62}","{'bid': 586.94, 'ask': 587.06}","{'bid': 587.74, 'ask': 587.86}","{'bid': 586.42, 'ask': 586.54}",2928,587.49,587.74,586.42,586.94
2025-05-14 19:30:00,2025-05-14T20:30:00,2025-05-14T19:30:00,"{'bid': 586.93, 'ask': 587.06}","{'bid': 586.69, 'ask': 586.81}","{'bid': 587.24, 'ask': 587.37}","{'bid': 586.45, 'ask': 586.58}",3031,586.93,587.24,586.45,586.69
2025-05-14 19:45:00,2025-05-14T20:45:00,2025-05-14T19:45:00,"{'bid': 586.68, 'ask': 586.81}","{'bid': 587.32, 'ask': 587.44}","{'bid': 588.07, 'ask': 588.19}","{'bid': 586.33, 'ask': 586.45}",4843,586.68,588.07,586.33,587.32
2025-05-14 20:00:00,2025-05-14T21:00:00,2025-05-14T20:00:00,"{'bid': 587.32, 'ask': 587.45}","{'bid': 587.49, 'ask': 587.63}","{'bid': 587.61, 'ask': 587.92}","{'bid': 586.83, 'ask': 587.2}",1530,587.32,587.61,586.83,587.49
2025-05-14 20:15:00,2025-05-14T21:15:00,2025-05-14T20:15:00,"{'bid': 587.5, 'ask': 587.63}","{'bid': 587.36, 'ask': 587.5}","{'bid': 587.5, 'ask': 587.65}","{'bid': 586.83, 'ask': 587.35}",426,587.5,587.5,586.83,587.36
2025-05-14 20:30:00,2025-05-14T21:30:00,2025-05-14T20:30:00,"{'bid': 587.35, 'ask': 587.5}","{'bid': 587.38, 'ask': 587.52}","{'bid': 587.43, 'ask': 587.57}","{'bid': 586.83, 'ask': 587.33}",297,587.35,587.43,586.83,587.38
2025-05-14 20:45:00,2025-05-14T21:45:00,2025-05-14T20:45:00,"{'bid': 587.39, 'ask': 587.52}","{'bid': 587.05, 'ask': 587.25}","{'bid': 587.39, 'ask': 587.52}","{'bid': 587.03, 'ask': 587.18}",233,587.39,587.39,587.03,587.05
2025-05-14 21:00:00,2025-05-14T22:00:00,2025-05-14T21:00:00,"{'bid': 587.05, 'ask': 587.37}","{'bid': 587.02, 'ask': 587.23}","{'bid': 587.18, 'ask': 587.37}","{'bid': 586.96, 'ask': 587.14}",42,587.05,587.18,586.96,587.02
2025-05-14 21:15:00,2025-05-14T22:15:00,2025-05-14T21:15:00,"{'bid': 587.02, 'ask': 587.21}","{'bid': 586.76, 'ask': 587.04}","{'bid': 587.02, 'ask': 587.22}","{'bid': 586.76, 'ask': 586.98}",25,587.02,587.02,586.76,586.76
2025-05-14 21:30:00,2025-05-14T22:30:00,2025-05-14T21:30:00,"{'bid': 586.76, 'ask': 587.02}","{'bid': 586.61, 'ask': 586.73}","{'bid': 586.76, 'ask': 587.04}","{'bid': 586.53, 'ask': 586.72}",52,586.76,586.76,586.53,586.61
2025-05-14 21:45:00,2025-05-14T22:45:00,2025-05-14T21:45:00,"{'bid': 586.53, 'ask': 586.73}","{'bid': 586.22, 'ask': 586.72}","{'bid': 586.63, 'ask': 586.9}","{'bid': 586.22, 'ask': 586.7}",50,586.53,586.63,586.22,586.22
2025-05-14 22:00:00,2025-05-14T23:00:00,2025-05-14T22:00:00,"{'bid': 586.46, 'ask': 586.81}","{'bid': 586.51, 'ask': 586.72}","{'bid': 586.8, 'ask': 587.31}","{'bid': 586.22, 'ask': 586.62}",546,586.46,586.8,586.22,586.51
2025-05-14 22:15:00,2025-05-14T23:15:00,2025-05-14T22:15:00,"{'bid': 586.52, 'ask': 586.69}","{'bid': 586.63, 'ask': 586.82}","{'bid': 586.67, 'ask': 586.94}","{'bid': 586.15, 'ask': 586.64}",283,586.52,586.67,586.15,586.63
2025-05-14 22:30:00,2025-05-14T23:30:00,2025-05-14T22:30:00,"{'bid': 586.65, 'ask': 586.82}","{'bid': 586.55, 'ask': 586.72}","{'bid': 586.66, 'ask': 586.95}","{'bid': 586.5, 'ask': 586.67}",139,586.65,586.66,586.5,586.55
2025-05-14 22:45:00,2025-05-14T23:45:00,2025-05-14T22:45:00,"{'bid': 586.53, 'ask': 586.71}","{'bid': 586.56, 'ask': 586.74}","{'bid': 586.72, 'ask': 586.97}","{'bid': 586.4, 'ask': 586.61}",187,586.53,586.72,586.4,586.56
2025-05-14 23:00:00,2025-05-15T00:00:00,2025-05-14T23:00:00,"{'bid': 586.55, 'ask': 586.74}","{'bid': 586.11, 'ask': 586.3}","{'bid': 586.62, 'ask': 586.9}","{'bid': 586.04, 'ask': 586.23}",473,586.55,586.62,586.04,586.11
2025-05-14 23:15:00,2025-05-15T00:15:00,2025-05-14T23:15:00,"{'bid': 586.12, 'ask': 586.31}","{'bid': 585.86, 'ask': 586.06}","{'bid': 586.23, 'ask': 586.42}","{'bid': 585.48, 'ask': 585.92}",312,586.12,586.23,585.48,585.86
2025-05-14 23:30:00,2025-05-15T00:30:00,2025-05-14T23:30:00,"{'bid': 585.85, 'ask': 586.06}","{'bid': 585.84, 'ask': 586.01}","{'bid': 585.93, 'ask': 586.11}","{'bid': 585.45, 'ask': 585.8}",233,585.85,585.93,585.45,585.84
2025-05-14 23:45:00,2025-05-15T00:45:00,2025-05-14T23:45:00,"{'bid': 585.84, 'ask': 586.03}","{'bid': 586.04, 'ask': 586.23}","{'bid': 586.13, 'ask': 586.38}","{'bid': 585.7, 'ask': 586.0}",352,585.84,586.13,585.7,586.04
2025-05-15 08:00:00,2025-05-15T09:00:00,2025-05-15T08:00:00,"{'bid': 584.34, 'ask': 584.6}","{'bid': 584.44, 'ask': 584.62}","{'bid': 584.82, 'ask': 585.65}","{'bid': 583.88, 'ask': 584.48}",1077,584.34,584.82,583.88,584.44
2025-05-15 08:15:00,2025-05-15T09:15:00,2025-05-15T08:15:00,"{'bid': 584.45, 'ask': 584.64}","{'bid': 584.74, 'ask': 584.92}","{'bid': 584.88, 'ask': 585.46}","{'bid': 584.05, 'ask': 584.6}",569,584.45,584.88,584.05,584.74
2025-05-15 08:30:00,2025-05-15T09:30:00,2025-05-15T08:30:00,"{'bid': 584.74, 'ask': 584.91}","{'bid': 583.94, 'ask': 584.11}","{'bid': 584.75, 'ask': 584.97}","{'bid': 583.75, 'ask': 583.93}",752,584.74,584.75,583.75,583.94
2025-05-15 08:45:00,2025-05-15T09:45:00,2025-05-15T08:45:00,"{'bid': 583.96, 'ask': 584.54}","{'bid': 583.62, 'ask': 583.79}","{'bid': 584.1, 'ask': 584.54}","{'bid': 583.08, 'ask': 583.48}",786,583.96,584.1,583.08,583.62
2025-05-15 09:00:00,2025-05-15T10:00:00,2025-05-15T09:00:00,"{'bid': 583.62, 'ask': 583.81}","{'bid': 583.44, 'ask': 583.62}","{'bid': 583.84, 'ask': 584.04}","{'bid': 583.24, 'ask': 583.44}",809,583.62,583.84,583.24,583.44
2025-05-15 09:15:00,2025-05-15T10:15:00,2025-05-15T09:15:00,"{'bid': 583.44, 'ask': 583.64}","{'bid': 584.2, 'ask': 584.37}","{'bid': 584.23, 'ask': 584.4}","{'bid': 583.31, 'ask': 583.5}",669,583.44,584.23,583.31,584.2
2025-05-15 09:30:00,2025-05-15T10:30:00,2025-05-15T09:30:00,"{'bid': 584.19, 'ask': 584.37}","{'bid': 584.34, 'ask': 584.52}","{'bid': 584.41, 'ask': 584.68}","{'bid': 583.87, 'ask': 584.08}",761,584.19,584.41,583.87,584.34
2025-05-15 09:45:00,2025-05-15T10:45:00,2025-05-15T09:45:00,"{'bid': 584.34, 'ask': 584.53}","{'bid': 584.73, 'ask': 584.9}","{'bid': 584.76, 'ask': 584.98}","{'bid': 584.2, 'ask': 584.39}",419,584.34,584.76,584.2,584.73
2025-05-15 10:00:00,2025-05-15T11:00:00,2025-05-15T10:00:00,"{'bid': 584.68, 'ask': 584.86}","{'bid': 584.48, 'ask': 584.65}","{'bid': 584.69, 'ask': 584.88}","{'bid': 584.07, 'ask': 584.25}",623,584.68,584.69,584.07,584.48
2025-05-15 10:15:00,2025-05-15T11:15:00,2025-05-15T10:15:00,"{'bid': 584.48, 'ask': 584.64}","{'bid': 584.41, 'ask': 584.61}","{'bid': 584.52, 'ask': 584.74}","{'bid': 584.09, 'ask': 584.3}",486,584.48,584.52,584.09,584.41
2025-05-15 10:30:00,2025-05-15T11:30:00,2025-05-15T10:30:00,"{'bid': 584.42, 'ask': 584.61}","{'bid': 584.31, 'ask': 584.5}","{'bid': 584.49, 'ask': 584.72}","{'bid': 584.22, 'ask': 584.4}",406,584.42,584.49,584.22,584.31
2025-05-15 10:45:00,2025-05-15T11:45:00,2025-05-15T10:45:00,"{'bid': 584.32, 'ask': 584.5}","{'bid': 584.51, 'ask': 584.69}","{'bid': 584.66, 'ask': 584.9}","{'bid': 584.21, 'ask': 584.39}",415,584.32,584.66,584.21,584.51
2025-05-15 11:00:00,2025-05-15T12:00:00,2025-05-15T11:00:00,"{'bid': 584.51, 'ask': 584.68}","{'bid': 584.89, 'ask': 585.08}","{'bid': 584.89, 'ask': 585.15}","{'bid': 584.36, 'ask': 584.55}",652,584.51,584.89,584.36,584.89
2025-05-15 11:15:00,2025-05-15T12:15:00,2025-05-15T11:15:00,"{'bid': 584.86, 'ask': 585.05}","{'bid': 585.29, 'ask': 585.46}","{'bid': 585.32, 'ask': 585.55}","{'bid': 584.58, 'ask': 584.77}",484,584.86,585.32,584.58,585.29
2025-05-15 11:30:00,2025-05-15T12:30:00,2025-05-15T11:30:00,"{'bid': 585.28, 'ask': 585.45}","{'bid': 585.13, 'ask': 585.31}","{'bid': 585.49, 'ask': 585.66}","{'bid': 585.05, 'ask': 585.3}",429,585.28,585.49,585.05,585.13
2025-05-15 11:45:00,2025-05-15T12:45:00,2025-05-15T11:45:00,"{'bid': 585.12, 'ask': 585.3}","{'bid': 585.03, 'ask': 585.2}","{'bid': 585.16, 'ask': 585.34}","{'bid': 584.78, 'ask': 585.0}",509,585.12,585.16,584.78,585.03
2025-05-15 12:00:00,2025-05-15T13:00:00,2025-05-15T12:00:00,"{'bid': 584.96, 'ask': 585.17}","{'bid': 584.74, 'ask': 584.92}","{'bid': 585.25, 'ask': 585.45}","{'bid': 584.68, 'ask': 584.85}",561,584.96,585.25,584.68,584.74
2025-05-15 12:15:00,2025-05-15T13:15:00,2025-05-15T12:15:00,"{'bid': 584.74, 'ask': 584.91}","{'bid': 584.45, 'ask': 586.52}","{'bid': 584.84, 'ask': 586.52}","{'bid': 584.45, 'ask': 584.63}",514,584.74,584.84,584.45,584.45
2025-05-15 12:30:00,2025-05-15T13:30:00,2025-05-15T12:30:00,"{'bid': 584.36, 'ask': 585.64}","{'bid': 586.13, 'ask': 586.26}","{'bid': 586.43, 'ask': 586.56}","{'bid': 584.03, 'ask': 584.61}",2167,584.36,586.43,584.03,586.13
2025-05-15 12:45:00,2025-05-15T13:45:00,2025-05-15T12:45:00,"{'bid': 586.13, 'ask': 586.29}","{'bid': 585.3, 'ask': 585.42}","{'bid': 586.16, 'ask': 586.29}","{'bid': 584.91, 'ask': 585.05}",1811,586.13,586.16,584.91,585.3
2025-05-15 13:00:00,2025-05-15T14:00:00,2025-05-15T13:00:00,"{'bid': 585.32, 'ask': 585.44}","{'bid': 585.63, 'ask': 585.77}","{'bid': 585.98, 'ask': 586.11}","{'bid': 585.16, 'ask': 585.28}",1311,585.32,585.98,585.16,585.63
2025-05-15 13:15:00,2025-05-15T14:15:00,2025-05-15T13:15:00,"{'bid': 585.63, 'ask': 585.78}","{'bid': 585.51, 'ask': 585.65}","{'bid': 585.78, 'ask': 586.05}","{'bid': 585.24, 'ask': 585.38}",1387,585.63,585.78,585.24,585.51
2025-05-15 13:30:00,2025-05-15T14:30:00,2025-05-15T13:30:00,"{'bid': 585.49, 'ask': 585.64}","{'bid': 586.18, 'ask': 586.3}","{'bid': 586.41, 'ask': 586.53}","{'bid': 585.39, 'ask': 585.56}",5935,585.49,586.41,585.39,586.18
2025-05-15 13:45:00,2025-05-15T14:45:00,2025-05-15T13:45:00,"{'bid': 586.17, 'ask': 586.29}","{'bid': 586.08, 'ask': 586.2}","{'bid': 586.22, 'ask': 586.34}","{'bid': 585.03, 'ask': 585.16}",5553,586.17,586.22,585.03,586.08
2025-05-15 14:00:00,2025-05-15T15:00:00,2025-05-15T14:00:00,"{'bid': 586.07, 'ask': 586.2}","{'bid': 586.17, 'ask': 586.29}","{'bid': 587.07, 'ask': 587.19}","{'bid': 585.5, 'ask': 585.62}",5242,586.07,587.07,585.5,586.17
2025-05-15 14:15:00,2025-05-15T15:15:00,2025-05-15T14:15:00,"{'bid': 586.19, 'ask': 586.31}","{'bid': 585.82, 'ask': 585.95}","{'bid': 586.63, 'ask': 586.75}","{'bid': 585.62, 'ask': 585.75}",4704,586.19,586.63,585.62,585.82
2025-05-15 14:30:00,2025-05-15T15:30:00,2025-05-15T14:30:00,"{'bid': 585.81, 'ask': 585.93}","{'bid': 585.93, 'ask': 586.06}","{'bid': 586.19, 'ask': 586.32}","{'bid': 585.24, 'ask': 585.37}",4539,585.81,586.19,585.24,585.93
2025-05-15 14:45:00,2025-05-15T15:45:00,2025-05-15T14:45:00,"{'bid': 585.92, 'ask': 586.04}","{'bid': 586.58, 'ask': 586.7}","{'bid': 586.58, 'ask': 586.7}","{'bid': 585.56, 'ask': 585.69}",3781,585.92,586.58,585.56,586.58
2025-05-15 15:00:00,2025-05-15T16:00:00,2025-05-15T15:00:00,"{'bid': 586.58, 'ask': 586.71}","{'bid': 587.57, 'ask': 587.69}","{'bid': 587.59, 'ask': 587.72}","{'bid': 586.44, 'ask': 586.56}",3263,586.58,587.59,586.44,587.57
2025-05-15 15:15:00,2025-05-15T16:15:00,2025-05-15T15:15:00,"{'bid': 587.56, 'ask': 587.68}","{'bid': 588.29, 'ask': 588.42}","{'bid': 588.84, 'ask': 588.97}","{'bid': 587.54, 'ask': 587.66}",3394,587.56,588.84,587.54,588.29
2025-05-15 15:30:00,2025-05-15T16:30:00,2025-05-15T15:30:00,"{'bid': 588.3, 'ask': 588.43}","{'bid': 589.21, 'ask': 589.34}","{'bid': 589.36, 'ask': 589.48}","{'bid': 587.99, 'ask': 588.12}",3130,588.3,589.36,587.99,589.21
2025-05-15 15:45:00,2025-05-15T16:45:00,2025-05-15T15:45:00,"{'bid': 589.23, 'ask': 589.35}","{'bid': 589.01, 'ask': 589.14}","{'bid': 589.31, 'ask': 589.44}","{'bid': 588.55, 'ask': 588.68}",2773,589.23,589.31,588.55,589.01
2025-05-15 16:00:00,2025-05-15T17:00:00,2025-05-15T16:00:00,"{'bid': 589.02, 'ask': 589.14}","{'bid': 589.32, 'ask': 589.45}","{'bid': 589.86, 'ask': 590.0}","{'bid': 588.81, 'ask': 588.93}",3014,589.02,589.86,588.81,589.32
2025-05-15 16:15:00,2025-05-15T17:15:00,2025-05-15T16:15:00,"{'bid': 589.33, 'ask': 589.46}","{'bid': 589.11, 'ask': 589.24}","{'bid': 589.5, 'ask': 589.64}","{'bid': 588.71, 'ask': 588.84}",2562,589.33,589.5,588.71,589.11
2025-05-15 16:30:00,2025-05-15T17:30:00,2025-05-15T16:30:00,"{'bid': 589.1, 'ask': 589.22}","{'bid': 589.5, 'ask': 589.63}","{'bid': 589.58, 'ask': 589.71}","{'bid': 588.77, 'ask': 588.89}",2212,589.1,589.58,588.77,589.5
2025-05-15 16:45:00,2025-05-15T17:45:00,2025-05-15T16:45:00,"{'bid': 589.52, 'ask': 589.64}","{'bid': 590.11, 'ask': 590.24}","{'bid': 590.14, 'ask': 590.26}","{'bid': 589.52, 'ask': 589.64}",1966,589.52,590.14,589.52,590.11
2025-05-15 17:00:00,2025-05-15T18:00:00,2025-05-15T17:00:00,"{'bid': 590.13, 'ask': 590.25}","{'bid': 590.22, 'ask': 590.34}","{'bid': 590.6, 'ask': 590.72}","{'bid': 589.95, 'ask': 590.07}",2331,590.13,590.6,589.95,590.22
2025-05-15 17:15:00,2025-05-15T18:15:00,2025-05-15T17:15:00,"{'bid': 590.21, 'ask': 590.34}","{'bid': 590.62, 'ask': 590.74}","{'bid': 590.9, 'ask': 591.03}","{'bid': 590.13, 'ask': 590.26}",2178,590.21,590.9,590.13,590.62
2025-05-15 17:30:00,2025-05-15T18:30:00,2025-05-15T17:30:00,"{'bid': 590.61, 'ask': 590.74}","{'bid': 590.4, 'ask': 590.53}","{'bid': 590.63, 'ask': 590.76}","{'bid': 589.77, 'ask': 589.89}",2506,590.61,590.63,589.77,590.4
2025-05-15 17:45:00,2025-05-15T18:45:00,2025-05-15T17:45:00,"{'bid': 590.41, 'ask': 590.53}","{'bid': 589.83, 'ask': 589.96}","{'bid': 590.46, 'ask': 590.58}","{'bid': 589.66, 'ask': 589.79}",2279,590.41,590.46,589.66,589.83
2025-05-15 18:00:00,2025-05-15T19:00:00,2025-05-15T18:00:00,"{'bid': 589.84, 'ask': 589.96}","{'bid': 589.26, 'ask': 589.38}","{'bid': 589.87, 'ask': 589.99}","{'bid': 589.14, 'ask': 589.26}",3213,589.84,589.87,589.14,589.26
2025-05-15 18:15:00,2025-05-15T19:15:00,2025-05-15T18:15:00,"{'bid': 589.24, 'ask': 589.37}","{'bid': 589.44, 'ask': 589.57}","{'bid': 589.45, 'ask': 589.57}","{'bid': 588.62, 'ask': 588.75}",3604,589.24,589.45,588.62,589.44
2025-05-15 18:30:00,2025-05-15T19:30:00,2025-05-15T18:30:00,"{'bid': 589.43, 'ask': 589.55}","{'bid': 589.98, 'ask': 590.1}","{'bid': 590.27, 'ask': 590.39}","{'bid': 589.34, 'ask': 589.47}",3193,589.43,590.27,589.34,589.98
2025-05-15 18:45:00,2025-05-15T19:45:00,2025-05-15T18:45:00,"{'bid': 589.98, 'ask': 590.11}","{'bid': 589.67, 'ask': 589.8}","{'bid': 590.05, 'ask': 590.18}","{'bid': 589.51, 'ask': 589.63}",3187,589.98,590.05,589.51,589.67
2025-05-15 19:00:00,2025-05-15T20:00:00,2025-05-15T19:00:00,"{'bid': 589.67, 'ask': 589.79}","{'bid': 589.62, 'ask': 589.75}","{'bid': 590.23, 'ask': 590.36}","{'bid': 589.24, 'ask': 589.37}",3478,589.67,590.23,589.24,589.62
2025-05-15 19:15:00,2025-05-15T20:15:00,2025-05-15T19:15:00,"{'bid': 589.6, 'ask': 589.73}","{'bid': 588.71, 'ask': 588.83}","{'bid': 590.08, 'ask': 590.2}","{'bid': 588.25, 'ask': 588.37}",4502,589.6,590.08,588.25,588.71
2025-05-15 19:30:00,2025-05-15T20:30:00,2025-05-15T19:30:00,"{'bid': 588.7, 'ask': 588.82}","{'bid': 589.24, 'ask': 589.37}","{'bid': 589.54, 'ask': 589.66}","{'bid': 588.68, 'ask': 588.8}",3851,588.7,589.54,588.68,589.24
2025-05-15 19:45:00,2025-05-15T20:45:00,2025-05-15T19:45:00,"{'bid': 589.23, 'ask': 589.35}","{'bid': 590.33, 'ask': 590.45}","{'bid': 590.37, 'ask': 590.5}","{'bid': 588.96, 'ask': 589.09}",5623,589.23,590.37,588.96,590.33
2025-05-15 20:00:00,2025-05-15T21:00:00,2025-05-15T20:00:00,"{'bid': 590.35, 'ask': 590.47}","{'bid': 590.24, 'ask': 590.36}","{'bid': 590.65, 'ask': 590.78}","{'bid': 589.75, 'ask': 590.0}",2284,590.35,590.65,589.75,590.24
2025-05-15 20:15:00,2025-05-15T21:15:00,2025-05-15T20:15:00,"{'bid': 590.25, 'ask': 590.38}","{'bid': 590.14, 'ask': 590.26}","{'bid': 590.44, 'ask': 590.57}","{'bid': 590.1, 'ask': 590.23}",629,590.25,590.44,590.1,590.14
2025-05-15 20:30:00,2025-05-15T21:30:00,2025-05-15T20:30:00,"{'bid': 590.16, 'ask': 590.28}","{'bid': 590.2, 'ask': 590.32}","{'bid': 590.28, 'ask': 590.4}","{'bid': 590.1, 'ask': 590.23}",363,590.16,590.28,590.1,590.2
2025-05-15 20:45:00,2025-05-15T21:45:00,2025-05-15T20:45:00,"{'bid': 590.2, 'ask': 590.34}","{'bid': 589.94, 'ask': 590.1}","{'bid': 590.33, 'ask': 590.51}","{'bid': 589.94, 'ask': 590.06}",381,590.2,590.33,589.94,589.94
2025-05-15 21:00:00,2025-05-15T22:00:00,2025-05-15T21:00:00,"{'bid': 589.96, 'ask': 590.08}","{'bid': 589.93, 'ask': 590.12}","{'bid': 590.0, 'ask': 590.22}","{'bid': 589.93, 'ask': 590.08}",35,589.96,590.0,589.93,589.93
2025-05-15 21:15:00,2025-05-15T22:15:00,2025-05-15T21:15:00,"{'bid': 589.93, 'ask': 590.13}","{'bid': 589.99, 'ask': 590.25}","{'bid': 590.08, 'ask': 590.27}","{'bid': 589.93, 'ask': 590.13}",45,589.93,590.08,589.93,589.99
2025-05-15 21:30:00,2025-05-15T22:30:00,2025-05-15T21:30:00,"{'bid': 589.99, 'ask': 590.24}","{'bid': 590.08, 'ask': 590.24}","{'bid': 590.14, 'ask': 590.27}","{'bid': 589.99, 'ask': 590.24}",22,589.99,590.14,589.99,590.08
2025-05-15 21:45:00,2025-05-15T22:45:00,2025-05-15T21:45:00,"{'bid': 590.12, 'ask': 590.25}","{'bid': 590.03, 'ask': 590.3}","{'bid': 590.14, 'ask': 590.3}","{'bid': 589.94, 'ask': 590.19}",27,590.12,590.14,589.94,590.03
2025-05-15 22:00:00,2025-05-15T23:00:00,2025-05-15T22:00:00,"{'bid': 589.96, 'ask': 590.3}","{'bid': 589.97, 'ask': 590.17}","{'bid': 590.09, 'ask': 590.3}","{'bid': 589.66, 'ask': 589.86}",380,589.96,590.09,589.66,589.97
2025-05-15 22:15:00,2025-05-15T23:15:00,2025-05-15T22:15:00,"{'bid': 589.98, 'ask': 590.19}","{'bid': 589.98, 'ask': 590.17}","{'bid': 590.06, 'ask': 590.3}","{'bid': 589.75, 'ask': 589.99}",169,589.98,590.06,589.75,589.98
2025-05-15 22:30:00,2025-05-15T23:30:00,2025-05-15T22:30:00,"{'bid': 589.98, 'ask': 590.15}","{'bid': 589.88, 'ask': 590.05}","{'bid': 590.1, 'ask': 590.3}","{'bid': 589.75, 'ask': 590.0}",188,589.98,590.1,589.75,589.88
2025-05-15 22:45:00,2025-05-15T23:45:00,2025-05-15T22:45:00,"{'bid': 589.89, 'ask': 590.05}","{'bid': 589.62, 'ask': 589.81}","{'bid': 589.94, 'ask': 590.11}","{'bid': 589.56, 'ask': 589.79}",163,589.89,589.94,589.56,589.62
2025-05-15 23:00:00,2025-05-16T00:00:00,2025-05-15T23:00:00,"{'bid': 589.62, 'ask': 589.82}","{'bid': 589.61, 'ask': 589.79}","{'bid': 589.83, 'ask': 590.02}","{'bid': 589.57, 'ask': 589.77}",173,589.62,589.83,589.57,589.61
2025-05-15 23:15:00,2025-05-16T00:15:00,2025-05-15T23:15:00,"{'bid': 589.6, 'ask': 589.78}","{'bid': 589.71, 'ask': 589.87}","{'bid': 589.8, 'ask': 589.97}","{'bid': 589.59, 'ask': 589.78}",114,589.6,589.8,589.59,589.71
2025-05-15 23:30:00,2025-05-16T00:30:00,2025-05-15T23:30:00,"{'bid': 589.7, 'ask': 589.86}","{'bid': 590.1, 'ask': 590.26}","{'bid': 590.17, 'ask': 590.45}","{'bid': 589.7, 'ask': 589.86}",181,589.7,590.17,589.7,590.1
2025-05-15 23:45:00,2025-05-16T00:45:00,2025-05-15T23:45:00,"{'bid': 590.08, 'ask': 590.26}","{'bid': 590.09, 'ask': 590.25}","{'bid': 590.18, 'ask': 590.36}","{'bid': 589.75, 'ask': 590.1}",177,590.08,590.18,589.75,590.09
2025-05-16 08:00:00,2025-05-16T09:00:00,2025-05-16T08:00:00,"{'bid': 591.13, 'ask': 591.33}","{'bid': 591.51, 'ask': 591.66}","{'bid': 591.57, 'ask': 591.95}","{'bid': 590.67, 'ask': 591.2}",708,591.13,591.57,590.67,591.51
2025-05-16 08:15:00,2025-05-16T09:15:00,2025-05-16T08:15:00,"{'bid': 591.5, 'ask': 591.66}","{'bid': 591.54, 'ask': 591.69}","{'bid': 591.56, 'ask': 591.95}","{'bid': 591.28, 'ask': 591.44}",434,591.5,591.56,591.28,591.54
2025-05-16 08:30:00,2025-05-16T09:30:00,2025-05-16T08:30:00,"{'bid': 591.53, 'ask': 591.69}","{'bid': 591.52, 'ask': 591.7}","{'bid': 591.83, 'ask': 592.25}","{'bid': 591.31, 'ask': 591.47}",493,591.53,591.83,591.31,591.52
2025-05-16 08:45:00,2025-05-16T09:45:00,2025-05-16T08:45:00,"{'bid': 591.53, 'ask': 591.7}","{'bid': 591.55, 'ask': 591.72}","{'bid': 591.88, 'ask': 592.25}","{'bid': 590.96, 'ask': 591.56}",437,591.53,591.88,590.96,591.55
2025-05-16 09:00:00,2025-05-16T10:00:00,2025-05-16T09:00:00,"{'bid': 591.54, 'ask': 591.72}","{'bid': 591.56, 'ask': 591.72}","{'bid': 591.63, 'ask': 592.25}","{'bid': 591.32, 'ask': 591.48}",341,591.54,591.63,591.32,591.56
2025-05-16 09:15:00,2025-05-16T10:15:00,2025-05-16T09:15:00,"{'bid': 591.55, 'ask': 591.7}","{'bid': 591.56, 'ask': 591.72}","{'bid': 591.71, 'ask': 591.89}","{'bid': 591.39, 'ask': 591.54}",359,591.55,591.71,591.39,591.56
2025-05-16 09:30:00,2025-05-16T10:30:00,2025-05-16T09:30:00,"{'bid': 591.56, 'ask': 591.73}","{'bid': 591.34, 'ask': 591.5}","{'bid': 591.58, 'ask': 591.74}","{'bid': 591.21, 'ask': 591.43}",330,591.56,591.58,591.21,591.34
2025-05-16 09:45:00,2025-05-16T10:45:00,2025-05-16T09:45:00,"{'bid': 591.33, 'ask': 591.5}","{'bid': 591.22, 'ask': 591.42}","{'bid': 591.45, 'ask': 591.7}","{'bid': 591.09, 'ask': 591.35}",454,591.33,591.45,591.09,591.22
2025-05-16 10:00:00,2025-05-16T11:00:00,2025-05-16T10:00:00,"{'bid': 591.23, 'ask': 591.42}","{'bid': 591.23, 'ask': 591.38}","{'bid': 591.27, 'ask': 591.43}","{'bid': 591.02, 'ask': 591.18}",282,591.23,591.27,591.02,591.23
2025-05-16 10:15:00,2025-05-16T11:15:00,2025-05-16T10:15:00,"{'bid': 591.22, 'ask': 591.38}","{'bid': 591.55, 'ask': 591.72}","{'bid': 591.67, 'ask': 591.85}","{'bid': 591.04, 'ask': 591.29}",422,591.22,591.67,591.04,591.55
2025-05-16 10:30:00,2025-05-16T11:30:00,2025-05-16T10:30:00,"{'bid': 591.57, 'ask': 591.73}","{'bid': 591.7, 'ask': 591.85}","{'bid': 591.82, 'ask': 591.97}","{'bid': 591.33, 'ask': 591.68}",342,591.57,591.82,591.33,591.7
2025-05-16 10:45:00,2025-05-16T11:45:00,2025-05-16T10:45:00,"{'bid': 591.71, 'ask': 591.86}","{'bid': 591.55, 'ask': 591.71}","{'bid': 591.9, 'ask': 592.07}","{'bid': 591.48, 'ask': 591.64}",331,591.71,591.9,591.48,591.55
2025-05-16 11:00:00,2025-05-16T12:00:00,2025-05-16T11:00:00,"{'bid': 591.56, 'ask': 591.71}","{'bid': 591.58, 'ask': 591.72}","{'bid': 591.78, 'ask': 591.97}","{'bid': 591.3, 'ask': 591.54}",440,591.56,591.78,591.3,591.58
2025-05-16 11:15:00,2025-05-16T12:15:00,2025-05-16T11:15:00,"{'bid': 591.59, 'ask': 591.72}","{'bid': 592.04, 'ask': 592.2}","{'bid': 592.12, 'ask': 592.34}","{'bid': 591.46, 'ask': 591.66}",311,591.59,592.12,591.46,592.04
2025-05-16 11:30:00,2025-05-16T12:30:00,2025-05-16T11:30:00,"{'bid': 592.03, 'ask': 592.19}","{'bid': 591.86, 'ask': 592.01}","{'bid': 592.09, 'ask': 592.28}","{'bid': 591.69, 'ask': 591.85}",328,592.03,592.09,591.69,591.86
2025-05-16 11:45:00,2025-05-16T12:45:00,2025-05-16T11:45:00,"{'bid': 591.82, 'ask': 591.99}","{'bid': 592.11, 'ask': 592.3}","{'bid': 592.27, 'ask': 592.47}","{'bid': 591.82, 'ask': 591.98}",317,591.82,592.27,591.82,592.11
2025-05-16 12:00:00,2025-05-16T13:00:00,2025-05-16T12:00:00,"{'bid': 592.11, 'ask': 592.29}","{'bid': 592.23, 'ask': 592.39}","{'bid': 592.27, 'ask': 592.42}","{'bid': 591.89, 'ask': 592.06}",397,592.11,592.27,591.89,592.23
2025-05-16 12:15:00,2025-05-16T13:15:00,2025-05-16T12:15:00,"{'bid': 592.2, 'ask': 592.39}","{'bid': 592.39, 'ask': 592.56}","{'bid': 592.45, 'ask': 592.67}","{'bid': 591.91, 'ask': 592.34}",455,592.2,592.45,591.91,592.39
2025-05-16 12:30:00,2025-05-16T13:30:00,2025-05-16T12:30:00,"{'bid': 592.4, 'ask': 592.62}","{'bid': 591.59, 'ask': 591.73}","{'bid': 592.48, 'ask': 593.11}","{'bid': 591.52, 'ask': 591.7}",852,592.4,592.48,591.52,591.59
2025-05-16 12:45:00,2025-05-16T13:45:00,2025-05-16T12:45:00,"{'bid': 591.59, 'ask': 591.74}","{'bid': 591.21, 'ask': 591.35}","{'bid': 591.7, 'ask': 591.95}","{'bid': 591.06, 'ask': 591.32}",666,591.59,591.7,591.06,591.21
2025-05-16 13:00:00,2025-05-16T14:00:00,2025-05-16T13:00:00,"{'bid': 591.2, 'ask': 591.35}","{'bid': 591.48, 'ask': 591.67}","{'bid': 591.53, 'ask': 591.68}","{'bid': 590.92, 'ask': 591.09}",768,591.2,591.53,590.92,591.48
2025-05-16 13:15:00,2025-05-16T14:15:00,2025-05-16T13:15:00,"{'bid': 591.51, 'ask': 591.67}","{'bid': 591.13, 'ask': 591.38}","{'bid': 591.74, 'ask': 592.05}","{'bid': 590.64, 'ask': 590.88}",2349,591.51,591.74,590.64,591.13
2025-05-16 13:30:00,2025-05-16T14:30:00,2025-05-16T13:30:00,"{'bid': 590.65, 'ask': 591.36}","{'bid': 590.28, 'ask': 590.41}","{'bid': 591.23, 'ask': 591.37}","{'bid': 589.96, 'ask': 590.08}",5803,590.65,591.23,589.96,590.28
2025-05-16 13:45:00,2025-05-16T14:45:00,2025-05-16T13:45:00,"{'bid': 590.27, 'ask': 590.41}","{'bid': 591.29, 'ask': 591.51}","{'bid': 591.29, 'ask': 591.51}","{'bid': 590.22, 'ask': 590.36}",4221,590.27,591.29,590.22,591.29
2025-05-16 14:00:00,2025-05-16T15:00:00,2025-05-16T14:00:00,"{'bid': 591.21, 'ask': 591.39}","{'bid': 590.67, 'ask': 590.8}","{'bid': 591.31, 'ask': 591.43}","{'bid': 590.15, 'ask': 590.38}",4578,591.21,591.31,590.15,590.67
2025-05-16 14:15:00,2025-05-16T15:15:00,2025-05-16T14:15:00,"{'bid': 590.69, 'ask': 590.81}","{'bid': 590.82, 'ask': 590.94}","{'bid': 591.56, 'ask': 591.69}","{'bid': 590.51, 'ask': 590.64}",3356,590.69,591.56,590.51,590.82
2025-05-16 14:30:00,2025-05-16T15:30:00,2025-05-16T14:30:00,"{'bid': 590.81, 'ask': 590.94}","{'bid': 589.37, 'ask': 589.49}","{'bid': 590.85, 'ask': 590.97}","{'bid': 589.22, 'ask': 589.34}",4167,590.81,590.85,589.22,589.37
2025-05-16 14:45:00,2025-05-16T15:45:00,2025-05-16T14:45:00,"{'bid': 589.35, 'ask': 589.48}","{'bid': 590.39, 'ask': 590.52}","{'bid': 590.74, 'ask': 590.86}","{'bid': 589.24, 'ask': 589.37}",3487,589.35,590.74,589.24,590.39
2025-05-16 15:00:00,2025-05-16T16:00:00,2025-05-16T15:00:00,"{'bid': 590.4, 'ask': 590.53}","{'bid': 590.81, 'ask': 590.94}","{'bid': 591.02, 'ask': 591.14}","{'bid': 590.33, 'ask': 590.45}",2967,590.4,591.02,590.33,590.81
2025-05-16 15:15:00,2025-05-16T16:15:00,2025-05-16T15:15:00,"{'bid': 590.8, 'ask': 590.93}","{'bid': 590.84, 'ask': 590.97}","{'bid': 590.99, 'ask': 591.11}","{'bid': 590.32, 'ask': 590.45}",2602,590.8,590.99,590.32,590.84
2025-05-16 15:30:00,2025-05-16T16:30:00,2025-05-16T15:30:00,"{'bid': 590.83, 'ask': 590.96}","{'bid': 591.4, 'ask': 591.53}","{'bid': 591.55, 'ask': 591.67}","{'bid': 590.81, 'ask': 590.94}",2287,590.83,591.55,590.81,591.4
2025-05-16 15:45:00,2025-05-16T16:45:00,2025-05-16T15:45:00,"{'bid': 591.41, 'ask': 591.54}","{'bid': 590.98, 'ask': 591.11}","{'bid': 591.49, 'ask': 591.62}","{'bid': 590.86, 'ask': 590.99}",2187,591.41,591.49,590.86,590.98
2025-05-16 16:00:00,2025-05-16T17:00:00,2025-05-16T16:00:00,"{'bid': 590.97, 'ask': 591.1}","{'bid': 591.82, 'ask': 591.95}","{'bid': 591.89, 'ask': 592.02}","{'bid': 590.85, 'ask': 590.98}",2215,590.97,591.89,590.85,591.82
2025-05-16 16:15:00,2025-05-16T17:15:00,2025-05-16T16:15:00,"{'bid': 591.82, 'ask': 591.94}","{'bid': 592.0, 'ask': 592.13}","{'bid': 592.21, 'ask': 592.34}","{'bid': 591.78, 'ask': 591.91}",1901,591.82,592.21,591.78,592.0
2025-05-16 16:30:00,2025-05-16T17:30:00,2025-05-16T16:30:00,"{'bid': 591.99, 'ask': 592.12}","{'bid': 591.98, 'ask': 592.1}","{'bid': 592.32, 'ask': 592.45}","{'bid': 591.81, 'ask': 591.94}",1859,591.99,592.32,591.81,591.98
2025-05-16 16:45:00,2025-05-16T17:45:00,2025-05-16T16:45:00,"{'bid': 591.99, 'ask': 592.12}","{'bid': 592.18, 'ask': 592.31}","{'bid': 592.45, 'ask': 592.58}","{'bid': 591.71, 'ask': 591.84}",1860,591.99,592.45,591.71,592.18
2025-05-16 17:00:00,2025-05-16T18:00:00,2025-05-16T17:00:00,"{'bid': 592.16, 'ask': 592.29}","{'bid': 592.69, 'ask': 592.82}","{'bid': 592.73, 'ask': 592.86}","{'bid': 592.04, 'ask': 592.16}",1938,592.16,592.73,592.04,592.69
2025-05-16 17:15:00,2025-05-16T18:15:00,2025-05-16T17:15:00,"{'bid': 592.7, 'ask': 592.82}","{'bid': 593.03, 'ask': 593.16}","{'bid': 593.23, 'ask': 593.35}","{'bid': 592.65, 'ask': 592.77}",2135,592.7,593.23,592.65,593.03
2025-05-16 17:30:00,2025-05-16T18:30:00,2025-05-16T17:30:00,"{'bid': 593.04, 'ask': 593.17}","{'bid': 592.97, 'ask': 593.1}","{'bid': 593.41, 'ask': 593.54}","{'bid': 592.85, 'ask': 592.98}",1976,593.04,593.41,592.85,592.97
2025-05-16 17:45:00,2025-05-16T18:45:00,2025-05-16T17:45:00,"{'bid': 592.98, 'ask': 593.11}","{'bid': 592.76, 'ask': 592.89}","{'bid': 593.06, 'ask': 593.19}","{'bid': 592.51, 'ask': 592.64}",1889,592.98,593.06,592.51,592.76
2025-05-16 18:00:00,2025-05-16T19:00:00,2025-05-16T18:00:00,"{'bid': 592.77, 'ask': 592.89}","{'bid': 592.96, 'ask': 593.08}","{'bid': 593.05, 'ask': 593.18}","{'bid': 592.59, 'ask': 592.72}",1772,592.77,593.05,592.59,592.96
2025-05-16 18:15:00,2025-05-16T19:15:00,2025-05-16T18:15:00,"{'bid': 592.96, 'ask': 593.09}","{'bid': 593.19, 'ask': 593.32}","{'bid': 593.36, 'ask': 593.49}","{'bid': 592.85, 'ask': 592.97}",1591,592.96,593.36,592.85,593.19
2025-05-16 18:30:00,2025-05-16T19:30:00,2025-05-16T18:30:00,"{'bid': 593.2, 'ask': 593.33}","{'bid': 593.59, 'ask': 593.72}","{'bid': 593.75, 'ask': 593.88}","{'bid': 593.07, 'ask': 593.19}",1904,593.2,593.75,593.07,593.59
2025-05-16 18:45:00,2025-05-16T19:45:00,2025-05-16T18:45:00,"{'bid': 593.6, 'ask': 593.73}","{'bid': 593.5, 'ask': 593.63}","{'bid': 593.96, 'ask': 594.09}","{'bid': 593.46, 'ask': 593.58}",1736,593.6,593.96,593.46,593.5
2025-05-16 19:00:00,2025-05-16T20:00:00,2025-05-16T19:00:00,"{'bid': 593.49, 'ask': 593.62}","{'bid': 594.03, 'ask': 594.16}","{'bid': 594.28, 'ask': 594.41}","{'bid': 593.47, 'ask': 593.6}",1878,593.49,594.28,593.47,594.03
2025-05-16 19:15:00,2025-05-16T20:15:00,2025-05-16T19:15:00,"{'bid': 594.04, 'ask': 594.17}","{'bid': 593.8, 'ask': 593.93}","{'bid': 594.12, 'ask': 594.25}","{'bid': 593.62, 'ask': 593.75}",1797,594.04,594.12,593.62,593.8
2025-05-16 19:30:00,2025-05-16T20:30:00,2025-05-16T19:30:00,"{'bid': 593.8, 'ask': 593.92}","{'bid': 593.35, 'ask': 593.48}","{'bid': 593.82, 'ask': 593.95}","{'bid': 593.24, 'ask': 593.37}",2380,593.8,593.82,593.24,593.35
2025-05-16 19:45:00,2025-05-16T20:45:00,2025-05-16T19:45:00,"{'bid': 593.36, 'ask': 593.48}","{'bid': 594.21, 'ask': 594.34}","{'bid': 594.44, 'ask': 594.56}","{'bid': 593.17, 'ask': 593.3}",3680,593.36,594.44,593.17,594.21
2025-05-16 20:00:00,2025-05-16T21:00:00,2025-05-16T20:00:00,"{'bid': 594.24, 'ask': 594.37}","{'bid': 594.0, 'ask': 594.12}","{'bid': 594.24, 'ask': 594.37}","{'bid': 593.82, 'ask': 593.95}",1139,594.24,594.24,593.82,594.0
2025-05-16 20:15:00,2025-05-16T21:15:00,2025-05-16T20:15:00,"{'bid': 593.97, 'ask': 594.11}","{'bid': 594.04, 'ask': 594.17}","{'bid': 594.09, 'ask': 594.23}","{'bid': 593.85, 'ask': 593.97}",262,593.97,594.09,593.85,594.04
2025-05-16 20:30:00,2025-05-16T21:30:00,2025-05-16T20:30:00,"{'bid': 594.04, 'ask': 594.16}","{'bid': 593.85, 'ask': 593.99}","{'bid': 594.06, 'ask': 594.22}","{'bid': 593.35, 'ask': 593.72}",255,594.04,594.06,593.35,593.85
2025-05-16 20:45:00,2025-05-16T21:45:00,2025-05-16T20:45:00,"{'bid': 593.82, 'ask': 593.96}","{'bid': 591.53, 'ask': 591.8}","{'bid': 593.82, 'ask': 593.96}","{'bid': 590.37, 'ask': 590.77}",2056,593.82,593.82,590.37,591.53
2025-05-19 08:00:00,2025-05-19T09:00:00,2025-05-19T08:00:00,"{'bid': 587.32, 'ask': 587.54}","{'bid': 587.03, 'ask': 587.23}","{'bid': 587.57, 'ask': 587.9}","{'bid': 586.91, 'ask': 587.1}",1209,587.32,587.57,586.91,587.03
2025-05-19 08:15:00,2025-05-19T09:15:00,2025-05-19T08:15:00,"{'bid': 587.04, 'ask': 587.21}","{'bid': 586.61, 'ask': 586.77}","{'bid': 587.29, 'ask': 587.75}","{'bid': 586.45, 'ask': 586.7}",1065,587.04,587.29,586.45,586.61
2025-05-19 08:30:00,2025-05-19T09:30:00,2025-05-19T08:30:00,"{'bid': 586.62, 'ask': 586.77}","{'bid': 586.36, 'ask': 586.52}","{'bid': 586.64, 'ask': 587.0}","{'bid': 585.96, 'ask': 586.27}",1042,586.62,586.64,585.96,586.36
2025-05-19 08:45:00,2025-05-19T09:45:00,2025-05-19T08:45:00,"{'bid': 586.37, 'ask': 586.53}","{'bid': 586.62, 'ask': 586.8}","{'bid': 586.78, 'ask': 587.15}","{'bid': 586.24, 'ask': 586.42}",841,586.37,586.78,586.24,586.62
2025-05-19 09:00:00,2025-05-19T10:00:00,2025-05-19T09:00:00,"{'bid': 586.61, 'ask': 586.8}","{'bid': 586.77, 'ask': 586.91}","{'bid': 586.77, 'ask': 587.15}","{'bid': 586.19, 'ask': 586.38}",731,586.61,586.77,586.19,586.77
2025-05-19 09:15:00,2025-05-19T10:15:00,2025-05-19T09:15:00,"{'bid': 586.77, 'ask': 586.92}","{'bid': 587.4, 'ask': 587.53}","{'bid': 587.4, 'ask': 587.69}","{'bid': 586.62, 'ask': 586.85}",561,586.77,587.4,586.62,587.4
2025-05-19 09:30:00,2025-05-19T10:30:00,2025-05-19T09:30:00,"{'bid': 587.4, 'ask': 587.56}","{'bid': 587.44, 'ask': 587.62}","{'bid': 587.63, 'ask': 588.05}","{'bid': 587.04, 'ask': 587.38}",595,587.4,587.63,587.04,587.44
2025-05-19 09:45:00,2025-05-19T10:45:00,2025-05-19T09:45:00,"{'bid': 587.44, 'ask': 587.61}","{'bid': 587.24, 'ask': 587.42}","{'bid': 587.44, 'ask': 587.74}","{'bid': 586.93, 'ask': 587.11}",473,587.44,587.44,586.93,587.24
2025-05-19 10:00:00,2025-05-19T11:00:00,2025-05-19T10:00:00,"{'bid': 587.26, 'ask': 587.43}","{'bid': 586.72, 'ask': 586.88}","{'bid': 587.29, 'ask': 587.53}","{'bid': 586.45, 'ask': 586.58}",563,587.26,587.29,586.45,586.72
2025-05-19 10:15:00,2025-05-19T11:15:00,2025-05-19T10:15:00,"{'bid': 586.71, 'ask': 586.88}","{'bid': 587.13, 'ask': 587.31}","{'bid': 587.36, 'ask': 587.75}","{'bid': 586.46, 'ask': 586.74}",774,586.71,587.36,586.46,587.13
2025-05-19 10:30:00,2025-05-19T11:30:00,2025-05-19T10:30:00,"{'bid': 587.13, 'ask': 587.3}","{'bid': 587.78, 'ask': 587.94}","{'bid': 587.86, 'ask': 588.05}","{'bid': 586.78, 'ask': 586.97}",591,587.13,587.86,586.78,587.78
2025-05-19 10:45:00,2025-05-19T11:45:00,2025-05-19T10:45:00,"{'bid': 587.79, 'ask': 587.94}","{'bid': 587.81, 'ask': 587.96}","{'bid': 588.11, 'ask': 588.35}","{'bid': 587.62, 'ask': 587.84}",649,587.79,588.11,587.62,587.81
2025-05-19 11:00:00,2025-05-19T12:00:00,2025-05-19T11:00:00,"{'bid': 587.8, 'ask': 587.96}","{'bid': 587.76, 'ask': 587.92}","{'bid': 588.26, 'ask': 588.65}","{'bid': 587.73, 'ask': 587.89}",812,587.8,588.26,587.73,587.76
2025-05-19 11:15:00,2025-05-19T12:15:00,2025-05-19T11:15:00,"{'bid': 587.74, 'ask': 587.9}","{'bid': 587.8, 'ask': 587.95}","{'bid': 588.21, 'ask': 588.59}","{'bid': 587.6, 'ask': 587.76}",613,587.74,588.21,587.6,587.8
2025-05-19 11:30:00,2025-05-19T12:30:00,2025-05-19T11:30:00,"{'bid': 587.79, 'ask': 587.95}","{'bid': 587.75, 'ask': 587.91}","{'bid': 587.84, 'ask': 588.05}","{'bid': 587.41, 'ask': 587.55}",598,587.79,587.84,587.41,587.75
2025-05-19 11:45:00,2025-05-19T12:45:00,2025-05-19T11:45:00,"{'bid': 587.75, 'ask': 587.89}","{'bid': 588.45, 'ask': 588.59}","{'bid': 588.63, 'ask': 589.16}","{'bid': 587.69, 'ask': 587.87}",858,587.75,588.63,587.69,588.45
2025-05-19 12:00:00,2025-05-19T13:00:00,2025-05-19T12:00:00,"{'bid': 588.45, 'ask': 588.61}","{'bid': 588.32, 'ask': 588.52}","{'bid': 588.76, 'ask': 589.25}","{'bid': 587.94, 'ask': 588.18}",1008,588.45,588.76,587.94,588.32
2025-05-19 12:15:00,2025-05-19T13:15:00,2025-05-19T12:15:00,"{'bid': 588.33, 'ask': 588.52}","{'bid': 587.82, 'ask': 587.97}","{'bid': 588.33, 'ask': 588.52}","{'bid': 587.75, 'ask': 587.91}",767,588.33,588.33,587.75,587.82
2025-05-19 12:30:00,2025-05-19T13:30:00,2025-05-19T12:30:00,"{'bid': 587.82, 'ask': 587.96}","{'bid': 588.38, 'ask': 588.55}","{'bid': 588.43, 'ask': 588.7}","{'bid': 587.63, 'ask': 587.82}",1012,587.82,588.43,587.63,588.38
2025-05-19 12:45:00,2025-05-19T13:45:00,2025-05-19T12:45:00,"{'bid': 588.41, 'ask': 588.54}","{'bid': 588.6, 'ask': 588.74}","{'bid': 588.67, 'ask': 588.82}","{'bid': 588.06, 'ask': 588.33}",791,588.41,588.67,588.06,588.6
2025-05-19 13:00:00,2025-05-19T14:00:00,2025-05-19T13:00:00,"{'bid': 588.6, 'ask': 588.75}","{'bid': 587.53, 'ask': 587.71}","{'bid': 588.7, 'ask': 588.83}","{'bid': 586.96, 'ask': 587.41}",1292,588.6,588.7,586.96,587.53
2025-05-19 13:15:00,2025-05-19T14:15:00,2025-05-19T13:15:00,"{'bid': 587.53, 'ask': 587.68}","{'bid': 588.06, 'ask': 588.22}","{'bid': 588.06, 'ask': 588.57}","{'bid': 586.96, 'ask': 587.27}",1863,587.53,588.06,586.96,588.06
2025-05-19 13:30:00,2025-05-19T14:30:00,2025-05-19T13:30:00,"{'bid': 588.05, 'ask': 588.18}","{'bid': 590.42, 'ask': 590.55}","{'bid': 590.45, 'ask': 590.57}","{'bid': 588.05, 'ask': 588.18}",6139,588.05,590.45,588.05,590.42
2025-05-19 13:45:00,2025-05-19T14:45:00,2025-05-19T13:45:00,"{'bid': 590.41, 'ask': 590.53}","{'bid': 591.18, 'ask': 591.3}","{'bid': 591.35, 'ask': 591.47}","{'bid': 590.12, 'ask': 590.24}",4881,590.41,591.35,590.12,591.18
2025-05-19 14:00:00,2025-05-19T15:00:00,2025-05-19T14:00:00,"{'bid': 591.16, 'ask': 591.29}","{'bid': 592.35, 'ask': 592.47}","{'bid': 593.01, 'ask': 593.15}","{'bid': 590.98, 'ask': 591.11}",5198,591.16,593.01,590.98,592.35
2025-05-19 14:15:00,2025-05-19T15:15:00,2025-05-19T14:15:00,"{'bid': 592.34, 'ask': 592.46}","{'bid': 592.19, 'ask': 592.31}","{'bid': 593.24, 'ask': 593.37}","{'bid': 591.47, 'ask': 591.59}",4065,592.34,593.24,591.47,592.19
2025-05-19 14:30:00,2025-05-19T15:30:00,2025-05-19T14:30:00,"{'bid': 592.21, 'ask': 592.33}","{'bid': 592.47, 'ask': 592.59}","{'bid': 592.86, 'ask': 592.98}","{'bid': 591.71, 'ask': 591.83}",3381,592.21,592.86,591.71,592.47
2025-05-19 14:45:00,2025-05-19T15:45:00,2025-05-19T14:45:00,"{'bid': 592.48, 'ask': 592.6}","{'bid': 591.95, 'ask': 592.07}","{'bid': 592.72, 'ask': 592.85}","{'bid': 591.55, 'ask': 591.68}",3584,592.48,592.72,591.55,591.95
2025-05-19 15:00:00,2025-05-19T16:00:00,2025-05-19T15:00:00,"{'bid': 591.97, 'ask': 592.09}","{'bid': 592.46, 'ask': 592.58}","{'bid': 592.71, 'ask': 592.83}","{'bid': 591.89, 'ask': 592.01}",3171,591.97,592.71,591.89,592.46
2025-05-19 15:15:00,2025-05-19T16:15:00,2025-05-19T15:15:00,"{'bid': 592.45, 'ask': 592.58}","{'bid': 592.29, 'ask': 592.41}","{'bid': 592.8, 'ask': 592.93}","{'bid': 592.14, 'ask': 592.27}",2747,592.45,592.8,592.14,592.29
2025-05-19 15:30:00,2025-05-19T16:30:00,2025-05-19T15:30:00,"{'bid': 592.3, 'ask': 592.42}","{'bid': 593.23, 'ask': 593.36}","{'bid': 593.71, 'ask': 593.84}","{'bid': 592.18, 'ask': 592.31}",2864,592.3,593.71,592.18,593.23
2025-05-19 15:45:00,2025-05-19T16:45:00,2025-05-19T15:45:00,"{'bid': 593.24, 'ask': 593.37}","{'bid': 593.04, 'ask': 593.16}","{'bid': 593.5, 'ask': 593.63}","{'bid': 592.57, 'ask': 592.69}",2825,593.24,593.5,592.57,593.04
2025-05-19 16:00:00,2025-05-19T17:00:00,2025-05-19T16:00:00,"{'bid': 593.05, 'ask': 593.17}","{'bid': 593.35, 'ask': 593.47}","{'bid': 593.47, 'ask': 593.6}","{'bid': 592.87, 'ask': 593.0}",2207,593.05,593.47,592.87,593.35
2025-05-19 16:15:00,2025-05-19T17:15:00,2025-05-19T16:15:00,"{'bid': 593.34, 'ask': 593.47}","{'bid': 593.91, 'ask': 594.04}","{'bid': 594.07, 'ask': 594.19}","{'bid': 593.07, 'ask': 593.2}",2078,593.34,594.07,593.07,593.91
2025-05-19 16:30:00,2025-05-19T17:30:00,2025-05-19T16:30:00,"{'bid': 593.91, 'ask': 594.03}","{'bid': 593.69, 'ask': 593.81}","{'bid': 594.0, 'ask': 594.12}","{'bid': 593.51, 'ask': 593.63}",2034,593.91,594.0,593.51,593.69
2025-05-19 16:45:00,2025-05-19T17:45:00,2025-05-19T16:45:00,"{'bid': 593.69, 'ask': 593.82}","{'bid': 594.48, 'ask': 594.61}","{'bid': 594.69, 'ask': 594.82}","{'bid': 593.57, 'ask': 593.69}",2369,593.69,594.69,593.57,594.48
2025-05-19 17:00:00,2025-05-19T18:00:00,2025-05-19T17:00:00,"{'bid': 594.48, 'ask': 594.6}","{'bid': 595.25, 'ask': 595.37}","{'bid': 595.48, 'ask': 595.6}","{'bid': 594.38, 'ask': 594.51}",2718,594.48,595.48,594.38,595.25
2025-05-19 17:15:00,2025-05-19T18:15:00,2025-05-19T17:15:00,"{'bid': 595.26, 'ask': 595.39}","{'bid': 595.04, 'ask': 595.17}","{'bid': 595.42, 'ask': 595.54}","{'bid': 594.9, 'ask': 595.02}",2285,595.26,595.42,594.9,595.04
2025-05-19 17:30:00,2025-05-19T18:30:00,2025-05-19T17:30:00,"{'bid': 595.05, 'ask': 595.17}","{'bid': 594.88, 'ask': 595.01}","{'bid': 595.41, 'ask': 595.53}","{'bid': 594.71, 'ask': 594.83}",2450,595.05,595.41,594.71,594.88
2025-05-19 17:45:00,2025-05-19T18:45:00,2025-05-19T17:45:00,"{'bid': 594.9, 'ask': 595.02}","{'bid': 594.29, 'ask': 594.42}","{'bid': 594.91, 'ask': 595.04}","{'bid': 594.25, 'ask': 594.38}",2345,594.9,594.91,594.25,594.29
2025-05-19 18:00:00,2025-05-19T19:00:00,2025-05-19T18:00:00,"{'bid': 594.3, 'ask': 594.43}","{'bid': 594.03, 'ask': 594.16}","{'bid': 594.48, 'ask': 594.61}","{'bid': 593.87, 'ask': 594.0}",2168,594.3,594.48,593.87,594.03
2025-05-19 18:15:00,2025-05-19T19:15:00,2025-05-19T18:15:00,"{'bid': 594.03, 'ask': 594.15}","{'bid': 593.69, 'ask': 593.82}","{'bid': 594.07, 'ask': 594.2}","{'bid': 593.27, 'ask': 593.4}",2852,594.03,594.07,593.27,593.69
2025-05-19 18:30:00,2025-05-19T19:30:00,2025-05-19T18:30:00,"{'bid': 593.7, 'ask': 593.82}","{'bid': 594.12, 'ask': 594.24}","{'bid': 594.43, 'ask': 594.56}","{'bid': 593.52, 'ask': 593.65}",2260,593.7,594.43,593.52,594.12
2025-05-19 18:45:00,2025-05-19T19:45:00,2025-05-19T18:45:00,"{'bid': 594.11, 'ask': 594.23}","{'bid': 594.32, 'ask': 594.45}","{'bid': 594.39, 'ask': 594.51}","{'bid': 593.79, 'ask': 593.92}",2133,594.11,594.39,593.79,594.32
2025-05-19 19:00:00,2025-05-19T20:00:00,2025-05-19T19:00:00,"{'bid': 594.33, 'ask': 594.45}","{'bid': 593.8, 'ask': 593.92}","{'bid': 594.6, 'ask': 594.73}","{'bid': 593.71, 'ask': 593.83}",2461,594.33,594.6,593.71,593.8
2025-05-19 19:15:00,2025-05-19T20:15:00,2025-05-19T19:15:00,"{'bid': 593.79, 'ask': 593.92}","{'bid': 593.49, 'ask': 593.62}","{'bid': 593.9, 'ask': 594.03}","{'bid': 593.11, 'ask': 593.23}",2512,593.79,593.9,593.11,593.49
2025-05-19 19:30:00,2025-05-19T20:30:00,2025-05-19T19:30:00,"{'bid': 593.5, 'ask': 593.63}","{'bid': 593.69, 'ask': 593.82}","{'bid': 593.96, 'ask': 594.09}","{'bid': 593.46, 'ask': 593.59}",2639,593.5,593.96,593.46,593.69
2025-05-19 19:45:00,2025-05-19T20:45:00,2025-05-19T19:45:00,"{'bid': 593.69, 'ask': 593.81}","{'bid': 594.86, 'ask': 594.98}","{'bid': 595.18, 'ask': 595.31}","{'bid': 593.63, 'ask': 593.75}",4345,593.69,595.18,593.63,594.86
2025-05-19 20:00:00,2025-05-19T21:00:00,2025-05-19T20:00:00,"{'bid': 594.81, 'ask': 594.93}","{'bid': 594.05, 'ask': 594.18}","{'bid': 595.0, 'ask': 595.12}","{'bid': 593.81, 'ask': 593.93}",1271,594.81,595.0,593.81,594.05
2025-05-19 20:15:00,2025-05-19T21:15:00,2025-05-19T20:15:00,"{'bid': 594.06, 'ask': 594.19}","{'bid': 594.26, 'ask': 594.38}","{'bid': 594.28, 'ask': 594.55}","{'bid': 593.87, 'ask': 594.01}",352,594.06,594.28,593.87,594.26
2025-05-19 20:30:00,2025-05-19T21:30:00,2025-05-19T20:30:00,"{'bid': 594.24, 'ask': 594.38}","{'bid': 594.56, 'ask': 594.7}","{'bid': 594.61, 'ask': 594.95}","{'bid': 594.15, 'ask': 594.3}",293,594.24,594.61,594.15,594.56
2025-05-19 20:45:00,2025-05-19T21:45:00,2025-05-19T20:45:00,"{'bid': 594.55, 'ask': 594.7}","{'bid': 594.74, 'ask': 594.92}","{'bid': 594.82, 'ask': 595.03}","{'bid': 594.52, 'ask': 594.66}",319,594.55,594.82,594.52,594.74
2025-05-19 21:00:00,2025-05-19T22:00:00,2025-05-19T21:00:00,"{'bid': 593.95, 'ask': 594.92}","{'bid': 594.74, 'ask': 595.0}","{'bid': 594.74, 'ask': 595.0}","{'bid': 593.95, 'ask': 594.79}",33,593.95,594.74,593.95,594.74
2025-05-19 21:15:00,2025-05-19T22:15:00,2025-05-19T21:15:00,"{'bid': 594.74, 'ask': 594.9}","{'bid': 594.54, 'ask': 594.84}","{'bid': 594.74, 'ask': 595.0}","{'bid': 594.46, 'ask': 594.74}",22,594.74,594.74,594.46,594.54
2025-05-19 21:30:00,2025-05-19T22:30:00,2025-05-19T21:30:00,"{'bid': 594.54, 'ask': 595.0}","{'bid': 594.81, 'ask': 595.03}","{'bid': 594.85, 'ask': 595.03}","{'bid': 594.54, 'ask': 594.97}",21,594.54,594.85,594.54,594.81
2025-05-19 21:45:00,2025-05-19T22:45:00,2025-05-19T21:45:00,"{'bid': 594.8, 'ask': 594.93}","{'bid': 594.7, 'ask': 594.86}","{'bid': 594.81, 'ask': 595.0}","{'bid': 594.63, 'ask': 594.85}",71,594.8,594.81,594.63,594.7
2025-05-19 22:00:00,2025-05-19T23:00:00,2025-05-19T22:00:00,"{'bid': 594.69, 'ask': 594.85}","{'bid': 594.68, 'ask': 594.85}","{'bid': 594.82, 'ask': 595.03}","{'bid': 594.32, 'ask': 594.52}",408,594.69,594.82,594.32,594.68
2025-05-19 22:15:00,2025-05-19T23:15:00,2025-05-19T22:15:00,"{'bid': 594.68, 'ask': 594.86}","{'bid': 594.68, 'ask': 594.83}","{'bid': 594.85, 'ask': 595.03}","{'bid': 594.57, 'ask': 594.8}",237,594.68,594.85,594.57,594.68
2025-05-19 22:30:00,2025-05-19T23:30:00,2025-05-19T22:30:00,"{'bid': 594.67, 'ask': 594.83}","{'bid': 594.67, 'ask': 594.85}","{'bid': 594.76, 'ask': 594.93}","{'bid': 594.33, 'ask': 594.64}",241,594.67,594.76,594.33,594.67
2025-05-19 22:45:00,2025-05-19T23:45:00,2025-05-19T22:45:00,"{'bid': 594.65, 'ask': 594.84}","{'bid': 594.7, 'ask': 594.86}","{'bid': 594.73, 'ask': 594.89}","{'bid': 594.62, 'ask': 594.79}",123,594.65,594.73,594.62,594.7
2025-05-19 23:00:00,2025-05-20T00:00:00,2025-05-19T23:00:00,"{'bid': 594.69, 'ask': 594.86}","{'bid': 595.08, 'ask': 595.24}","{'bid': 595.23, 'ask': 595.5}","{'bid': 594.6, 'ask': 594.74}",352,594.69,595.23,594.6,595.08
2025-05-19 23:15:00,2025-05-20T00:15:00,2025-05-19T23:15:00,"{'bid': 595.07, 'ask': 595.24}","{'bid': 595.33, 'ask': 595.5}","{'bid': 595.36, 'ask': 595.55}","{'bid': 594.97, 'ask': 595.14}",288,595.07,595.36,594.97,595.33
2025-05-19 23:30:00,2025-05-20T00:30:00,2025-05-19T23:30:00,"{'bid': 595.33, 'ask': 595.48}","{'bid': 595.58, 'ask': 595.73}","{'bid': 595.92, 'ask': 596.45}","{'bid': 595.15, 'ask': 595.47}",397,595.33,595.92,595.15,595.58
2025-05-19 23:45:00,2025-05-20T00:45:00,2025-05-19T23:45:00,"{'bid': 595.58, 'ask': 595.74}","{'bid': 595.43, 'ask': 595.59}","{'bid': 595.66, 'ask': 595.93}","{'bid': 594.86, 'ask': 595.27}",295,595.58,595.66,594.86,595.43
2025-05-20 08:00:00,2025-05-20T09:00:00,2025-05-20T08:00:00,"{'bid': 593.31, 'ask': 593.51}","{'bid': 592.85, 'ask': 593.07}","{'bid': 593.6, 'ask': 594.05}","{'bid': 592.74, 'ask': 592.94}",745,593.31,593.6,592.74,592.85
2025-05-20 08:15:00,2025-05-20T09:15:00,2025-05-20T08:15:00,"{'bid': 592.85, 'ask': 593.06}","{'bid': 593.3, 'ask': 593.46}","{'bid': 593.52, 'ask': 594.05}","{'bid': 592.75, 'ask': 592.92}",643,592.85,593.52,592.75,593.3
2025-05-20 08:30:00,2025-05-20T09:30:00,2025-05-20T08:30:00,"{'bid': 593.3, 'ask': 593.45}","{'bid': 593.42, 'ask': 593.59}","{'bid': 593.47, 'ask': 593.75}","{'bid': 593.02, 'ask': 593.2}",528,593.3,593.47,593.02,593.42
2025-05-20 08:45:00,2025-05-20T09:45:00,2025-05-20T08:45:00,"{'bid': 593.39, 'ask': 593.58}","{'bid': 593.08, 'ask': 593.25}","{'bid': 593.65, 'ask': 594.05}","{'bid': 592.89, 'ask': 593.18}",498,593.39,593.65,592.89,593.08
2025-05-20 09:00:00,2025-05-20T10:00:00,2025-05-20T09:00:00,"{'bid': 593.08, 'ask': 593.26}","{'bid': 593.05, 'ask': 593.2}","{'bid': 593.54, 'ask': 593.73}","{'bid': 592.99, 'ask': 593.17}",421,593.08,593.54,592.99,593.05
2025-05-20 09:15:00,2025-05-20T10:15:00,2025-05-20T09:15:00,"{'bid': 593.06, 'ask': 593.22}","{'bid': 592.82, 'ask': 592.97}","{'bid': 593.24, 'ask': 593.45}","{'bid': 592.68, 'ask': 592.95}",408,593.06,593.24,592.68,592.82
2025-05-20 09:30:00,2025-05-20T10:30:00,2025-05-20T09:30:00,"{'bid': 592.81, 'ask': 592.96}","{'bid': 592.99, 'ask': 593.16}","{'bid': 593.15, 'ask': 593.3}","{'bid': 592.68, 'ask': 592.96}",453,592.81,593.15,592.68,592.99
2025-05-20 09:45:00,2025-05-20T10:45:00,2025-05-20T09:45:00,"{'bid': 593.0, 'ask': 593.16}","{'bid': 592.94, 'ask': 593.1}","{'bid': 593.03, 'ask': 593.18}","{'bid': 592.77, 'ask': 592.95}",376,593.0,593.03,592.77,592.94
2025-05-20 10:00:00,2025-05-20T11:00:00,2025-05-20T10:00:00,"{'bid': 592.92, 'ask': 593.11}","{'bid': 593.4, 'ask': 593.56}","{'bid': 593.48, 'ask': 593.75}","{'bid': 592.69, 'ask': 592.91}",620,592.92,593.48,592.69,593.4
2025-05-20 10:15:00,2025-05-20T11:15:00,2025-05-20T10:15:00,"{'bid': 593.42, 'ask': 593.57}","{'bid': 593.49, 'ask': 593.65}","{'bid': 593.78, 'ask': 594.29}","{'bid': 593.36, 'ask': 593.55}",363,593.42,593.78,593.36,593.49
2025-05-20 10:30:00,2025-05-20T11:30:00,2025-05-20T10:30:00,"{'bid': 593.49, 'ask': 593.66}","{'bid': 593.44, 'ask': 593.6}","{'bid': 593.62, 'ask': 594.05}","{'bid': 593.21, 'ask': 593.38}",503,593.49,593.62,593.21,593.44
2025-05-20 10:45:00,2025-05-20T11:45:00,2025-05-20T10:45:00,"{'bid': 593.45, 'ask': 593.6}","{'bid': 593.93, 'ask': 594.08}","{'bid': 593.95, 'ask': 594.35}","{'bid': 593.41, 'ask': 593.58}",452,593.45,593.95,593.41,593.93
2025-05-20 11:00:00,2025-05-20T12:00:00,2025-05-20T11:00:00,"{'bid': 593.91, 'ask': 594.07}","{'bid': 594.01, 'ask': 594.17}","{'bid': 594.16, 'ask': 594.65}","{'bid': 593.65, 'ask': 594.0}",583,593.91,594.16,593.65,594.01
2025-05-20 11:15:00,2025-05-20T12:15:00,2025-05-20T11:15:00,"{'bid': 594.02, 'ask': 594.17}","{'bid': 594.17, 'ask': 594.32}","{'bid': 594.24, 'ask': 594.65}","{'bid': 593.96, 'ask': 594.13}",321,594.02,594.24,593.96,594.17
2025-05-20 11:30:00,2025-05-20T12:30:00,2025-05-20T11:30:00,"{'bid': 594.15, 'ask': 594.31}","{'bid': 594.02, 'ask': 594.21}","{'bid': 594.32, 'ask': 594.88}","{'bid': 593.95, 'ask': 594.12}",394,594.15,594.32,593.95,594.02
2025-05-20 11:45:00,2025-05-20T12:45:00,2025-05-20T11:45:00,"{'bid': 594.03, 'ask': 594.2}","{'bid': 593.9, 'ask': 594.05}","{'bid': 594.18, 'ask': 594.65}","{'bid': 593.9, 'ask': 594.02}",286,594.03,594.18,593.9,593.9
2025-05-20 12:00:00,2025-05-20T13:00:00,2025-05-20T12:00:00,"{'bid': 593.9, 'ask': 594.03}","{'bid': 593.98, 'ask': 594.15}","{'bid': 594.19, 'ask': 594.51}","{'bid': 593.75, 'ask': 593.9}",532,593.9,594.19,593.75,593.98
2025-05-20 12:15:00,2025-05-20T13:15:00,2025-05-20T12:15:00,"{'bid': 593.96, 'ask': 594.13}","{'bid': 593.78, 'ask': 593.93}","{'bid': 594.14, 'ask': 594.27}","{'bid': 593.72, 'ask': 593.86}",610,593.96,594.14,593.72,593.78
2025-05-20 12:30:00,2025-05-20T13:30:00,2025-05-20T12:30:00,"{'bid': 593.8, 'ask': 593.94}","{'bid': 593.41, 'ask': 593.55}","{'bid': 593.85, 'ask': 594.04}","{'bid': 593.1, 'ask': 593.27}",759,593.8,593.85,593.1,593.41
2025-05-20 12:45:00,2025-05-20T13:45:00,2025-05-20T12:45:00,"{'bid': 593.38, 'ask': 593.53}","{'bid': 593.46, 'ask': 593.6}","{'bid': 593.65, 'ask': 594.04}","{'bid': 593.23, 'ask': 593.4}",649,593.38,593.65,593.23,593.46
2025-05-20 13:00:00,2025-05-20T14:00:00,2025-05-20T13:00:00,"{'bid': 593.45, 'ask': 593.6}","{'bid': 593.77, 'ask': 593.92}","{'bid': 593.87, 'ask': 594.16}","{'bid': 593.38, 'ask': 593.55}",631,593.45,593.87,593.38,593.77
2025-05-20 13:15:00,2025-05-20T14:15:00,2025-05-20T13:15:00,"{'bid': 593.8, 'ask': 593.95}","{'bid': 593.02, 'ask': 593.16}","{'bid': 593.95, 'ask': 594.09}","{'bid': 592.88, 'ask': 593.11}",1157,593.8,593.95,592.88,593.02
2025-05-20 13:30:00,2025-05-20T14:30:00,2025-05-20T13:30:00,"{'bid': 593.04, 'ask': 593.74}","{'bid': 592.95, 'ask': 593.07}","{'bid': 593.56, 'ask': 593.74}","{'bid': 592.69, 'ask': 592.82}",5962,593.04,593.56,592.69,592.95
2025-05-20 13:45:00,2025-05-20T14:45:00,2025-05-20T13:45:00,"{'bid': 592.97, 'ask': 593.09}","{'bid': 592.78, 'ask': 592.9}","{'bid': 593.48, 'ask': 593.6}","{'bid': 591.99, 'ask': 592.12}",5845,592.97,593.48,591.99,592.78
2025-05-20 14:00:00,2025-05-20T15:00:00,2025-05-20T14:00:00,"{'bid': 592.76, 'ask': 592.88}","{'bid': 592.77, 'ask': 592.89}","{'bid': 593.3, 'ask': 593.42}","{'bid': 592.29, 'ask': 592.42}",5279,592.76,593.3,592.29,592.77
2025-05-20 14:15:00,2025-05-20T15:15:00,2025-05-20T14:15:00,"{'bid': 592.76, 'ask': 592.88}","{'bid': 592.85, 'ask': 592.98}","{'bid': 593.39, 'ask': 593.52}","{'bid': 592.46, 'ask': 592.59}",4207,592.76,593.39,592.46,592.85
2025-05-20 14:30:00,2025-05-20T15:30:00,2025-05-20T14:30:00,"{'bid': 592.83, 'ask': 592.96}","{'bid': 593.86, 'ask': 593.99}","{'bid': 593.89, 'ask': 594.02}","{'bid': 592.57, 'ask': 592.69}",3531,592.83,593.89,592.57,593.86
2025-05-20 14:45:00,2025-05-20T15:45:00,2025-05-20T14:45:00,"{'bid': 593.87, 'ask': 594.0}","{'bid': 592.9, 'ask': 593.02}","{'bid': 593.99, 'ask': 594.11}","{'bid': 592.82, 'ask': 592.94}",3035,593.87,593.99,592.82,592.9
2025-05-20 15:00:00,2025-05-20T16:00:00,2025-05-20T15:00:00,"{'bid': 592.88, 'ask': 593.01}","{'bid': 593.23, 'ask': 593.36}","{'bid': 593.34, 'ask': 593.47}","{'bid': 592.42, 'ask': 592.55}",3326,592.88,593.34,592.42,593.23
2025-05-20 15:15:00,2025-05-20T16:15:00,2025-05-20T15:15:00,"{'bid': 593.24, 'ask': 593.36}","{'bid': 593.37, 'ask': 593.5}","{'bid': 593.57, 'ask': 593.7}","{'bid': 592.96, 'ask': 593.08}",2403,593.24,593.57,592.96,593.37
2025-05-20 15:30:00,2025-05-20T16:30:00,2025-05-20T15:30:00,"{'bid': 593.38, 'ask': 593.5}","{'bid': 592.6, 'ask': 592.73}","{'bid': 593.47, 'ask': 593.6}","{'bid': 592.51, 'ask': 592.63}",2796,593.38,593.47,592.51,592.6
2025-05-20 15:45:00,2025-05-20T16:45:00,2025-05-20T15:45:00,"{'bid': 592.6, 'ask': 592.72}","{'bid': 593.14, 'ask': 593.26}","{'bid': 593.35, 'ask': 593.48}","{'bid': 592.4, 'ask': 592.53}",2611,592.6,593.35,592.4,593.14
2025-05-20 16:00:00,2025-05-20T17:00:00,2025-05-20T16:00:00,"{'bid': 593.13, 'ask': 593.26}","{'bid': 592.53, 'ask': 592.65}","{'bid': 593.28, 'ask': 593.41}","{'bid': 592.17, 'ask': 592.3}",2647,593.13,593.28,592.17,592.53
2025-05-20 16:15:00,2025-05-20T17:15:00,2025-05-20T16:15:00,"{'bid': 592.51, 'ask': 592.64}","{'bid': 592.62, 'ask': 592.74}","{'bid': 592.83, 'ask': 592.96}","{'bid': 592.18, 'ask': 592.3}",2286,592.51,592.83,592.18,592.62
2025-05-20 16:30:00,2025-05-20T17:30:00,2025-05-20T16:30:00,"{'bid': 592.63, 'ask': 592.76}","{'bid': 593.32, 'ask': 593.45}","{'bid': 593.35, 'ask': 593.48}","{'bid': 592.58, 'ask': 592.7}",1990,592.63,593.35,592.58,593.32
2025-05-20 16:45:00,2025-05-20T17:45:00,2025-05-20T16:45:00,"{'bid': 593.33, 'ask': 593.46}","{'bid': 593.31, 'ask': 593.43}","{'bid': 593.51, 'ask': 593.64}","{'bid': 593.12, 'ask': 593.25}",1733,593.33,593.51,593.12,593.31
2025-05-20 17:00:00,2025-05-20T18:00:00,2025-05-20T17:00:00,"{'bid': 593.32, 'ask': 593.45}","{'bid': 593.68, 'ask': 593.81}","{'bid': 593.74, 'ask': 593.86}","{'bid': 593.22, 'ask': 593.35}",1720,593.32,593.74,593.22,593.68
2025-05-20 17:15:00,2025-05-20T18:15:00,2025-05-20T17:15:00,"{'bid': 593.69, 'ask': 593.82}","{'bid': 593.39, 'ask': 593.52}","{'bid': 593.69, 'ask': 593.82}","{'bid': 593.13, 'ask': 593.26}",1926,593.69,593.69,593.13,593.39
2025-05-20 17:30:00,2025-05-20T18:30:00,2025-05-20T17:30:00,"{'bid': 593.4, 'ask': 593.52}","{'bid': 592.97, 'ask': 593.1}","{'bid': 593.46, 'ask': 593.58}","{'bid': 592.75, 'ask': 592.87}",2808,593.4,593.46,592.75,592.97
2025-05-20 17:45:00,2025-05-20T18:45:00,2025-05-20T17:45:00,"{'bid': 592.95, 'ask': 593.08}","{'bid': 592.93, 'ask': 593.06}","{'bid': 593.01, 'ask': 593.14}","{'bid': 592.39, 'ask': 592.52}",2283,592.95,593.01,592.39,592.93
2025-05-20 18:00:00,2025-05-20T19:00:00,2025-05-20T18:00:00,"{'bid': 592.92, 'ask': 593.05}","{'bid': 592.91, 'ask': 593.03}","{'bid': 593.11, 'ask': 593.23}","{'bid': 592.7, 'ask': 592.82}",1839,592.92,593.11,592.7,592.91
2025-05-20 18:15:00,2025-05-20T19:15:00,2025-05-20T18:15:00,"{'bid': 592.91, 'ask': 593.04}","{'bid': 590.76, 'ask': 590.88}","{'bid': 593.01, 'ask': 593.13}","{'bid': 590.56, 'ask': 590.68}",4447,592.91,593.01,590.56,590.76
2025-05-20 18:30:00,2025-05-20T19:30:00,2025-05-20T18:30:00,"{'bid': 590.74, 'ask': 590.87}","{'bid': 590.93, 'ask': 591.05}","{'bid': 591.53, 'ask': 591.66}","{'bid': 590.52, 'ask': 590.65}",4762,590.74,591.53,590.52,590.93
2025-05-20 18:45:00,2025-05-20T19:45:00,2025-05-20T18:45:00,"{'bid': 590.92, 'ask': 591.04}","{'bid': 590.82, 'ask': 590.95}","{'bid': 591.16, 'ask': 591.29}","{'bid': 590.66, 'ask': 590.79}",3494,590.92,591.16,590.66,590.82
2025-05-20 19:00:00,2025-05-20T20:00:00,2025-05-20T19:00:00,"{'bid': 590.81, 'ask': 590.94}","{'bid': 590.86, 'ask': 590.99}","{'bid': 590.92, 'ask': 591.05}","{'bid': 589.55, 'ask': 589.67}",4477,590.81,590.92,589.55,590.86
2025-05-20 19:15:00,2025-05-20T20:15:00,2025-05-20T19:15:00,"{'bid': 590.85, 'ask': 590.97}","{'bid': 591.26, 'ask': 591.38}","{'bid': 591.59, 'ask': 591.71}","{'bid': 590.62, 'ask': 590.75}",2915,590.85,591.59,590.62,591.26
2025-05-20 19:30:00,2025-05-20T20:30:00,2025-05-20T19:30:00,"{'bid': 591.27, 'ask': 591.39}","{'bid': 591.6, 'ask': 591.72}","{'bid': 592.23, 'ask': 592.36}","{'bid': 591.27, 'ask': 591.39}",2746,591.27,592.23,591.27,591.6
2025-05-20 19:45:00,2025-05-20T20:45:00,2025-05-20T19:45:00,"{'bid': 591.61, 'ask': 591.74}","{'bid': 592.75, 'ask': 592.88}","{'bid': 592.9, 'ask': 593.02}","{'bid': 591.3, 'ask': 591.43}",4095,591.61,592.9,591.3,592.75
2025-05-20 20:00:00,2025-05-20T21:00:00,2025-05-20T20:00:00,"{'bid': 592.77, 'ask': 592.89}","{'bid': 592.03, 'ask': 592.16}","{'bid': 592.84, 'ask': 592.96}","{'bid': 591.85, 'ask': 592.1}",1443,592.77,592.84,591.85,592.03
2025-05-20 20:15:00,2025-05-20T21:15:00,2025-05-20T20:15:00,"{'bid': 592.05, 'ask': 592.18}","{'bid': 592.58, 'ask': 592.71}","{'bid': 592.63, 'ask': 592.9}","{'bid': 592.03, 'ask': 592.17}",372,592.05,592.63,592.03,592.58
2025-05-20 20:30:00,2025-05-20T21:30:00,2025-05-20T20:30:00,"{'bid': 592.57, 'ask': 592.71}","{'bid': 592.32, 'ask': 592.45}","{'bid': 592.57, 'ask': 592.71}","{'bid': 592.28, 'ask': 592.45}",244,592.57,592.57,592.28,592.32
2025-05-20 20:45:00,2025-05-20T21:45:00,2025-05-20T20:45:00,"{'bid': 592.35, 'ask': 592.84}","{'bid': 591.9, 'ask': 592.52}","{'bid': 592.37, 'ask': 592.84}","{'bid': 591.9, 'ask': 592.24}",294,592.35,592.37,591.9,591.9
2025-05-20 21:00:00,2025-05-20T22:00:00,2025-05-20T21:00:00,"{'bid': 592.23, 'ask': 593.15}","{'bid': 592.2, 'ask': 592.47}","{'bid': 592.23, 'ask': 593.15}","{'bid': 591.9, 'ask': 592.35}",26,592.23,592.23,591.9,592.2
2025-05-20 21:15:00,2025-05-20T22:15:00,2025-05-20T21:15:00,"{'bid': 592.2, 'ask': 592.4}","{'bid': 592.15, 'ask': 592.4}","{'bid': 592.2, 'ask': 592.4}","{'bid': 591.95, 'ask': 592.25}",35,592.2,592.2,591.95,592.15
2025-05-20 21:30:00,2025-05-20T22:30:00,2025-05-20T21:30:00,"{'bid': 592.15, 'ask': 592.33}","{'bid': 592.13, 'ask': 592.34}","{'bid': 592.2, 'ask': 592.4}","{'bid': 592.13, 'ask': 592.25}",9,592.15,592.2,592.13,592.13
2025-05-20 21:45:00,2025-05-20T22:45:00,2025-05-20T21:45:00,"{'bid': 592.14, 'ask': 592.4}","{'bid': 592.13, 'ask': 592.33}","{'bid': 592.19, 'ask': 592.4}","{'bid': 592.13, 'ask': 592.3}",24,592.14,592.19,592.13,592.13
2025-05-20 22:00:00,2025-05-20T23:00:00,2025-05-20T22:00:00,"{'bid': 592.01, 'ask': 592.33}","{'bid': 590.71, 'ask': 590.9}","{'bid': 592.11, 'ask': 592.34}","{'bid': 590.35, 'ask': 590.63}",1285,592.01,592.11,590.35,590.71
2025-05-20 22:15:00,2025-05-20T23:15:00,2025-05-20T22:15:00,"{'bid': 590.63, 'ask': 590.9}","{'bid': 591.11, 'ask': 591.27}","{'bid': 591.33, 'ask': 591.51}","{'bid': 590.29, 'ask': 590.63}",835,590.63,591.33,590.29,591.11
2025-05-20 22:30:00,2025-05-20T23:30:00,2025-05-20T22:30:00,"{'bid': 591.1, 'ask': 591.25}","{'bid': 591.55, 'ask': 591.72}","{'bid': 591.69, 'ask': 591.89}","{'bid': 591.05, 'ask': 591.25}",464,591.1,591.69,591.05,591.55
2025-05-20 22:45:00,2025-05-20T23:45:00,2025-05-20T22:45:00,"{'bid': 591.56, 'ask': 591.72}","{'bid': 591.61, 'ask': 591.8}","{'bid': 591.68, 'ask': 591.87}","{'bid': 591.24, 'ask': 591.43}",275,591.56,591.68,591.24,591.61
2025-05-20 23:00:00,2025-05-21T00:00:00,2025-05-20T23:00:00,"{'bid': 591.62, 'ask': 591.81}","{'bid': 592.04, 'ask': 592.24}","{'bid': 592.14, 'ask': 592.31}","{'bid': 591.41, 'ask': 591.73}",307,591.62,592.14,591.41,592.04
2025-05-20 23:15:00,2025-05-21T00:15:00,2025-05-20T23:15:00,"{'bid': 592.04, 'ask': 592.23}","{'bid': 591.99, 'ask': 592.16}","{'bid': 592.12, 'ask': 592.34}","{'bid': 591.89, 'ask': 592.07}",215,592.04,592.12,591.89,591.99
2025-05-20 23:30:00,2025-05-21T00:30:00,2025-05-20T23:30:00,"{'bid': 591.99, 'ask': 592.15}","{'bid': 591.82, 'ask': 591.99}","{'bid': 592.03, 'ask': 592.4}","{'bid': 591.55, 'ask': 591.94}",160,591.99,592.03,591.55,591.82
2025-05-20 23:45:00,2025-05-21T00:45:00,2025-05-20T23:45:00,"{'bid': 591.82, 'ask': 591.98}","{'bid': 589.05, 'ask': 595.03}","{'bid': 592.28, 'ask': 595.03}","{'bid': 589.05, 'ask': 591.97}",228,591.82,592.28,589.05,589.05
2025-05-21 08:00:00,2025-05-21T09:00:00,2025-05-21T08:00:00,"{'bid': 590.21, 'ask': 590.43}","{'bid': 590.0, 'ask': 590.15}","{'bid': 590.31, 'ask': 590.75}","{'bid': 589.89, 'ask': 590.07}",679,590.21,590.31,589.89,590.0
2025-05-21 08:15:00,2025-05-21T09:15:00,2025-05-21T08:15:00,"{'bid': 589.97, 'ask': 590.15}","{'bid': 589.88, 'ask': 590.06}","{'bid': 590.03, 'ask': 590.45}","{'bid': 589.63, 'ask': 589.83}",579,589.97,590.03,589.63,589.88
2025-05-21 08:30:00,2025-05-21T09:30:00,2025-05-21T08:30:00,"{'bid': 589.88, 'ask': 590.04}","{'bid': 589.39, 'ask': 589.55}","{'bid': 589.92, 'ask': 590.4}","{'bid': 588.95, 'ask': 589.17}",719,589.88,589.92,588.95,589.39
2025-05-21 08:45:00,2025-05-21T09:45:00,2025-05-21T08:45:00,"{'bid': 589.42, 'ask': 589.62}","{'bid': 589.66, 'ask': 589.81}","{'bid': 589.66, 'ask': 589.85}","{'bid': 589.16, 'ask': 589.42}",380,589.42,589.66,589.16,589.66
2025-05-21 09:00:00,2025-05-21T10:00:00,2025-05-21T09:00:00,"{'bid': 589.69, 'ask': 589.88}","{'bid': 589.39, 'ask': 589.56}","{'bid': 589.98, 'ask': 590.32}","{'bid': 589.24, 'ask': 589.48}",484,589.69,589.98,589.24,589.39
2025-05-21 09:15:00,2025-05-21T10:15:00,2025-05-21T09:15:00,"{'bid': 589.39, 'ask': 589.55}","{'bid': 589.22, 'ask': 589.4}","{'bid': 589.54, 'ask': 589.95}","{'bid': 588.96, 'ask': 589.32}",277,589.39,589.54,588.96,589.22
2025-05-21 09:30:00,2025-05-21T10:30:00,2025-05-21T09:30:00,"{'bid': 589.22, 'ask': 589.39}","{'bid': 588.49, 'ask': 588.64}","{'bid': 589.3, 'ask': 589.79}","{'bid': 588.36, 'ask': 588.55}",761,589.22,589.3,588.36,588.49
2025-05-21 09:45:00,2025-05-21T10:45:00,2025-05-21T09:45:00,"{'bid': 588.49, 'ask': 588.65}","{'bid': 588.45, 'ask': 588.62}","{'bid': 588.71, 'ask': 588.95}","{'bid': 588.1, 'ask': 588.41}",540,588.49,588.71,588.1,588.45
2025-05-21 10:00:00,2025-05-21T11:00:00,2025-05-21T10:00:00,"{'bid': 588.44, 'ask': 588.62}","{'bid': 588.24, 'ask': 588.4}","{'bid': 588.5, 'ask': 588.78}","{'bid': 587.96, 'ask': 588.16}",739,588.44,588.5,587.96,588.24
2025-05-21 10:15:00,2025-05-21T11:15:00,2025-05-21T10:15:00,"{'bid': 588.25, 'ask': 588.39}","{'bid': 587.85, 'ask': 588.01}","{'bid': 588.41, 'ask': 588.85}","{'bid': 587.39, 'ask': 587.68}",789,588.25,588.41,587.39,587.85
2025-05-21 10:30:00,2025-05-21T11:30:00,2025-05-21T10:30:00,"{'bid': 587.88, 'ask': 588.03}","{'bid': 588.52, 'ask': 588.67}","{'bid': 588.53, 'ask': 588.95}","{'bid': 587.88, 'ask': 588.03}",642,587.88,588.53,587.88,588.52
2025-05-21 10:45:00,2025-05-21T11:45:00,2025-05-21T10:45:00,"{'bid': 588.53, 'ask': 588.71}","{'bid': 588.94, 'ask': 589.11}","{'bid': 588.96, 'ask': 589.25}","{'bid': 588.43, 'ask': 588.6}",508,588.53,588.96,588.43,588.94
2025-05-21 11:00:00,2025-05-21T12:00:00,2025-05-21T11:00:00,"{'bid': 588.55, 'ask': 589.11}","{'bid': 589.09, 'ask': 589.24}","{'bid': 589.24, 'ask': 589.55}","{'bid': 588.55, 'ask': 589.06}",509,588.55,589.24,588.55,589.09
2025-05-21 11:15:00,2025-05-21T12:15:00,2025-05-21T11:15:00,"{'bid': 589.08, 'ask': 589.24}","{'bid': 589.78, 'ask': 589.93}","{'bid': 589.95, 'ask': 590.15}","{'bid': 589.03, 'ask': 589.2}",590,589.08,589.95,589.03,589.78
2025-05-21 11:30:00,2025-05-21T12:30:00,2025-05-21T11:30:00,"{'bid': 589.8, 'ask': 589.94}","{'bid': 590.15, 'ask': 590.3}","{'bid': 590.22, 'ask': 590.75}","{'bid': 589.45, 'ask': 589.65}",671,589.8,590.22,589.45,590.15
2025-05-21 11:45:00,2025-05-21T12:45:00,2025-05-21T11:45:00,"{'bid': 590.15, 'ask': 590.31}","{'bid': 590.06, 'ask': 590.18}","{'bid': 590.39, 'ask': 590.75}","{'bid': 589.67, 'ask': 589.91}",636,590.15,590.39,589.67,590.06
2025-05-21 12:00:00,2025-05-21T13:00:00,2025-05-21T12:00:00,"{'bid': 590.06, 'ask': 590.21}","{'bid': 589.19, 'ask': 589.34}","{'bid': 590.11, 'ask': 590.4}","{'bid': 589.04, 'ask': 589.2}",973,590.06,590.11,589.04,589.19
2025-05-21 12:15:00,2025-05-21T13:15:00,2025-05-21T12:15:00,"{'bid': 589.19, 'ask': 589.33}","{'bid': 589.7, 'ask': 589.83}","{'bid': 589.99, 'ask': 590.16}","{'bid': 589.15, 'ask': 589.33}",853,589.19,589.99,589.15,589.7
2025-05-21 12:30:00,2025-05-21T13:30:00,2025-05-21T12:30:00,"{'bid': 589.7, 'ask': 589.82}","{'bid': 588.88, 'ask': 589.02}","{'bid': 589.7, 'ask': 589.91}","{'bid': 588.63, 'ask': 588.79}",926,589.7,589.7,588.63,588.88
2025-05-21 12:45:00,2025-05-21T13:45:00,2025-05-21T12:45:00,"{'bid': 588.88, 'ask': 589.03}","{'bid': 589.27, 'ask': 589.42}","{'bid': 589.32, 'ask': 589.47}","{'bid': 588.77, 'ask': 588.93}",699,588.88,589.32,588.77,589.27
2025-05-21 13:00:00,2025-05-21T14:00:00,2025-05-21T13:00:00,"{'bid': 589.25, 'ask': 589.39}","{'bid': 588.44, 'ask': 588.59}","{'bid': 589.38, 'ask': 589.57}","{'bid': 588.39, 'ask': 588.52}",978,589.25,589.38,588.39,588.44
2025-05-21 13:15:00,2025-05-21T14:15:00,2025-05-21T13:15:00,"{'bid': 588.47, 'ask': 588.92}","{'bid': 588.38, 'ask': 588.5}","{'bid': 588.62, 'ask': 588.92}","{'bid': 587.74, 'ask': 588.02}",1634,588.47,588.62,587.74,588.38
2025-05-21 13:30:00,2025-05-21T14:30:00,2025-05-21T13:30:00,"{'bid': 588.37, 'ask': 588.51}","{'bid': 589.71, 'ask': 589.83}","{'bid': 589.91, 'ask': 590.03}","{'bid': 588.32, 'ask': 588.5}",6399,588.37,589.91,588.32,589.71
2025-05-21 13:45:00,2025-05-21T14:45:00,2025-05-21T13:45:00,"{'bid': 589.72, 'ask': 589.85}","{'bid': 589.78, 'ask': 589.91}","{'bid': 590.45, 'ask': 590.58}","{'bid': 589.62, 'ask': 589.75}",4746,589.72,590.45,589.62,589.78
2025-05-21 14:00:00,2025-05-21T15:00:00,2025-05-21T14:00:00,"{'bid': 589.78, 'ask': 589.9}","{'bid': 589.93, 'ask': 590.06}","{'bid': 591.34, 'ask': 591.49}","{'bid': 589.72, 'ask': 589.85}",6286,589.78,591.34,589.72,589.93
2025-05-21 14:15:00,2025-05-21T15:15:00,2025-05-21T14:15:00,"{'bid': 589.93, 'ask': 590.05}","{'bid': 589.56, 'ask': 589.68}","{'bid': 590.5, 'ask': 590.62}","{'bid': 589.52, 'ask': 589.65}",4555,589.93,590.5,589.52,589.56
2025-05-21 14:30:00,2025-05-21T15:30:00,2025-05-21T14:30:00,"{'bid': 589.57, 'ask': 589.69}","{'bid': 589.27, 'ask': 589.39}","{'bid': 590.07, 'ask': 590.19}","{'bid': 589.11, 'ask': 589.23}",5290,589.57,590.07,589.11,589.27
2025-05-21 14:45:00,2025-05-21T15:45:00,2025-05-21T14:45:00,"{'bid': 589.26, 'ask': 589.39}","{'bid': 590.59, 'ask': 590.72}","{'bid': 590.63, 'ask': 590.76}","{'bid': 588.8, 'ask': 588.92}",4903,589.26,590.63,588.8,590.59
2025-05-21 15:00:00,2025-05-21T16:00:00,2025-05-21T15:00:00,"{'bid': 590.58, 'ask': 590.7}","{'bid': 591.93, 'ask': 592.05}","{'bid': 591.99, 'ask': 592.12}","{'bid': 590.3, 'ask': 590.43}",4589,590.58,591.99,590.3,591.93
2025-05-21 15:15:00,2025-05-21T16:15:00,2025-05-21T15:15:00,"{'bid': 591.93, 'ask': 592.06}","{'bid': 591.73, 'ask': 591.86}","{'bid': 592.18, 'ask': 592.3}","{'bid': 591.42, 'ask': 591.54}",3819,591.93,592.18,591.42,591.73
2025-05-21 15:30:00,2025-05-21T16:30:00,2025-05-21T15:30:00,"{'bid': 591.72, 'ask': 591.84}","{'bid': 591.73, 'ask': 591.86}","{'bid': 591.84, 'ask': 591.97}","{'bid': 591.19, 'ask': 591.32}",3611,591.72,591.84,591.19,591.73
2025-05-21 15:45:00,2025-05-21T16:45:00,2025-05-21T15:45:00,"{'bid': 591.73, 'ask': 591.85}","{'bid': 591.68, 'ask': 591.81}","{'bid': 592.13, 'ask': 592.25}","{'bid': 591.37, 'ask': 591.5}",3184,591.73,592.13,591.37,591.68
2025-05-21 16:00:00,2025-05-21T17:00:00,2025-05-21T16:00:00,"{'bid': 591.67, 'ask': 591.79}","{'bid': 591.89, 'ask': 592.01}","{'bid': 592.23, 'ask': 592.36}","{'bid': 591.49, 'ask': 591.62}",3132,591.67,592.23,591.49,591.89
2025-05-21 16:15:00,2025-05-21T17:15:00,2025-05-21T16:15:00,"{'bid': 591.87, 'ask': 592.0}","{'bid': 591.71, 'ask': 591.84}","{'bid': 591.97, 'ask': 592.1}","{'bid': 591.37, 'ask': 591.49}",2885,591.87,591.97,591.37,591.71
2025-05-21 16:30:00,2025-05-21T17:30:00,2025-05-21T16:30:00,"{'bid': 591.73, 'ask': 591.85}","{'bid': 591.98, 'ask': 592.11}","{'bid': 592.19, 'ask': 592.31}","{'bid': 591.62, 'ask': 591.75}",2457,591.73,592.19,591.62,591.98
2025-05-21 16:45:00,2025-05-21T17:45:00,2025-05-21T16:45:00,"{'bid': 591.97, 'ask': 592.09}","{'bid': 591.55, 'ask': 591.67}","{'bid': 592.52, 'ask': 592.65}","{'bid': 591.49, 'ask': 591.61}",2726,591.97,592.52,591.49,591.55
2025-05-21 17:00:00,2025-05-21T18:00:00,2025-05-21T17:00:00,"{'bid': 591.57, 'ask': 591.69}","{'bid': 590.07, 'ask': 590.2}","{'bid': 591.71, 'ask': 591.84}","{'bid': 589.83, 'ask': 589.96}",4977,591.57,591.71,589.83,590.07
2025-05-21 17:15:00,2025-05-21T18:15:00,2025-05-21T17:15:00,"{'bid': 590.09, 'ask': 590.21}","{'bid': 584.64, 'ask': 584.77}","{'bid': 590.12, 'ask': 590.25}","{'bid': 584.48, 'ask': 584.61}",10966,590.09,590.12,584.48,584.64
2025-05-21 17:30:00,2025-05-21T18:30:00,2025-05-21T17:30:00,"{'bid': 584.65, 'ask': 584.77}","{'bid': 586.29, 'ask': 586.42}","{'bid': 587.69, 'ask': 587.81}","{'bid': 583.74, 'ask': 583.86}",11083,584.65,587.69,583.74,586.29
2025-05-21 17:45:00,2025-05-21T18:45:00,2025-05-21T17:45:00,"{'bid': 586.31, 'ask': 586.44}","{'bid': 586.08, 'ask': 586.2}","{'bid': 587.11, 'ask': 587.24}","{'bid': 585.47, 'ask': 585.6}",9140,586.31,587.11,585.47,586.08
2025-05-21 18:00:00,2025-05-21T19:00:00,2025-05-21T18:00:00,"{'bid': 586.09, 'ask': 586.22}","{'bid': 585.27, 'ask': 585.4}","{'bid': 586.32, 'ask': 586.44}","{'bid': 584.73, 'ask': 584.85}",7860,586.09,586.32,584.73,585.27
2025-05-21 18:15:00,2025-05-21T19:15:00,2025-05-21T18:15:00,"{'bid': 585.26, 'ask': 585.38}","{'bid': 585.21, 'ask': 585.33}","{'bid': 585.75, 'ask': 585.88}","{'bid': 584.1, 'ask': 584.22}",7068,585.26,585.75,584.1,585.21
2025-05-21 18:30:00,2025-05-21T19:30:00,2025-05-21T18:30:00,"{'bid': 585.21, 'ask': 585.34}","{'bid': 585.78, 'ask': 585.91}","{'bid': 586.22, 'ask': 586.34}","{'bid': 585.01, 'ask': 585.13}",6034,585.21,586.22,585.01,585.78
2025-05-21 18:45:00,2025-05-21T19:45:00,2025-05-21T18:45:00,"{'bid': 585.77, 'ask': 585.89}","{'bid': 583.95, 'ask': 584.08}","{'bid': 585.96, 'ask': 586.09}","{'bid': 583.72, 'ask': 583.85}",6051,585.77,585.96,583.72,583.95
2025-05-21 19:00:00,2025-05-21T20:00:00,2025-05-21T19:00:00,"{'bid': 583.96, 'ask': 584.08}","{'bid': 583.43, 'ask': 583.56}","{'bid': 584.54, 'ask': 584.66}","{'bid': 582.24, 'ask': 582.36}",7071,583.96,584.54,582.24,583.43
2025-05-21 19:15:00,2025-05-21T20:15:00,2025-05-21T19:15:00,"{'bid': 583.44, 'ask': 583.56}","{'bid': 582.19, 'ask': 582.31}","{'bid': 583.62, 'ask': 583.75}","{'bid': 581.75, 'ask': 581.88}",7200,583.44,583.62,581.75,582.19
2025-05-21 19:30:00,2025-05-21T20:30:00,2025-05-21T19:30:00,"{'bid': 582.21, 'ask': 582.33}","{'bid': 584.39, 'ask': 584.51}","{'bid': 584.57, 'ask': 584.69}","{'bid': 582.21, 'ask': 582.33}",6995,582.21,584.57,582.21,584.39
2025-05-21 19:45:00,2025-05-21T20:45:00,2025-05-21T19:45:00,"{'bid': 584.38, 'ask': 584.51}","{'bid': 582.89, 'ask': 583.01}","{'bid': 584.52, 'ask': 584.64}","{'bid': 582.89, 'ask': 583.01}",7674,584.38,584.52,582.89,582.89
2025-05-21 20:00:00,2025-05-21T21:00:00,2025-05-21T20:00:00,"{'bid': 582.92, 'ask': 583.05}","{'bid': 582.28, 'ask': 582.41}","{'bid': 583.11, 'ask': 583.55}","{'bid': 582.12, 'ask': 582.25}",2100,582.92,583.11,582.12,582.28
2025-05-21 20:15:00,2025-05-21T21:15:00,2025-05-21T20:15:00,"{'bid': 582.28, 'ask': 582.4}","{'bid': 582.58, 'ask': 582.72}","{'bid': 582.78, 'ask': 583.02}","{'bid': 582.21, 'ask': 582.33}",957,582.28,582.78,582.21,582.58
2025-05-21 20:30:00,2025-05-21T21:30:00,2025-05-21T20:30:00,"{'bid': 582.61, 'ask': 582.75}","{'bid': 582.73, 'ask': 582.87}","{'bid': 582.83, 'ask': 582.97}","{'bid': 582.45, 'ask': 582.66}",526,582.61,582.83,582.45,582.73
2025-05-21 20:45:00,2025-05-21T21:45:00,2025-05-21T20:45:00,"{'bid': 582.75, 'ask': 582.9}","{'bid': 582.7, 'ask': 582.97}","{'bid': 582.98, 'ask': 583.15}","{'bid': 582.65, 'ask': 582.82}",397,582.75,582.98,582.65,582.7
2025-05-21 21:00:00,2025-05-21T22:00:00,2025-05-21T21:00:00,"{'bid': 582.71, 'ask': 582.97}","{'bid': 582.7, 'ask': 582.97}","{'bid': 582.85, 'ask': 582.97}","{'bid': 582.65, 'ask': 582.82}",21,582.71,582.85,582.65,582.7
2025-05-21 21:15:00,2025-05-21T22:15:00,2025-05-21T21:15:00,"{'bid': 582.72, 'ask': 582.97}","{'bid': 583.02, 'ask': 583.24}","{'bid': 583.21, 'ask': 583.34}","{'bid': 582.72, 'ask': 582.97}",93,582.72,583.21,582.72,583.02
2025-05-21 21:30:00,2025-05-21T22:30:00,2025-05-21T21:30:00,"{'bid': 583.03, 'ask': 583.24}","{'bid': 582.96, 'ask': 583.17}","{'bid': 583.03, 'ask': 583.24}","{'bid': 582.95, 'ask': 583.11}",42,583.03,583.03,582.95,582.96
2025-05-21 21:45:00,2025-05-21T22:45:00,2025-05-21T21:45:00,"{'bid': 582.96, 'ask': 583.21}","{'bid': 582.85, 'ask': 583.32}","{'bid': 582.96, 'ask': 583.32}","{'bid': 582.85, 'ask': 582.98}",50,582.96,582.96,582.85,582.85
2025-05-21 22:00:00,2025-05-21T23:00:00,2025-05-21T22:00:00,"{'bid': 582.82, 'ask': 583.0}","{'bid': 582.35, 'ask': 582.54}","{'bid': 583.53, 'ask': 583.72}","{'bid': 582.0, 'ask': 582.33}",994,582.82,583.53,582.0,582.35
2025-05-21 22:15:00,2025-05-21T23:15:00,2025-05-21T22:15:00,"{'bid': 582.35, 'ask': 582.53}","{'bid': 582.8, 'ask': 582.97}","{'bid': 582.86, 'ask': 583.12}","{'bid': 582.13, 'ask': 582.45}",516,582.35,582.86,582.13,582.8
2025-05-21 22:30:00,2025-05-21T23:30:00,2025-05-21T22:30:00,"{'bid': 582.8, 'ask': 583.0}","{'bid': 582.69, 'ask': 582.88}","{'bid': 582.96, 'ask': 583.17}","{'bid': 582.62, 'ask': 582.8}",465,582.8,582.96,582.62,582.69
2025-05-21 22:45:00,2025-05-21T23:45:00,2025-05-21T22:45:00,"{'bid': 582.68, 'ask': 582.87}","{'bid': 582.77, 'ask': 582.97}","{'bid': 582.9, 'ask': 583.14}","{'bid': 582.6, 'ask': 582.77}",326,582.68,582.9,582.6,582.77
2025-05-21 23:00:00,2025-05-22T00:00:00,2025-05-21T23:00:00,"{'bid': 582.79, 'ask': 582.97}","{'bid': 583.07, 'ask': 583.25}","{'bid': 583.13, 'ask': 583.28}","{'bid': 582.57, 'ask': 582.76}",442,582.79,583.13,582.57,583.07
2025-05-21 23:15:00,2025-05-22T00:15:00,2025-05-21T23:15:00,"{'bid': 583.06, 'ask': 583.24}","{'bid': 583.26, 'ask': 583.45}","{'bid': 583.5, 'ask': 583.7}","{'bid': 583.05, 'ask': 583.24}",395,583.06,583.5,583.05,583.26
2025-05-21 23:30:00,2025-05-22T00:30:00,2025-05-21T23:30:00,"{'bid': 583.22, 'ask': 583.4}","{'bid': 583.06, 'ask': 583.2}","{'bid': 583.23, 'ask': 583.55}","{'bid': 582.85, 'ask': 583.02}",325,583.22,583.23,582.85,583.06
2025-05-21 23:45:00,2025-05-22T00:45:00,2025-05-21T23:45:00,"{'bid': 583.07, 'ask': 583.2}","{'bid': 583.02, 'ask': 583.19}","{'bid': 583.17, 'ask': 583.38}","{'bid': 582.85, 'ask': 583.07}",308,583.07,583.17,582.85,583.02
2025-05-22 08:00:00,2025-05-22T09:00:00,2025-05-22T08:00:00,"{'bid': 583.87, 'ask': 584.11}","{'bid': 583.69, 'ask': 583.89}","{'bid': 584.26, 'ask': 584.75}","{'bid': 583.57, 'ask': 583.77}",569,583.87,584.26,583.57,583.69
2025-05-22 08:15:00,2025-05-22T09:15:00,2025-05-22T08:15:00,"{'bid': 583.71, 'ask': 583.9}","{'bid': 584.18, 'ask': 584.37}","{'bid': 584.36, 'ask': 584.75}","{'bid': 583.7, 'ask': 583.9}",367,583.71,584.36,583.7,584.18
2025-05-22 08:30:00,2025-05-22T09:30:00,2025-05-22T08:30:00,"{'bid': 584.15, 'ask': 584.37}","{'bid': 584.19, 'ask': 584.34}","{'bid': 584.32, 'ask': 584.75}","{'bid': 583.65, 'ask': 583.85}",598,584.15,584.32,583.65,584.19
2025-05-22 08:45:00,2025-05-22T09:45:00,2025-05-22T08:45:00,"{'bid': 584.2, 'ask': 584.37}","{'bid': 583.96, 'ask': 584.11}","{'bid': 584.3, 'ask': 584.72}","{'bid': 583.91, 'ask': 584.11}",469,584.2,584.3,583.91,583.96
2025-05-22 09:00:00,2025-05-22T10:00:00,2025-05-22T09:00:00,"{'bid': 583.95, 'ask': 584.11}","{'bid': 583.68, 'ask': 583.84}","{'bid': 583.95, 'ask': 584.12}","{'bid': 583.35, 'ask': 583.56}",527,583.95,583.95,583.35,583.68
2025-05-22 09:15:00,2025-05-22T10:15:00,2025-05-22T09:15:00,"{'bid': 583.67, 'ask': 583.84}","{'bid': 584.0, 'ask': 584.14}","{'bid': 584.0, 'ask': 584.45}","{'bid': 583.4, 'ask': 583.57}",536,583.67,584.0,583.4,584.0
2025-05-22 09:30:00,2025-05-22T10:30:00,2025-05-22T09:30:00,"{'bid': 584.0, 'ask': 584.15}","{'bid': 583.68, 'ask': 583.84}","{'bid': 584.21, 'ask': 584.41}","{'bid': 583.6, 'ask': 583.83}",380,584.0,584.21,583.6,583.68
2025-05-22 09:45:00,2025-05-22T10:45:00,2025-05-22T09:45:00,"{'bid': 583.67, 'ask': 583.83}","{'bid': 583.8, 'ask': 583.98}","{'bid': 583.86, 'ask': 584.02}","{'bid': 583.42, 'ask': 583.58}",482,583.67,583.86,583.42,583.8
2025-05-22 10:00:00,2025-05-22T11:00:00,2025-05-22T10:00:00,"{'bid': 583.79, 'ask': 583.98}","{'bid': 583.86, 'ask': 584.02}","{'bid': 583.87, 'ask': 584.15}","{'bid': 583.19, 'ask': 583.37}",756,583.79,583.87,583.19,583.86
2025-05-22 10:15:00,2025-05-22T11:15:00,2025-05-22T10:15:00,"{'bid': 583.87, 'ask': 584.03}","{'bid': 584.01, 'ask': 584.18}","{'bid': 584.1, 'ask': 584.45}","{'bid': 583.73, 'ask': 583.9}",514,583.87,584.1,583.73,584.01
2025-05-22 10:30:00,2025-05-22T11:30:00,2025-05-22T10:30:00,"{'bid': 584.03, 'ask': 584.18}","{'bid': 583.81, 'ask': 583.97}","{'bid': 584.05, 'ask': 584.45}","{'bid': 583.66, 'ask': 583.88}",427,584.03,584.05,583.66,583.81
2025-05-22 10:45:00,2025-05-22T11:45:00,2025-05-22T10:45:00,"{'bid': 583.82, 'ask': 583.97}","{'bid': 583.51, 'ask': 583.69}","{'bid': 583.94, 'ask': 584.45}","{'bid': 583.3, 'ask': 583.57}",563,583.82,583.94,583.3,583.51
2025-05-22 11:00:00,2025-05-22T12:00:00,2025-05-22T11:00:00,"{'bid': 583.5, 'ask': 583.69}","{'bid': 583.43, 'ask': 583.57}","{'bid': 584.55, 'ask': 584.72}","{'bid': 583.27, 'ask': 583.53}",994,583.5,584.55,583.27,583.43
2025-05-22 11:15:00,2025-05-22T12:15:00,2025-05-22T11:15:00,"{'bid': 583.41, 'ask': 583.57}","{'bid': 583.03, 'ask': 583.2}","{'bid': 584.03, 'ask': 584.45}","{'bid': 583.01, 'ask': 583.2}",891,583.41,584.03,583.01,583.03
2025-05-22 11:30:00,2025-05-22T12:30:00,2025-05-22T11:30:00,"{'bid': 583.04, 'ask': 583.2}","{'bid': 582.93, 'ask': 583.08}","{'bid': 583.36, 'ask': 583.85}","{'bid': 582.71, 'ask': 582.88}",975,583.04,583.36,582.71,582.93
2025-05-22 11:45:00,2025-05-22T12:45:00,2025-05-22T11:45:00,"{'bid': 582.93, 'ask': 583.09}","{'bid': 580.9, 'ask': 581.04}","{'bid': 582.95, 'ask': 583.52}","{'bid': 580.88, 'ask': 581.03}",1674,582.93,582.95,580.88,580.9
2025-05-22 12:00:00,2025-05-22T13:00:00,2025-05-22T12:00:00,"{'bid': 580.94, 'ask': 581.07}","{'bid': 580.63, 'ask': 580.78}","{'bid': 581.63, 'ask': 582.05}","{'bid': 580.57, 'ask': 580.78}",2300,580.94,581.63,580.57,580.63
2025-05-22 12:15:00,2025-05-22T13:15:00,2025-05-22T12:15:00,"{'bid': 580.62, 'ask': 580.77}","{'bid': 579.95, 'ask': 580.27}","{'bid': 580.77, 'ask': 581.09}","{'bid': 579.95, 'ask': 580.15}",2062,580.62,580.77,579.95,579.95
2025-05-22 12:30:00,2025-05-22T13:30:00,2025-05-22T12:30:00,"{'bid': 579.98, 'ask': 580.27}","{'bid': 581.61, 'ask': 581.76}","{'bid': 581.83, 'ask': 581.98}","{'bid': 579.89, 'ask': 580.16}",1968,579.98,581.83,579.89,581.61
2025-05-22 12:45:00,2025-05-22T13:45:00,2025-05-22T12:45:00,"{'bid': 581.59, 'ask': 581.73}","{'bid': 583.01, 'ask': 583.15}","{'bid': 583.11, 'ask': 583.28}","{'bid': 581.45, 'ask': 581.65}",1481,581.59,583.11,581.45,583.01
2025-05-22 13:00:00,2025-05-22T14:00:00,2025-05-22T13:00:00,"{'bid': 583.03, 'ask': 583.17}","{'bid': 583.24, 'ask': 583.38}","{'bid': 583.69, 'ask': 583.87}","{'bid': 582.85, 'ask': 583.16}",1865,583.03,583.69,582.85,583.24
2025-05-22 13:15:00,2025-05-22T14:15:00,2025-05-22T13:15:00,"{'bid': 583.25, 'ask': 583.4}","{'bid': 582.59, 'ask': 582.72}","{'bid': 583.28, 'ask': 583.4}","{'bid': 582.35, 'ask': 582.52}",1717,583.25,583.28,582.35,582.59
2025-05-22 13:30:00,2025-05-22T14:30:00,2025-05-22T13:30:00,"{'bid': 582.61, 'ask': 582.75}","{'bid': 582.52, 'ask': 582.75}","{'bid': 583.45, 'ask': 583.58}","{'bid': 581.35, 'ask': 581.47}",6458,582.61,583.45,581.35,582.52
2025-05-22 13:45:00,2025-05-22T14:45:00,2025-05-22T13:45:00,"{'bid': 582.46, 'ask': 582.65}","{'bid': 584.08, 'ask': 584.21}","{'bid': 584.28, 'ask': 584.41}","{'bid': 582.03, 'ask': 582.15}",7549,582.46,584.28,582.03,584.08
2025-05-22 14:00:00,2025-05-22T15:00:00,2025-05-22T14:00:00,"{'bid': 584.09, 'ask': 584.21}","{'bid': 583.76, 'ask': 583.88}","{'bid': 585.1, 'ask': 585.22}","{'bid': 583.62, 'ask': 583.75}",5976,584.09,585.1,583.62,583.76
2025-05-22 14:15:00,2025-05-22T15:15:00,2025-05-22T14:15:00,"{'bid': 583.75, 'ask': 583.88}","{'bid': 582.82, 'ask': 582.94}","{'bid': 584.11, 'ask': 584.23}","{'bid': 582.44, 'ask': 582.57}",5930,583.75,584.11,582.44,582.82
2025-05-22 14:30:00,2025-05-22T15:30:00,2025-05-22T14:30:00,"{'bid': 582.83, 'ask': 582.95}","{'bid': 582.24, 'ask': 582.37}","{'bid': 583.31, 'ask': 583.43}","{'bid': 582.04, 'ask': 582.16}",6132,582.83,583.31,582.04,582.24
2025-05-22 14:45:00,2025-05-22T15:45:00,2025-05-22T14:45:00,"{'bid': 582.24, 'ask': 582.36}","{'bid': 582.86, 'ask': 582.98}","{'bid': 583.05, 'ask': 583.18}","{'bid': 581.44, 'ask': 581.57}",6052,582.24,583.05,581.44,582.86
2025-05-22 15:00:00,2025-05-22T16:00:00,2025-05-22T15:00:00,"{'bid': 582.85, 'ask': 582.97}","{'bid': 582.87, 'ask': 583.0}","{'bid': 583.64, 'ask': 583.77}","{'bid': 582.74, 'ask': 582.87}",5186,582.85,583.64,582.74,582.87
2025-05-22 15:15:00,2025-05-22T16:15:00,2025-05-22T15:15:00,"{'bid': 582.86, 'ask': 582.99}","{'bid': 582.51, 'ask': 582.63}","{'bid': 583.77, 'ask': 583.9}","{'bid': 582.28, 'ask': 582.41}",5061,582.86,583.77,582.28,582.51
2025-05-22 15:30:00,2025-05-22T16:30:00,2025-05-22T15:30:00,"{'bid': 582.52, 'ask': 582.64}","{'bid': 583.89, 'ask': 584.01}","{'bid': 584.13, 'ask': 584.26}","{'bid': 582.37, 'ask': 582.49}",5574,582.52,584.13,582.37,583.89
2025-05-22 15:45:00,2025-05-22T16:45:00,2025-05-22T15:45:00,"{'bid': 583.89, 'ask': 584.02}","{'bid': 584.18, 'ask': 584.3}","{'bid': 584.31, 'ask': 584.43}","{'bid': 583.55, 'ask': 583.68}",4359,583.89,584.31,583.55,584.18
2025-05-22 16:00:00,2025-05-22T17:00:00,2025-05-22T16:00:00,"{'bid': 584.19, 'ask': 584.32}","{'bid': 584.93, 'ask': 585.06}","{'bid': 585.0, 'ask': 585.13}","{'bid': 583.72, 'ask': 583.85}",4209,584.19,585.0,583.72,584.93
2025-05-22 16:15:00,2025-05-22T17:15:00,2025-05-22T16:15:00,"{'bid': 584.92, 'ask': 585.04}","{'bid': 584.27, 'ask': 584.39}","{'bid': 585.55, 'ask': 585.68}","{'bid': 584.19, 'ask': 584.31}",4424,584.92,585.55,584.19,584.27
2025-05-22 16:30:00,2025-05-22T17:30:00,2025-05-22T16:30:00,"{'bid': 584.26, 'ask': 584.38}","{'bid': 583.95, 'ask': 584.07}","{'bid': 584.38, 'ask': 584.51}","{'bid': 583.71, 'ask': 583.84}",4299,584.26,584.38,583.71,583.95
2025-05-22 16:45:00,2025-05-22T17:45:00,2025-05-22T16:45:00,"{'bid': 583.93, 'ask': 584.06}","{'bid': 583.06, 'ask': 583.18}","{'bid': 584.05, 'ask': 584.18}","{'bid': 582.97, 'ask': 583.09}",3867,583.93,584.05,582.97,583.06
2025-05-22 17:00:00,2025-05-22T18:00:00,2025-05-22T17:00:00,"{'bid': 583.07, 'ask': 583.19}","{'bid': 582.77, 'ask': 582.89}","{'bid': 583.31, 'ask': 583.44}","{'bid': 582.57, 'ask': 582.7}",3313,583.07,583.31,582.57,582.77
2025-05-22 17:15:00,2025-05-22T18:15:00,2025-05-22T17:15:00,"{'bid': 582.77, 'ask': 582.9}","{'bid': 584.6, 'ask': 584.73}","{'bid': 584.81, 'ask': 584.94}","{'bid': 582.72, 'ask': 582.85}",4176,582.77,584.81,582.72,584.6
2025-05-22 17:30:00,2025-05-22T18:30:00,2025-05-22T17:30:00,"{'bid': 584.61, 'ask': 584.74}","{'bid': 585.23, 'ask': 585.36}","{'bid': 585.23, 'ask': 585.36}","{'bid': 584.24, 'ask': 584.37}",3476,584.61,585.23,584.24,585.23
2025-05-22 17:45:00,2025-05-22T18:45:00,2025-05-22T17:45:00,"{'bid': 585.25, 'ask': 585.38}","{'bid': 585.32, 'ask': 585.45}","{'bid': 585.76, 'ask': 585.88}","{'bid': 584.74, 'ask': 584.87}",3729,585.25,585.76,584.74,585.32
2025-05-22 18:00:00,2025-05-22T19:00:00,2025-05-22T18:00:00,"{'bid': 585.33, 'ask': 585.45}","{'bid': 585.47, 'ask': 585.6}","{'bid': 585.66, 'ask': 585.78}","{'bid': 584.99, 'ask': 585.12}",3805,585.33,585.66,584.99,585.47
2025-05-22 18:15:00,2025-05-22T19:15:00,2025-05-22T18:15:00,"{'bid': 585.46, 'ask': 585.58}","{'bid': 585.51, 'ask': 585.63}","{'bid': 585.95, 'ask': 586.07}","{'bid': 585.24, 'ask': 585.37}",3438,585.46,585.95,585.24,585.51
2025-05-22 18:30:00,2025-05-22T19:30:00,2025-05-22T18:30:00,"{'bid': 585.52, 'ask': 585.64}","{'bid': 585.13, 'ask': 585.25}","{'bid': 585.68, 'ask': 585.81}","{'bid': 584.82, 'ask': 584.95}",3367,585.52,585.68,584.82,585.13
2025-05-22 18:45:00,2025-05-22T19:45:00,2025-05-22T18:45:00,"{'bid': 585.12, 'ask': 585.25}","{'bid': 585.78, 'ask': 585.9}","{'bid': 586.03, 'ask': 586.15}","{'bid': 585.02, 'ask': 585.15}",3243,585.12,586.03,585.02,585.78
2025-05-22 19:00:00,2025-05-22T20:00:00,2025-05-22T19:00:00,"{'bid': 585.78, 'ask': 585.91}","{'bid': 586.13, 'ask': 586.25}","{'bid': 586.35, 'ask': 586.48}","{'bid': 585.7, 'ask': 585.82}",3391,585.78,586.35,585.7,586.13
2025-05-22 19:15:00,2025-05-22T20:15:00,2025-05-22T19:15:00,"{'bid': 586.12, 'ask': 586.25}","{'bid': 586.44, 'ask': 586.57}","{'bid': 586.56, 'ask': 586.69}","{'bid': 585.6, 'ask': 585.73}",2911,586.12,586.56,585.6,586.44
2025-05-22 19:30:00,2025-05-22T20:30:00,2025-05-22T19:30:00,"{'bid': 586.43, 'ask': 586.56}","{'bid': 585.0, 'ask': 585.13}","{'bid': 586.5, 'ask': 586.63}","{'bid': 584.98, 'ask': 585.11}",3899,586.43,586.5,584.98,585.0
2025-05-22 19:45:00,2025-05-22T20:45:00,2025-05-22T19:45:00,"{'bid': 585.01, 'ask': 585.13}","{'bid': 582.64, 'ask': 582.76}","{'bid': 585.59, 'ask': 585.78}","{'bid': 582.51, 'ask': 582.64}",6060,585.01,585.59,582.51,582.64
2025-05-22 20:00:00,2025-05-22T21:00:00,2025-05-22T20:00:00,"{'bid': 582.62, 'ask': 582.75}","{'bid': 583.01, 'ask': 583.15}","{'bid': 583.39, 'ask': 583.51}","{'bid': 582.55, 'ask': 582.68}",2002,582.62,583.39,582.55,583.01
2025-05-22 20:15:00,2025-05-22T21:15:00,2025-05-22T20:15:00,"{'bid': 583.06, 'ask': 583.2}","{'bid': 582.82, 'ask': 582.94}","{'bid': 583.18, 'ask': 583.55}","{'bid': 582.75, 'ask': 582.88}",518,583.06,583.18,582.75,582.82
2025-05-22 20:30:00,2025-05-22T21:30:00,2025-05-22T20:30:00,"{'bid': 582.82, 'ask': 582.96}","{'bid': 583.3, 'ask': 583.44}","{'bid': 583.37, 'ask': 583.51}","{'bid': 582.76, 'ask': 582.9}",537,582.82,583.37,582.76,583.3
2025-05-22 20:45:00,2025-05-22T21:45:00,2025-05-22T20:45:00,"{'bid': 583.3, 'ask': 583.43}","{'bid': 583.8, 'ask': 584.2}","{'bid': 583.87, 'ask': 584.45}","{'bid': 583.24, 'ask': 583.36}",399,583.3,583.87,583.24,583.8
2025-05-22 21:00:00,2025-05-22T22:00:00,2025-05-22T21:00:00,"{'bid': 583.72, 'ask': 583.97}","{'bid': 583.93, 'ask': 584.05}","{'bid': 584.0, 'ask': 584.2}","{'bid': 583.72, 'ask': 583.97}",27,583.72,584.0,583.72,583.93
2025-05-22 21:15:00,2025-05-22T22:15:00,2025-05-22T21:15:00,"{'bid': 583.9, 'ask': 584.05}","{'bid': 583.85, 'ask': 584.03}","{'bid': 583.97, 'ask': 584.17}","{'bid': 583.81, 'ask': 584.03}",40,583.9,583.97,583.81,583.85
2025-05-22 21:30:00,2025-05-22T22:30:00,2025-05-22T21:30:00,"{'bid': 583.83, 'ask': 584.03}","{'bid': 583.84, 'ask': 583.98}","{'bid': 583.86, 'ask': 584.05}","{'bid': 583.83, 'ask': 583.96}",14,583.83,583.86,583.83,583.84
2025-05-22 21:45:00,2025-05-22T22:45:00,2025-05-22T21:45:00,"{'bid': 583.84, 'ask': 584.04}","{'bid': 583.73, 'ask': 584.72}","{'bid': 584.0, 'ask': 584.72}","{'bid': 583.73, 'ask': 584.01}",36,583.84,584.0,583.73,583.73
2025-05-22 22:00:00,2025-05-22T23:00:00,2025-05-22T22:00:00,"{'bid': 583.83, 'ask': 584.29}","{'bid': 583.54, 'ask': 583.73}","{'bid': 584.25, 'ask': 584.57}","{'bid': 583.47, 'ask': 583.68}",447,583.83,584.25,583.47,583.54
2025-05-22 22:15:00,2025-05-22T23:15:00,2025-05-22T22:15:00,"{'bid': 583.55, 'ask': 583.73}","{'bid': 583.35, 'ask': 583.53}","{'bid': 583.68, 'ask': 583.88}","{'bid': 583.3, 'ask': 583.5}",200,583.55,583.68,583.3,583.35
2025-05-22 22:30:00,2025-05-22T23:30:00,2025-05-22T22:30:00,"{'bid': 583.36, 'ask': 583.53}","{'bid': 583.19, 'ask': 583.36}","{'bid': 583.36, 'ask': 583.54}","{'bid': 583.13, 'ask': 583.29}",152,583.36,583.36,583.13,583.19
2025-05-22 22:45:00,2025-05-22T23:45:00,2025-05-22T22:45:00,"{'bid': 583.17, 'ask': 583.36}","{'bid': 582.38, 'ask': 582.56}","{'bid': 583.17, 'ask': 583.36}","{'bid': 582.25, 'ask': 582.44}",449,583.17,583.17,582.25,582.38
2025-05-22 23:00:00,2025-05-23T00:00:00,2025-05-22T23:00:00,"{'bid': 582.38, 'ask': 582.54}","{'bid': 582.77, 'ask': 582.93}","{'bid': 582.78, 'ask': 582.95}","{'bid': 582.09, 'ask': 582.32}",347,582.38,582.78,582.09,582.77
2025-05-22 23:15:00,2025-05-23T00:15:00,2025-05-22T23:15:00,"{'bid': 582.78, 'ask': 582.93}","{'bid': 582.9, 'ask': 583.08}","{'bid': 583.0, 'ask': 583.16}","{'bid': 582.77, 'ask': 582.93}",284,582.78,583.0,582.77,582.9
2025-05-22 23:30:00,2025-05-23T00:30:00,2025-05-22T23:30:00,"{'bid': 582.9, 'ask': 583.09}","{'bid': 582.71, 'ask': 582.89}","{'bid': 583.02, 'ask': 583.24}","{'bid': 582.6, 'ask': 582.77}",296,582.9,583.02,582.6,582.71
2025-05-22 23:45:00,2025-05-23T00:45:00,2025-05-22T23:45:00,"{'bid': 582.71, 'ask': 582.88}","{'bid': 583.07, 'ask': 583.24}","{'bid': 583.16, 'ask': 583.55}","{'bid': 582.68, 'ask': 582.84}",276,582.71,583.16,582.68,583.07
2025-05-23 08:00:00,2025-05-23T09:00:00,2025-05-23T08:00:00,"{'bid': 584.05, 'ask': 584.26}","{'bid': 584.29, 'ask': 584.48}","{'bid': 584.56, 'ask': 585.05}","{'bid': 584.03, 'ask': 584.23}",704,584.05,584.56,584.03,584.29
2025-05-23 08:15:00,2025-05-23T09:15:00,2025-05-23T08:15:00,"{'bid': 584.26, 'ask': 584.44}","{'bid': 584.29, 'ask': 584.47}","{'bid': 584.37, 'ask': 584.74}","{'bid': 583.69, 'ask': 583.85}",778,584.26,584.37,583.69,584.29
2025-05-23 08:30:00,2025-05-23T09:30:00,2025-05-23T08:30:00,"{'bid': 584.29, 'ask': 584.45}","{'bid': 583.87, 'ask': 584.03}","{'bid': 584.37, 'ask': 584.75}","{'bid': 583.73, 'ask': 583.9}",578,584.29,584.37,583.73,583.87
2025-05-23 08:45:00,2025-05-23T09:45:00,2025-05-23T08:45:00,"{'bid': 583.84, 'ask': 584.01}","{'bid': 583.52, 'ask': 583.68}","{'bid': 583.87, 'ask': 584.32}","{'bid': 583.43, 'ask': 583.59}",525,583.84,583.87,583.43,583.52
2025-05-23 09:00:00,2025-05-23T10:00:00,2025-05-23T09:00:00,"{'bid': 583.52, 'ask': 583.67}","{'bid': 583.13, 'ask': 583.33}","{'bid': 583.54, 'ask': 583.75}","{'bid': 583.03, 'ask': 583.21}",676,583.52,583.54,583.03,583.13
2025-05-23 09:15:00,2025-05-23T10:15:00,2025-05-23T09:15:00,"{'bid': 583.13, 'ask': 583.32}","{'bid': 581.84, 'ask': 581.99}","{'bid': 583.52, 'ask': 583.83}","{'bid': 581.73, 'ask': 581.98}",850,583.13,583.52,581.73,581.84
2025-05-23 09:30:00,2025-05-23T10:30:00,2025-05-23T09:30:00,"{'bid': 581.83, 'ask': 581.99}","{'bid': 582.7, 'ask': 582.86}","{'bid': 582.78, 'ask': 583.19}","{'bid': 581.81, 'ask': 581.98}",744,581.83,582.78,581.81,582.7
2025-05-23 09:45:00,2025-05-23T10:45:00,2025-05-23T09:45:00,"{'bid': 582.67, 'ask': 582.85}","{'bid': 583.22, 'ask': 583.39}","{'bid': 583.42, 'ask': 583.59}","{'bid': 582.21, 'ask': 582.57}",638,582.67,583.42,582.21,583.22
2025-05-23 10:00:00,2025-05-23T11:00:00,2025-05-23T10:00:00,"{'bid': 583.23, 'ask': 583.39}","{'bid': 582.78, 'ask': 582.93}","{'bid': 583.4, 'ask': 583.79}","{'bid': 582.71, 'ask': 582.88}",728,583.23,583.4,582.71,582.78
2025-05-23 10:15:00,2025-05-23T11:15:00,2025-05-23T10:15:00,"{'bid': 582.79, 'ask': 583.25}","{'bid': 582.83, 'ask': 583.03}","{'bid': 583.02, 'ask': 583.35}","{'bid': 582.55, 'ask': 582.72}",605,582.79,583.02,582.55,582.83
2025-05-23 10:30:00,2025-05-23T11:30:00,2025-05-23T10:30:00,"{'bid': 582.84, 'ask': 583.03}","{'bid': 582.78, 'ask': 582.99}","{'bid': 582.92, 'ask': 583.2}","{'bid': 582.32, 'ask': 582.49}",653,582.84,582.92,582.32,582.78
2025-05-23 10:45:00,2025-05-23T11:45:00,2025-05-23T10:45:00,"{'bid': 582.79, 'ask': 582.99}","{'bid': 583.07, 'ask': 583.23}","{'bid': 583.12, 'ask': 583.35}","{'bid': 582.62, 'ask': 582.8}",578,582.79,583.12,582.62,583.07
2025-05-23 11:00:00,2025-05-23T12:00:00,2025-05-23T11:00:00,"{'bid': 583.04, 'ask': 583.22}","{'bid': 583.0, 'ask': 583.16}","{'bid': 583.23, 'ask': 583.4}","{'bid': 582.66, 'ask': 582.86}",731,583.04,583.23,582.66,583.0
2025-05-23 11:15:00,2025-05-23T12:15:00,2025-05-23T11:15:00,"{'bid': 583.02, 'ask': 583.17}","{'bid': 581.28, 'ask': 581.44}","{'bid': 583.34, 'ask': 583.85}","{'bid': 580.65, 'ask': 580.99}",2333,583.02,583.34,580.65,581.28
2025-05-23 11:30:00,2025-05-23T12:30:00,2025-05-23T11:30:00,"{'bid': 581.26, 'ask': 581.43}","{'bid': 577.35, 'ask': 577.69}","{'bid': 581.81, 'ask': 582.25}","{'bid': 575.99, 'ask': 576.38}",2392,581.26,581.81,575.99,577.35
2025-05-23 11:45:00,2025-05-23T12:45:00,2025-05-23T11:45:00,"{'bid': 577.39, 'ask': 577.74}","{'bid': 574.95, 'ask': 575.21}","{'bid': 577.55, 'ask': 578.15}","{'bid': 574.19, 'ask': 574.47}",6031,577.39,577.55,574.19,574.95
2025-05-23 12:00:00,2025-05-23T13:00:00,2025-05-23T12:00:00,"{'bid': 575.0, 'ask': 575.4}","{'bid': 574.11, 'ask': 574.28}","{'bid': 575.17, 'ask': 575.46}","{'bid': 573.09, 'ask': 573.32}",4961,575.0,575.17,573.09,574.11
2025-05-23 12:15:00,2025-05-23T13:15:00,2025-05-23T12:15:00,"{'bid': 574.11, 'ask': 574.27}","{'bid': 575.49, 'ask': 575.73}","{'bid': 575.66, 'ask': 576.53}","{'bid': 572.96, 'ask': 573.55}",4200,574.11,575.66,572.96,575.49
2025-05-23 12:30:00,2025-05-23T13:30:00,2025-05-23T12:30:00,"{'bid': 575.28, 'ask': 575.72}","{'bid': 575.42, 'ask': 575.61}","{'bid': 575.93, 'ask': 576.46}","{'bid': 574.47, 'ask': 575.02}",3760,575.28,575.93,574.47,575.42
2025-05-23 12:45:00,2025-05-23T13:45:00,2025-05-23T12:45:00,"{'bid': 575.43, 'ask': 575.61}","{'bid': 575.0, 'ask': 575.13}","{'bid': 575.72, 'ask': 575.86}","{'bid': 574.48, 'ask': 574.66}",2799,575.43,575.72,574.48,575.0
2025-05-23 13:00:00,2025-05-23T14:00:00,2025-05-23T13:00:00,"{'bid': 574.98, 'ask': 575.13}","{'bid': 574.38, 'ask': 574.55}","{'bid': 575.1, 'ask': 575.43}","{'bid': 574.07, 'ask': 574.29}",2845,574.98,575.1,574.07,574.38
2025-05-23 13:15:00,2025-05-23T14:15:00,2025-05-23T13:15:00,"{'bid': 574.4, 'ask': 574.56}","{'bid': 575.9, 'ask': 576.05}","{'bid': 575.98, 'ask': 576.47}","{'bid': 573.26, 'ask': 574.02}",3065,574.4,575.98,573.26,575.9
2025-05-23 13:30:00,2025-05-23T14:30:00,2025-05-23T13:30:00,"{'bid': 575.94, 'ask': 576.47}","{'bid': 577.09, 'ask': 577.21}","{'bid': 578.1, 'ask': 578.23}","{'bid': 575.26, 'ask': 575.66}",10391,575.94,578.1,575.26,577.09
2025-05-23 13:45:00,2025-05-23T14:45:00,2025-05-23T13:45:00,"{'bid': 577.11, 'ask': 577.23}","{'bid': 576.69, 'ask': 576.86}","{'bid': 577.37, 'ask': 577.49}","{'bid': 576.01, 'ask': 576.13}",8840,577.11,577.37,576.01,576.69
2025-05-23 14:00:00,2025-05-23T15:00:00,2025-05-23T14:00:00,"{'bid': 576.72, 'ask': 576.87}","{'bid': 578.23, 'ask': 578.35}","{'bid': 578.81, 'ask': 578.94}","{'bid': 576.62, 'ask': 576.79}",7534,576.72,578.81,576.62,578.23
2025-05-23 14:15:00,2025-05-23T15:15:00,2025-05-23T14:15:00,"{'bid': 578.22, 'ask': 578.34}","{'bid': 577.64, 'ask': 577.76}","{'bid': 578.54, 'ask': 578.67}","{'bid': 576.87, 'ask': 576.99}",6253,578.22,578.54,576.87,577.64
2025-05-23 14:30:00,2025-05-23T15:30:00,2025-05-23T14:30:00,"{'bid': 577.66, 'ask': 577.78}","{'bid': 578.39, 'ask': 578.51}","{'bid': 578.67, 'ask': 578.79}","{'bid': 577.49, 'ask': 577.62}",5856,577.66,578.67,577.49,578.39
2025-05-23 14:45:00,2025-05-23T15:45:00,2025-05-23T14:45:00,"{'bid': 578.4, 'ask': 578.53}","{'bid': 577.07, 'ask': 577.2}","{'bid': 578.89, 'ask': 579.01}","{'bid': 576.94, 'ask': 577.07}",5895,578.4,578.89,576.94,577.07
2025-05-23 15:00:00,2025-05-23T16:00:00,2025-05-23T15:00:00,"{'bid': 577.09, 'ask': 577.21}","{'bid': 577.37, 'ask': 577.5}","{'bid': 577.97, 'ask': 578.1}","{'bid': 576.76, 'ask': 576.88}",5921,577.09,577.97,576.76,577.37
2025-05-23 15:15:00,2025-05-23T16:15:00,2025-05-23T15:15:00,"{'bid': 577.35, 'ask': 577.48}","{'bid': 578.43, 'ask': 578.55}","{'bid': 578.47, 'ask': 578.6}","{'bid': 576.8, 'ask': 576.92}",4694,577.35,578.47,576.8,578.43
2025-05-23 15:30:00,2025-05-23T16:30:00,2025-05-23T15:30:00,"{'bid': 578.42, 'ask': 578.54}","{'bid': 579.04, 'ask': 579.17}","{'bid': 579.65, 'ask': 579.78}","{'bid': 578.3, 'ask': 578.42}",4958,578.42,579.65,578.3,579.04
2025-05-23 15:45:00,2025-05-23T16:45:00,2025-05-23T15:45:00,"{'bid': 579.05, 'ask': 579.17}","{'bid': 577.98, 'ask': 578.1}","{'bid': 579.18, 'ask': 579.31}","{'bid': 577.91, 'ask': 578.04}",4815,579.05,579.18,577.91,577.98
2025-05-23 16:00:00,2025-05-23T17:00:00,2025-05-23T16:00:00,"{'bid': 577.97, 'ask': 578.1}","{'bid': 578.02, 'ask': 578.16}","{'bid': 578.79, 'ask': 578.92}","{'bid': 577.45, 'ask': 577.58}",5117,577.97,578.79,577.45,578.02
2025-05-23 16:15:00,2025-05-23T17:15:00,2025-05-23T16:15:00,"{'bid': 578.01, 'ask': 578.13}","{'bid': 578.58, 'ask': 578.71}","{'bid': 579.05, 'ask': 579.17}","{'bid': 577.81, 'ask': 577.94}",3664,578.01,579.05,577.81,578.58
2025-05-23 16:30:00,2025-05-23T17:30:00,2025-05-23T16:30:00,"{'bid': 578.6, 'ask': 578.72}","{'bid': 578.9, 'ask': 579.02}","{'bid': 579.11, 'ask': 579.24}","{'bid': 577.88, 'ask': 578.01}",3726,578.6,579.11,577.88,578.9
2025-05-23 16:45:00,2025-05-23T17:45:00,2025-05-23T16:45:00,"{'bid': 578.9, 'ask': 579.03}","{'bid': 578.94, 'ask': 579.06}","{'bid': 579.55, 'ask': 579.67}","{'bid': 578.74, 'ask': 578.87}",3463,578.9,579.55,578.74,578.94
2025-05-23 17:00:00,2025-05-23T18:00:00,2025-05-23T17:00:00,"{'bid': 578.94, 'ask': 579.07}","{'bid': 579.95, 'ask': 580.09}","{'bid': 580.16, 'ask': 580.28}","{'bid': 578.67, 'ask': 578.8}",3421,578.94,580.16,578.67,579.95
2025-05-23 17:15:00,2025-05-23T18:15:00,2025-05-23T17:15:00,"{'bid': 579.96, 'ask': 580.09}","{'bid': 581.02, 'ask': 581.14}","{'bid': 581.1, 'ask': 581.22}","{'bid': 579.9, 'ask': 580.02}",3485,579.96,581.1,579.9,581.02
2025-05-23 17:30:00,2025-05-23T18:30:00,2025-05-23T17:30:00,"{'bid': 581.03, 'ask': 581.16}","{'bid': 580.31, 'ask': 580.43}","{'bid': 581.03, 'ask': 581.16}","{'bid': 579.97, 'ask': 580.1}",3161,581.03,581.03,579.97,580.31
2025-05-23 17:45:00,2025-05-23T18:45:00,2025-05-23T17:45:00,"{'bid': 580.31, 'ask': 580.44}","{'bid': 580.78, 'ask': 580.9}","{'bid': 581.39, 'ask': 581.52}","{'bid': 580.14, 'ask': 580.26}",2810,580.31,581.39,580.14,580.78
2025-05-23 18:00:00,2025-05-23T19:00:00,2025-05-23T18:00:00,"{'bid': 580.76, 'ask': 580.88}","{'bid': 581.43, 'ask': 581.55}","{'bid': 581.7, 'ask': 581.83}","{'bid': 580.67, 'ask': 580.8}",3042,580.76,581.7,580.67,581.43
2025-05-23 18:15:00,2025-05-23T19:15:00,2025-05-23T18:15:00,"{'bid': 581.43, 'ask': 581.56}","{'bid': 580.7, 'ask': 580.82}","{'bid': 581.75, 'ask': 581.87}","{'bid': 579.94, 'ask': 580.07}",4578,581.43,581.75,579.94,580.7
2025-05-23 18:30:00,2025-05-23T19:30:00,2025-05-23T18:30:00,"{'bid': 580.69, 'ask': 580.82}","{'bid': 580.86, 'ask': 580.98}","{'bid': 581.47, 'ask': 581.6}","{'bid': 580.61, 'ask': 580.73}",3513,580.69,581.47,580.61,580.86
2025-05-23 18:45:00,2025-05-23T19:45:00,2025-05-23T18:45:00,"{'bid': 580.87, 'ask': 580.99}","{'bid': 580.67, 'ask': 580.79}","{'bid': 581.14, 'ask': 581.27}","{'bid': 580.31, 'ask': 580.44}",3122,580.87,581.14,580.31,580.67
2025-05-23 19:00:00,2025-05-23T20:00:00,2025-05-23T19:00:00,"{'bid': 580.65, 'ask': 580.77}","{'bid': 581.13, 'ask': 581.25}","{'bid': 581.38, 'ask': 581.51}","{'bid': 580.04, 'ask': 580.17}",3506,580.65,581.38,580.04,581.13
2025-05-23 19:15:00,2025-05-23T20:15:00,2025-05-23T19:15:00,"{'bid': 581.11, 'ask': 581.24}","{'bid': 579.82, 'ask': 579.95}","{'bid': 581.11, 'ask': 581.24}","{'bid': 579.32, 'ask': 579.45}",4196,581.11,581.11,579.32,579.82
2025-05-23 19:30:00,2025-05-23T20:30:00,2025-05-23T19:30:00,"{'bid': 579.81, 'ask': 579.93}","{'bid': 580.65, 'ask': 580.78}","{'bid': 580.96, 'ask': 581.09}","{'bid': 579.65, 'ask': 579.77}",3979,579.81,580.96,579.65,580.65
2025-05-23 19:45:00,2025-05-23T20:45:00,2025-05-23T19:45:00,"{'bid': 580.64, 'ask': 580.76}","{'bid': 579.44, 'ask': 579.57}","{'bid': 580.73, 'ask': 580.85}","{'bid': 578.43, 'ask': 578.55}",5337,580.64,580.73,578.43,579.44
2025-05-23 20:00:00,2025-05-23T21:00:00,2025-05-23T20:00:00,"{'bid': 579.42, 'ask': 579.55}","{'bid': 578.6, 'ask': 578.74}","{'bid': 579.42, 'ask': 579.55}","{'bid': 578.05, 'ask': 578.38}",1849,579.42,579.42,578.05,578.6
2025-05-23 20:15:00,2025-05-23T21:15:00,2025-05-23T20:15:00,"{'bid': 578.62, 'ask': 578.75}","{'bid': 578.82, 'ask': 578.96}","{'bid': 578.95, 'ask': 579.35}","{'bid': 578.46, 'ask': 578.62}",641,578.62,578.95,578.46,578.82
2025-05-23 20:30:00,2025-05-23T21:30:00,2025-05-23T20:30:00,"{'bid': 578.8, 'ask': 578.94}","{'bid': 578.33, 'ask': 578.49}","{'bid': 578.8, 'ask': 578.94}","{'bid': 578.15, 'ask': 578.29}",456,578.8,578.8,578.15,578.33
2025-05-23 20:45:00,2025-05-23T21:45:00,2025-05-23T20:45:00,"{'bid': 578.33, 'ask': 578.47}","{'bid': 578.63, 'ask': 579.07}","{'bid': 578.95, 'ask': 579.35}","{'bid': 578.31, 'ask': 578.47}",624,578.33,578.95,578.31,578.63
2025-05-27 08:00:00,2025-05-27T09:00:00,2025-05-27T08:00:00,"{'bid': 588.1, 'ask': 588.3}","{'bid': 587.98, 'ask': 588.13}","{'bid': 588.23, 'ask': 588.65}","{'bid': 587.62, 'ask': 587.88}",1062,588.1,588.23,587.62,587.98
2025-05-27 08:15:00,2025-05-27T09:15:00,2025-05-27T08:15:00,"{'bid': 587.97, 'ask': 588.12}","{'bid': 587.74, 'ask': 587.9}","{'bid': 588.23, 'ask': 588.4}","{'bid': 587.63, 'ask': 587.8}",733,587.97,588.23,587.63,587.74
2025-05-27 08:30:00,2025-05-27T09:30:00,2025-05-27T08:30:00,"{'bid': 587.74, 'ask': 587.89}","{'bid': 587.76, 'ask': 587.94}","{'bid': 587.88, 'ask': 588.35}","{'bid': 587.42, 'ask': 587.61}",614,587.74,587.88,587.42,587.76
2025-05-27 08:45:00,2025-05-27T09:45:00,2025-05-27T08:45:00,"{'bid': 587.77, 'ask': 587.94}","{'bid': 587.48, 'ask': 587.65}","{'bid': 587.82, 'ask': 588.2}","{'bid': 587.17, 'ask': 587.34}",569,587.77,587.82,587.17,587.48
2025-05-27 09:00:00,2025-05-27T10:00:00,2025-05-27T09:00:00,"{'bid': 587.49, 'ask': 587.65}","{'bid': 588.33, 'ask': 588.48}","{'bid': 588.35, 'ask': 588.94}","{'bid': 587.37, 'ask': 587.56}",740,587.49,588.35,587.37,588.33
2025-05-27 09:15:00,2025-05-27T10:15:00,2025-05-27T09:15:00,"{'bid': 588.35, 'ask': 588.51}","{'bid': 587.47, 'ask': 587.63}","{'bid': 588.35, 'ask': 588.65}","{'bid': 587.38, 'ask': 587.53}",491,588.35,588.35,587.38,587.47
2025-05-27 09:30:00,2025-05-27T10:30:00,2025-05-27T09:30:00,"{'bid': 587.49, 'ask': 587.64}","{'bid': 588.04, 'ask': 588.23}","{'bid': 588.18, 'ask': 588.65}","{'bid': 587.37, 'ask': 587.55}",648,587.49,588.18,587.37,588.04
2025-05-27 09:45:00,2025-05-27T10:45:00,2025-05-27T09:45:00,"{'bid': 588.05, 'ask': 588.23}","{'bid': 587.93, 'ask': 588.08}","{'bid': 588.25, 'ask': 588.43}","{'bid': 587.72, 'ask': 587.9}",461,588.05,588.25,587.72,587.93
2025-05-27 10:00:00,2025-05-27T11:00:00,2025-05-27T10:00:00,"{'bid': 587.91, 'ask': 588.07}","{'bid': 587.83, 'ask': 588.0}","{'bid': 587.95, 'ask': 588.35}","{'bid': 587.6, 'ask': 587.78}",426,587.91,587.95,587.6,587.83
2025-05-27 10:15:00,2025-05-27T11:15:00,2025-05-27T10:15:00,"{'bid': 587.83, 'ask': 587.99}","{'bid': 588.1, 'ask': 588.29}","{'bid': 588.19, 'ask': 588.65}","{'bid': 587.83, 'ask': 587.99}",359,587.83,588.19,587.83,588.1
2025-05-27 10:30:00,2025-05-27T11:30:00,2025-05-27T10:30:00,"{'bid': 588.11, 'ask': 588.29}","{'bid': 588.12, 'ask': 588.28}","{'bid': 588.3, 'ask': 588.9}","{'bid': 587.65, 'ask': 587.95}",838,588.11,588.3,587.65,588.12
2025-05-27 10:45:00,2025-05-27T11:45:00,2025-05-27T10:45:00,"{'bid': 588.12, 'ask': 588.29}","{'bid': 587.4, 'ask': 587.56}","{'bid': 588.12, 'ask': 588.35}","{'bid': 587.36, 'ask': 587.52}",474,588.12,588.12,587.36,587.4
2025-05-27 11:00:00,2025-05-27T12:00:00,2025-05-27T11:00:00,"{'bid': 587.29, 'ask': 587.51}","{'bid': 587.32, 'ask': 587.51}","{'bid': 587.45, 'ask': 588.05}","{'bid': 586.81, 'ask': 586.96}",852,587.29,587.45,586.81,587.32
2025-05-27 11:15:00,2025-05-27T12:15:00,2025-05-27T11:15:00,"{'bid': 587.32, 'ask': 587.49}","{'bid': 587.27, 'ask': 587.42}","{'bid': 587.34, 'ask': 587.75}","{'bid': 586.52, 'ask': 586.98}",606,587.32,587.34,586.52,587.27
2025-05-27 11:30:00,2025-05-27T12:30:00,2025-05-27T11:30:00,"{'bid': 587.27, 'ask': 587.45}","{'bid': 587.6, 'ask': 587.77}","{'bid': 587.77, 'ask': 588.35}","{'bid': 587.19, 'ask': 587.34}",577,587.27,587.77,587.19,587.6
2025-05-27 11:45:00,2025-05-27T12:45:00,2025-05-27T11:45:00,"{'bid': 587.6, 'ask': 587.78}","{'bid': 587.41, 'ask': 587.57}","{'bid': 587.8, 'ask': 587.95}","{'bid': 587.05, 'ask': 587.45}",536,587.6,587.8,587.05,587.41
2025-05-27 12:00:00,2025-05-27T13:00:00,2025-05-27T12:00:00,"{'bid': 587.41, 'ask': 587.56}","{'bid': 587.09, 'ask': 587.25}","{'bid': 587.44, 'ask': 587.75}","{'bid': 587.09, 'ask': 587.22}",682,587.41,587.44,587.09,587.09
2025-05-27 12:15:00,2025-05-27T13:15:00,2025-05-27T12:15:00,"{'bid': 587.09, 'ask': 587.22}","{'bid': 587.05, 'ask': 587.29}","{'bid': 587.6, 'ask': 587.8}","{'bid': 586.67, 'ask': 586.91}",1113,587.09,587.6,586.67,587.05
2025-05-27 12:30:00,2025-05-27T13:30:00,2025-05-27T12:30:00,"{'bid': 586.88, 'ask': 587.29}","{'bid': 586.36, 'ask': 586.52}","{'bid': 587.33, 'ask': 587.48}","{'bid': 585.88, 'ask': 586.41}",1122,586.88,587.33,585.88,586.36
2025-05-27 12:45:00,2025-05-27T13:45:00,2025-05-27T12:45:00,"{'bid': 586.34, 'ask': 586.52}","{'bid': 586.57, 'ask': 586.71}","{'bid': 586.88, 'ask': 587.07}","{'bid': 585.85, 'ask': 586.19}",1113,586.34,586.88,585.85,586.57
2025-05-27 13:00:00,2025-05-27T14:00:00,2025-05-27T13:00:00,"{'bid': 586.57, 'ask': 586.72}","{'bid': 587.11, 'ask': 587.26}","{'bid': 587.18, 'ask': 587.31}","{'bid': 586.4, 'ask': 586.62}",785,586.57,587.18,586.4,587.11
2025-05-27 13:15:00,2025-05-27T14:15:00,2025-05-27T13:15:00,"{'bid': 587.12, 'ask': 587.26}","{'bid': 586.02, 'ask': 586.15}","{'bid': 587.41, 'ask': 587.55}","{'bid': 585.93, 'ask': 586.09}",1774,587.12,587.41,585.93,586.02
2025-05-27 13:30:00,2025-05-27T14:30:00,2025-05-27T13:30:00,"{'bid': 586.03, 'ask': 586.15}","{'bid': 585.54, 'ask': 585.67}","{'bid': 586.31, 'ask': 586.44}","{'bid': 584.29, 'ask': 584.42}",8424,586.03,586.31,584.29,585.54
2025-05-27 13:45:00,2025-05-27T14:45:00,2025-05-27T13:45:00,"{'bid': 585.56, 'ask': 585.68}","{'bid': 586.08, 'ask': 586.23}","{'bid': 586.28, 'ask': 586.41}","{'bid': 585.4, 'ask': 585.53}",4813,585.56,586.28,585.4,586.08
2025-05-27 14:00:00,2025-05-27T15:00:00,2025-05-27T14:00:00,"{'bid': 586.07, 'ask': 586.25}","{'bid': 586.95, 'ask': 587.08}","{'bid': 587.27, 'ask': 587.4}","{'bid': 586.06, 'ask': 586.25}",3928,586.07,587.27,586.06,586.95
2025-05-27 14:15:00,2025-05-27T15:15:00,2025-05-27T14:15:00,"{'bid': 586.97, 'ask': 587.1}","{'bid': 587.81, 'ask': 587.93}","{'bid': 588.19, 'ask': 588.31}","{'bid': 586.91, 'ask': 587.03}",3433,586.97,588.19,586.91,587.81
2025-05-27 14:30:00,2025-05-27T15:30:00,2025-05-27T14:30:00,"{'bid': 587.8, 'ask': 587.93}","{'bid': 588.02, 'ask': 588.15}","{'bid': 588.16, 'ask': 588.29}","{'bid': 587.56, 'ask': 587.69}",3343,587.8,588.16,587.56,588.02
2025-05-27 14:45:00,2025-05-27T15:45:00,2025-05-27T14:45:00,"{'bid': 588.02, 'ask': 588.14}","{'bid': 587.97, 'ask': 588.1}","{'bid': 588.52, 'ask': 588.65}","{'bid': 587.85, 'ask': 587.98}",2871,588.02,588.52,587.85,587.97
2025-05-27 15:00:00,2025-05-27T16:00:00,2025-05-27T15:00:00,"{'bid': 587.98, 'ask': 588.1}","{'bid': 588.25, 'ask': 588.38}","{'bid': 588.28, 'ask': 588.41}","{'bid': 587.88, 'ask': 588.01}",2522,587.98,588.28,587.88,588.25
2025-05-27 15:15:00,2025-05-27T16:15:00,2025-05-27T15:15:00,"{'bid': 588.24, 'ask': 588.37}","{'bid': 588.74, 'ask': 588.87}","{'bid': 588.94, 'ask': 589.07}","{'bid': 588.01, 'ask': 588.14}",2275,588.24,588.94,588.01,588.74
2025-05-27 15:30:00,2025-05-27T16:30:00,2025-05-27T15:30:00,"{'bid': 588.71, 'ask': 588.85}","{'bid': 588.79, 'ask': 588.92}","{'bid': 588.89, 'ask': 589.02}","{'bid': 588.41, 'ask': 588.54}",2365,588.71,588.89,588.41,588.79
2025-05-27 15:45:00,2025-05-27T16:45:00,2025-05-27T15:45:00,"{'bid': 588.81, 'ask': 588.94}","{'bid': 588.89, 'ask': 589.02}","{'bid': 589.05, 'ask': 589.18}","{'bid': 588.62, 'ask': 588.75}",2019,588.81,589.05,588.62,588.89
2025-05-27 16:00:00,2025-05-27T17:00:00,2025-05-27T16:00:00,"{'bid': 588.9, 'ask': 589.03}","{'bid': 589.4, 'ask': 589.52}","{'bid': 589.55, 'ask': 589.68}","{'bid': 588.83, 'ask': 588.95}",2318,588.9,589.55,588.83,589.4
2025-05-27 16:15:00,2025-05-27T17:15:00,2025-05-27T16:15:00,"{'bid': 589.4, 'ask': 589.53}","{'bid': 589.31, 'ask': 589.44}","{'bid': 589.56, 'ask': 589.69}","{'bid': 589.2, 'ask': 589.32}",1852,589.4,589.56,589.2,589.31
2025-05-27 16:30:00,2025-05-27T17:30:00,2025-05-27T16:30:00,"{'bid': 589.3, 'ask': 589.42}","{'bid': 590.21, 'ask': 590.33}","{'bid': 590.6, 'ask': 590.73}","{'bid': 589.29, 'ask': 589.42}",2534,589.3,590.6,589.29,590.21
2025-05-27 16:45:00,2025-05-27T17:45:00,2025-05-27T16:45:00,"{'bid': 590.21, 'ask': 590.34}","{'bid': 589.87, 'ask': 590.0}","{'bid': 590.34, 'ask': 590.47}","{'bid': 589.74, 'ask': 589.86}",2412,590.21,590.34,589.74,589.87
2025-05-27 17:00:00,2025-05-27T18:00:00,2025-05-27T17:00:00,"{'bid': 589.88, 'ask': 590.01}","{'bid': 590.0, 'ask': 590.12}","{'bid': 590.23, 'ask': 590.36}","{'bid': 589.83, 'ask': 589.96}",1788,589.88,590.23,589.83,590.0
2025-05-27 17:15:00,2025-05-27T18:15:00,2025-05-27T17:15:00,"{'bid': 590.0, 'ask': 590.13}","{'bid': 590.11, 'ask': 590.23}","{'bid': 590.4, 'ask': 590.53}","{'bid': 589.91, 'ask': 590.04}",1894,590.0,590.4,589.91,590.11
2025-05-27 17:30:00,2025-05-27T18:30:00,2025-05-27T17:30:00,"{'bid': 590.11, 'ask': 590.24}","{'bid': 590.25, 'ask': 590.38}","{'bid': 590.3, 'ask': 590.42}","{'bid': 589.95, 'ask': 590.08}",1631,590.11,590.3,589.95,590.25
2025-05-27 17:45:00,2025-05-27T18:45:00,2025-05-27T17:45:00,"{'bid': 590.24, 'ask': 590.37}","{'bid': 590.95, 'ask': 591.07}","{'bid': 591.01, 'ask': 591.14}","{'bid': 590.15, 'ask': 590.27}",1544,590.24,591.01,590.15,590.95
2025-05-27 18:00:00,2025-05-27T19:00:00,2025-05-27T18:00:00,"{'bid': 590.95, 'ask': 591.08}","{'bid': 591.07, 'ask': 591.2}","{'bid': 591.25, 'ask': 591.38}","{'bid': 590.65, 'ask': 590.78}",1985,590.95,591.25,590.65,591.07
2025-05-27 18:15:00,2025-05-27T19:15:00,2025-05-27T18:15:00,"{'bid': 591.09, 'ask': 591.21}","{'bid': 590.6, 'ask': 590.73}","{'bid': 591.15, 'ask': 591.28}","{'bid': 590.45, 'ask': 590.58}",1815,591.09,591.15,590.45,590.6
2025-05-27 18:30:00,2025-05-27T19:30:00,2025-05-27T18:30:00,"{'bid': 590.62, 'ask': 590.74}","{'bid': 590.53, 'ask': 590.65}","{'bid': 590.87, 'ask': 591.0}","{'bid': 590.42, 'ask': 590.54}",1736,590.62,590.87,590.42,590.53
2025-05-27 18:45:00,2025-05-27T19:45:00,2025-05-27T18:45:00,"{'bid': 590.52, 'ask': 590.65}","{'bid': 590.33, 'ask': 590.46}","{'bid': 590.73, 'ask': 590.85}","{'bid': 590.3, 'ask': 590.42}",1696,590.52,590.73,590.3,590.33
2025-05-27 19:00:00,2025-05-27T20:00:00,2025-05-27T19:00:00,"{'bid': 590.32, 'ask': 590.44}","{'bid': 590.34, 'ask': 590.47}","{'bid': 590.72, 'ask': 590.85}","{'bid': 590.11, 'ask': 590.23}",1987,590.32,590.72,590.11,590.34
2025-05-27 19:15:00,2025-05-27T20:15:00,2025-05-27T19:15:00,"{'bid': 590.35, 'ask': 590.48}","{'bid': 590.23, 'ask': 590.36}","{'bid': 590.61, 'ask': 590.74}","{'bid': 590.19, 'ask': 590.31}",1828,590.35,590.61,590.19,590.23
2025-05-27 19:30:00,2025-05-27T20:30:00,2025-05-27T19:30:00,"{'bid': 590.24, 'ask': 590.37}","{'bid': 590.34, 'ask': 590.46}","{'bid': 590.52, 'ask': 590.65}","{'bid': 589.87, 'ask': 590.0}",2560,590.24,590.52,589.87,590.34
2025-05-27 19:45:00,2025-05-27T20:45:00,2025-05-27T19:45:00,"{'bid': 590.32, 'ask': 590.45}","{'bid': 590.92, 'ask': 591.05}","{'bid': 591.01, 'ask': 591.14}","{'bid': 589.82, 'ask': 589.94}",3870,590.32,591.01,589.82,590.92
2025-05-27 20:00:00,2025-05-27T21:00:00,2025-05-27T20:00:00,"{'bid': 590.91, 'ask': 591.03}","{'bid': 591.38, 'ask': 591.51}","{'bid': 591.56, 'ask': 591.95}","{'bid': 590.38, 'ask': 590.78}",1581,590.91,591.56,590.38,591.38
2025-05-27 20:15:00,2025-05-27T21:15:00,2025-05-27T20:15:00,"{'bid': 591.4, 'ask': 591.52}","{'bid': 591.25, 'ask': 591.39}","{'bid': 591.55, 'ask': 591.76}","{'bid': 591.25, 'ask': 591.38}",403,591.4,591.55,591.25,591.25
2025-05-27 20:30:00,2025-05-27T21:30:00,2025-05-27T20:30:00,"{'bid': 591.28, 'ask': 591.41}","{'bid': 591.41, 'ask': 591.53}","{'bid': 591.41, 'ask': 591.53}","{'bid': 591.15, 'ask': 591.29}",225,591.28,591.41,591.15,591.41
2025-05-27 20:45:00,2025-05-27T21:45:00,2025-05-27T20:45:00,"{'bid': 591.41, 'ask': 591.54}","{'bid': 591.42, 'ask': 591.57}","{'bid': 591.53, 'ask': 591.65}","{'bid': 591.29, 'ask': 591.47}",255,591.41,591.53,591.29,591.42
2025-05-27 21:00:00,2025-05-27T22:00:00,2025-05-27T21:00:00,"{'bid': 591.41, 'ask': 591.62}","{'bid': 591.43, 'ask': 591.63}","{'bid': 591.52, 'ask': 591.7}","{'bid': 591.36, 'ask': 591.54}",31,591.41,591.52,591.36,591.43
2025-05-27 21:15:00,2025-05-27T22:15:00,2025-05-27T21:15:00,"{'bid': 591.41, 'ask': 591.63}","{'bid': 591.67, 'ask': 591.8}","{'bid': 591.68, 'ask': 591.81}","{'bid': 591.36, 'ask': 591.52}",44,591.41,591.68,591.36,591.67
2025-05-27 21:30:00,2025-05-27T22:30:00,2025-05-27T21:30:00,"{'bid': 591.67, 'ask': 591.79}","{'bid': 591.43, 'ask': 591.75}","{'bid': 591.67, 'ask': 591.8}","{'bid': 591.43, 'ask': 591.65}",38,591.67,591.67,591.43,591.43
2025-05-27 21:45:00,2025-05-27T22:45:00,2025-05-27T21:45:00,"{'bid': 591.43, 'ask': 591.65}","{'bid': 591.48, 'ask': 591.65}","{'bid': 591.51, 'ask': 591.65}","{'bid': 591.35, 'ask': 591.5}",25,591.43,591.51,591.35,591.48
2025-05-27 22:00:00,2025-05-27T23:00:00,2025-05-27T22:00:00,"{'bid': 591.47, 'ask': 591.6}","{'bid': 590.98, 'ask': 591.15}","{'bid': 591.47, 'ask': 591.6}","{'bid': 590.96, 'ask': 591.12}",330,591.47,591.47,590.96,590.98
2025-05-27 22:15:00,2025-05-27T23:15:00,2025-05-27T22:15:00,"{'bid': 590.98, 'ask': 591.16}","{'bid': 591.13, 'ask': 591.31}","{'bid': 591.24, 'ask': 591.5}","{'bid': 590.95, 'ask': 591.11}",300,590.98,591.24,590.95,591.13
2025-05-27 22:30:00,2025-05-27T23:30:00,2025-05-27T22:30:00,"{'bid': 591.13, 'ask': 591.32}","{'bid': 591.08, 'ask': 591.23}","{'bid': 591.13, 'ask': 591.37}","{'bid': 590.95, 'ask': 591.12}",177,591.13,591.13,590.95,591.08
2025-05-27 22:45:00,2025-05-27T23:45:00,2025-05-27T22:45:00,"{'bid': 591.08, 'ask': 591.25}","{'bid': 591.29, 'ask': 591.46}","{'bid': 591.32, 'ask': 591.5}","{'bid': 590.97, 'ask': 591.22}",188,591.08,591.32,590.97,591.29
2025-05-27 23:00:00,2025-05-28T00:00:00,2025-05-27T23:00:00,"{'bid': 591.26, 'ask': 591.46}","{'bid': 591.4, 'ask': 591.53}","{'bid': 591.4, 'ask': 591.55}","{'bid': 591.2, 'ask': 591.39}",165,591.26,591.4,591.2,591.4
2025-05-27 23:15:00,2025-05-28T00:15:00,2025-05-27T23:15:00,"{'bid': 591.36, 'ask': 591.53}","{'bid': 591.2, 'ask': 591.34}","{'bid': 591.55, 'ask': 591.8}","{'bid': 591.2, 'ask': 591.32}",201,591.36,591.55,591.2,591.2
2025-05-27 23:30:00,2025-05-28T00:30:00,2025-05-27T23:30:00,"{'bid': 591.2, 'ask': 591.35}","{'bid': 591.4, 'ask': 591.55}","{'bid': 591.43, 'ask': 591.65}","{'bid': 591.17, 'ask': 591.31}",165,591.2,591.43,591.17,591.4
2025-05-27 23:45:00,2025-05-28T00:45:00,2025-05-27T23:45:00,"{'bid': 591.39, 'ask': 591.55}","{'bid': 591.18, 'ask': 591.35}","{'bid': 591.41, 'ask': 591.94}","{'bid': 591.18, 'ask': 591.34}",251,591.39,591.41,591.18,591.18
2025-05-28 08:00:00,2025-05-28T09:00:00,2025-05-28T08:00:00,"{'bid': 589.78, 'ask': 590.11}","{'bid': 589.84, 'ask': 589.99}","{'bid': 590.15, 'ask': 590.45}","{'bid': 589.73, 'ask': 589.89}",623,589.78,590.15,589.73,589.84
2025-05-28 08:15:00,2025-05-28T09:15:00,2025-05-28T08:15:00,"{'bid': 589.84, 'ask': 590.0}","{'bid': 589.99, 'ask': 590.14}","{'bid': 590.15, 'ask': 590.75}","{'bid': 589.8, 'ask': 589.98}",366,589.84,590.15,589.8,589.99
2025-05-28 08:30:00,2025-05-28T09:30:00,2025-05-28T08:30:00,"{'bid': 590.0, 'ask': 590.14}","{'bid': 590.16, 'ask': 590.31}","{'bid': 590.23, 'ask': 590.58}","{'bid': 589.86, 'ask': 590.02}",253,590.0,590.23,589.86,590.16
2025-05-28 08:45:00,2025-05-28T09:45:00,2025-05-28T08:45:00,"{'bid': 590.14, 'ask': 590.29}","{'bid': 589.74, 'ask': 589.9}","{'bid': 590.19, 'ask': 590.34}","{'bid': 589.7, 'ask': 589.88}",365,590.14,590.19,589.7,589.74
2025-05-28 09:00:00,2025-05-28T10:00:00,2025-05-28T09:00:00,"{'bid': 589.75, 'ask': 589.9}","{'bid': 589.74, 'ask': 589.9}","{'bid': 589.97, 'ask': 590.14}","{'bid': 589.69, 'ask': 589.85}",326,589.75,589.97,589.69,589.74
2025-05-28 09:15:00,2025-05-28T10:15:00,2025-05-28T09:15:00,"{'bid': 589.74, 'ask': 589.91}","{'bid': 589.59, 'ask': 589.74}","{'bid': 589.93, 'ask': 590.1}","{'bid': 589.41, 'ask': 589.58}",392,589.74,589.93,589.41,589.59
2025-05-28 09:30:00,2025-05-28T10:30:00,2025-05-28T09:30:00,"{'bid': 589.59, 'ask': 589.73}","{'bid': 589.56, 'ask': 589.74}","{'bid': 589.8, 'ask': 590.07}","{'bid': 589.38, 'ask': 589.55}",402,589.59,589.8,589.38,589.56
2025-05-28 09:45:00,2025-05-28T10:45:00,2025-05-28T09:45:00,"{'bid': 589.55, 'ask': 589.74}","{'bid': 590.0, 'ask': 590.17}","{'bid': 590.0, 'ask': 590.17}","{'bid': 589.55, 'ask': 589.74}",278,589.55,590.0,589.55,590.0
2025-05-28 10:00:00,2025-05-28T11:00:00,2025-05-28T10:00:00,"{'bid': 590.0, 'ask': 590.16}","{'bid': 590.34, 'ask': 590.49}","{'bid': 590.38, 'ask': 590.75}","{'bid': 589.86, 'ask': 590.04}",371,590.0,590.38,589.86,590.34
2025-05-28 10:15:00,2025-05-28T11:15:00,2025-05-28T10:15:00,"{'bid': 590.34, 'ask': 590.48}","{'bid': 590.42, 'ask': 590.59}","{'bid': 590.45, 'ask': 590.75}","{'bid': 590.27, 'ask': 590.43}",262,590.34,590.45,590.27,590.42
2025-05-28 10:30:00,2025-05-28T11:30:00,2025-05-28T10:30:00,"{'bid': 590.43, 'ask': 590.62}","{'bid': 591.29, 'ask': 591.44}","{'bid': 591.39, 'ask': 591.95}","{'bid': 590.43, 'ask': 590.6}",636,590.43,591.39,590.43,591.29
2025-05-28 10:45:00,2025-05-28T11:45:00,2025-05-28T10:45:00,"{'bid': 591.27, 'ask': 591.42}","{'bid': 591.82, 'ask': 591.96}","{'bid': 591.86, 'ask': 592.25}","{'bid': 591.27, 'ask': 591.42}",525,591.27,591.86,591.27,591.82
2025-05-28 11:00:00,2025-05-28T12:00:00,2025-05-28T11:00:00,"{'bid': 591.82, 'ask': 591.98}","{'bid': 591.54, 'ask': 591.7}","{'bid': 591.87, 'ask': 592.04}","{'bid': 591.21, 'ask': 591.41}",686,591.82,591.87,591.21,591.54
2025-05-28 11:15:00,2025-05-28T12:15:00,2025-05-28T11:15:00,"{'bid': 591.55, 'ask': 591.7}","{'bid': 591.23, 'ask': 591.4}","{'bid': 591.65, 'ask': 591.8}","{'bid': 591.1, 'ask': 591.27}",547,591.55,591.65,591.1,591.23
2025-05-28 11:30:00,2025-05-28T12:30:00,2025-05-28T11:30:00,"{'bid': 591.25, 'ask': 591.41}","{'bid': 591.16, 'ask': 591.31}","{'bid': 591.59, 'ask': 591.95}","{'bid': 591.11, 'ask': 591.29}",578,591.25,591.59,591.11,591.16
2025-05-28 11:45:00,2025-05-28T12:45:00,2025-05-28T11:45:00,"{'bid': 591.13, 'ask': 591.29}","{'bid': 591.41, 'ask': 591.54}","{'bid': 591.46, 'ask': 591.91}","{'bid': 590.98, 'ask': 591.15}",431,591.13,591.46,590.98,591.41
2025-05-28 12:00:00,2025-05-28T13:00:00,2025-05-28T12:00:00,"{'bid': 591.38, 'ask': 591.54}","{'bid': 591.59, 'ask': 591.73}","{'bid': 591.6, 'ask': 591.79}","{'bid': 591.25, 'ask': 591.4}",648,591.38,591.6,591.25,591.59
2025-05-28 12:15:00,2025-05-28T13:15:00,2025-05-28T12:15:00,"{'bid': 591.57, 'ask': 591.72}","{'bid': 591.51, 'ask': 591.65}","{'bid': 591.81, 'ask': 592.23}","{'bid': 591.43, 'ask': 591.57}",600,591.57,591.81,591.43,591.51
2025-05-28 12:30:00,2025-05-28T13:30:00,2025-05-28T12:30:00,"{'bid': 591.51, 'ask': 591.64}","{'bid': 591.98, 'ask': 592.13}","{'bid': 592.01, 'ask': 592.21}","{'bid': 591.33, 'ask': 591.47}",623,591.51,592.01,591.33,591.98
2025-05-28 12:45:00,2025-05-28T13:45:00,2025-05-28T12:45:00,"{'bid': 591.99, 'ask': 592.15}","{'bid': 591.31, 'ask': 591.45}","{'bid': 592.01, 'ask': 592.55}","{'bid': 591.22, 'ask': 591.36}",772,591.99,592.01,591.22,591.31
2025-05-28 13:00:00,2025-05-28T14:00:00,2025-05-28T13:00:00,"{'bid': 591.32, 'ask': 591.45}","{'bid': 591.59, 'ask': 591.72}","{'bid': 591.66, 'ask': 591.95}","{'bid': 591.18, 'ask': 591.33}",874,591.32,591.66,591.18,591.59
2025-05-28 13:15:00,2025-05-28T14:15:00,2025-05-28T13:15:00,"{'bid': 591.61, 'ask': 591.73}","{'bid': 591.5, 'ask': 591.67}","{'bid': 591.61, 'ask': 591.79}","{'bid': 591.0, 'ask': 591.18}",1058,591.61,591.61,591.0,591.5
2025-05-28 13:30:00,2025-05-28T14:30:00,2025-05-28T13:30:00,"{'bid': 591.52, 'ask': 591.64}","{'bid': 592.37, 'ask': 592.5}","{'bid': 592.7, 'ask': 592.83}","{'bid': 591.24, 'ask': 591.37}",5278,591.52,592.7,591.24,592.37
2025-05-28 13:45:00,2025-05-28T14:45:00,2025-05-28T13:45:00,"{'bid': 592.38, 'ask': 592.51}","{'bid': 590.72, 'ask': 590.85}","{'bid': 592.5, 'ask': 592.62}","{'bid': 590.47, 'ask': 590.6}",5461,592.38,592.5,590.47,590.72
2025-05-28 14:00:00,2025-05-28T15:00:00,2025-05-28T14:00:00,"{'bid': 590.71, 'ask': 590.83}","{'bid': 590.4, 'ask': 590.52}","{'bid': 591.1, 'ask': 591.22}","{'bid': 590.27, 'ask': 590.4}",4907,590.71,591.1,590.27,590.4
2025-05-28 14:15:00,2025-05-28T15:15:00,2025-05-28T14:15:00,"{'bid': 590.39, 'ask': 590.52}","{'bid': 590.17, 'ask': 590.3}","{'bid': 590.61, 'ask': 590.73}","{'bid': 589.89, 'ask': 590.02}",4284,590.39,590.61,589.89,590.17
2025-05-28 14:30:00,2025-05-28T15:30:00,2025-05-28T14:30:00,"{'bid': 590.16, 'ask': 590.29}","{'bid': 589.79, 'ask': 589.92}","{'bid': 590.27, 'ask': 590.39}","{'bid': 589.45, 'ask': 589.58}",4186,590.16,590.27,589.45,589.79
2025-05-28 14:45:00,2025-05-28T15:45:00,2025-05-28T14:45:00,"{'bid': 589.81, 'ask': 589.93}","{'bid': 589.28, 'ask': 589.4}","{'bid': 589.88, 'ask': 590.01}","{'bid': 589.15, 'ask': 589.27}",3751,589.81,589.88,589.15,589.28
2025-05-28 15:00:00,2025-05-28T16:00:00,2025-05-28T15:00:00,"{'bid': 589.28, 'ask': 589.41}","{'bid': 589.1, 'ask': 589.23}","{'bid': 590.08, 'ask': 590.21}","{'bid': 589.08, 'ask': 589.21}",3379,589.28,590.08,589.08,589.1
2025-05-28 15:15:00,2025-05-28T16:15:00,2025-05-28T15:15:00,"{'bid': 589.12, 'ask': 589.25}","{'bid': 589.33, 'ask': 589.46}","{'bid': 589.89, 'ask': 590.01}","{'bid': 589.1, 'ask': 589.23}",3074,589.12,589.89,589.1,589.33
2025-05-28 15:30:00,2025-05-28T16:30:00,2025-05-28T15:30:00,"{'bid': 589.31, 'ask': 589.44}","{'bid': 589.13, 'ask': 589.26}","{'bid': 589.52, 'ask': 589.65}","{'bid': 588.92, 'ask': 589.05}",2583,589.31,589.52,588.92,589.13
2025-05-28 15:45:00,2025-05-28T16:45:00,2025-05-28T15:45:00,"{'bid': 589.14, 'ask': 589.26}","{'bid': 589.0, 'ask': 589.13}","{'bid': 589.61, 'ask': 589.74}","{'bid': 588.91, 'ask': 589.03}",2233,589.14,589.61,588.91,589.0
2025-05-28 16:00:00,2025-05-28T17:00:00,2025-05-28T16:00:00,"{'bid': 588.99, 'ask': 589.12}","{'bid': 589.69, 'ask': 589.82}","{'bid': 589.89, 'ask': 590.02}","{'bid': 588.99, 'ask': 589.12}",2485,588.99,589.89,588.99,589.69
2025-05-28 16:15:00,2025-05-28T17:15:00,2025-05-28T16:15:00,"{'bid': 589.71, 'ask': 589.83}","{'bid': 589.81, 'ask': 589.94}","{'bid': 589.91, 'ask': 590.04}","{'bid': 589.48, 'ask': 589.61}",1868,589.71,589.91,589.48,589.81
2025-05-28 16:30:00,2025-05-28T17:30:00,2025-05-28T16:30:00,"{'bid': 589.8, 'ask': 589.93}","{'bid': 590.03, 'ask': 590.16}","{'bid': 590.18, 'ask': 590.3}","{'bid': 589.66, 'ask': 589.79}",1788,589.8,590.18,589.66,590.03
2025-05-28 16:45:00,2025-05-28T17:45:00,2025-05-28T16:45:00,"{'bid': 590.04, 'ask': 590.17}","{'bid': 589.87, 'ask': 590.0}","{'bid': 590.15, 'ask': 590.28}","{'bid': 589.57, 'ask': 589.7}",1863,590.04,590.15,589.57,589.87
2025-05-28 17:00:00,2025-05-28T18:00:00,2025-05-28T17:00:00,"{'bid': 589.87, 'ask': 589.99}","{'bid': 590.21, 'ask': 590.34}","{'bid': 590.43, 'ask': 590.56}","{'bid': 589.74, 'ask': 589.86}",2317,589.87,590.43,589.74,590.21
2025-05-28 17:15:00,2025-05-28T18:15:00,2025-05-28T17:15:00,"{'bid': 590.2, 'ask': 590.33}","{'bid': 590.22, 'ask': 590.34}","{'bid': 590.55, 'ask': 590.68}","{'bid': 589.92, 'ask': 590.04}",1878,590.2,590.55,589.92,590.22
2025-05-28 17:30:00,2025-05-28T18:30:00,2025-05-28T17:30:00,"{'bid': 590.2, 'ask': 590.33}","{'bid': 589.58, 'ask': 589.71}","{'bid': 590.25, 'ask': 590.37}","{'bid': 589.37, 'ask': 589.5}",2164,590.2,590.25,589.37,589.58
2025-05-28 17:45:00,2025-05-28T18:45:00,2025-05-28T17:45:00,"{'bid': 589.58, 'ask': 589.7}","{'bid': 589.64, 'ask': 589.8}","{'bid': 589.95, 'ask': 590.08}","{'bid': 589.52, 'ask': 589.65}",1625,589.58,589.95,589.52,589.64
2025-05-28 18:00:00,2025-05-28T19:00:00,2025-05-28T18:00:00,"{'bid': 589.65, 'ask': 589.77}","{'bid': 590.21, 'ask': 590.34}","{'bid': 590.38, 'ask': 590.51}","{'bid': 589.61, 'ask': 589.74}",2219,589.65,590.38,589.61,590.21
2025-05-28 18:15:00,2025-05-28T19:15:00,2025-05-28T18:15:00,"{'bid': 590.23, 'ask': 590.36}","{'bid': 590.04, 'ask': 590.17}","{'bid': 590.24, 'ask': 590.37}","{'bid': 589.69, 'ask': 589.82}",1981,590.23,590.24,589.69,590.04
2025-05-28 18:30:00,2025-05-28T19:30:00,2025-05-28T18:30:00,"{'bid': 590.03, 'ask': 590.16}","{'bid': 590.1, 'ask': 590.23}","{'bid': 590.26, 'ask': 590.39}","{'bid': 589.98, 'ask': 590.11}",1625,590.03,590.26,589.98,590.1
2025-05-28 18:45:00,2025-05-28T19:45:00,2025-05-28T18:45:00,"{'bid': 590.11, 'ask': 590.24}","{'bid': 589.7, 'ask': 589.83}","{'bid': 590.14, 'ask': 590.27}","{'bid': 587.86, 'ask': 587.98}",5041,590.11,590.14,587.86,589.7
2025-05-28 19:00:00,2025-05-28T20:00:00,2025-05-28T19:00:00,"{'bid': 589.69, 'ask': 589.82}","{'bid': 589.94, 'ask': 590.07}","{'bid': 590.72, 'ask': 590.85}","{'bid': 589.43, 'ask': 589.56}",4320,589.69,590.72,589.43,589.94
2025-05-28 19:15:00,2025-05-28T20:15:00,2025-05-28T19:15:00,"{'bid': 589.95, 'ask': 590.07}","{'bid': 589.46, 'ask': 589.58}","{'bid': 590.11, 'ask': 590.23}","{'bid': 589.25, 'ask': 589.37}",4857,589.95,590.11,589.25,589.46
2025-05-28 19:30:00,2025-05-28T20:30:00,2025-05-28T19:30:00,"{'bid': 589.44, 'ask': 589.57}","{'bid': 588.7, 'ask': 588.83}","{'bid': 589.57, 'ask': 589.7}","{'bid': 588.3, 'ask': 588.42}",4477,589.44,589.57,588.3,588.7
2025-05-28 19:45:00,2025-05-28T20:45:00,2025-05-28T19:45:00,"{'bid': 588.72, 'ask': 588.84}","{'bid': 587.66, 'ask': 587.79}","{'bid': 589.06, 'ask': 589.19}","{'bid': 586.92, 'ask': 587.05}",6216,588.72,589.06,586.92,587.66
2025-05-28 20:00:00,2025-05-28T21:00:00,2025-05-28T20:00:00,"{'bid': 587.66, 'ask': 587.78}","{'bid': 587.73, 'ask': 587.87}","{'bid': 588.13, 'ask': 588.27}","{'bid': 586.84, 'ask': 586.98}",2249,587.66,588.13,586.84,587.73
2025-05-28 20:15:00,2025-05-28T21:15:00,2025-05-28T20:15:00,"{'bid': 587.71, 'ask': 587.84}","{'bid': 588.8, 'ask': 589.0}","{'bid': 589.34, 'ask': 590.15}","{'bid': 584.98, 'ask': 587.05}",3014,587.71,589.34,584.98,588.8
2025-05-28 20:30:00,2025-05-28T21:30:00,2025-05-28T20:30:00,"{'bid': 588.83, 'ask': 588.99}","{'bid': 589.51, 'ask': 589.64}","{'bid': 589.54, 'ask': 590.05}","{'bid': 588.6, 'ask': 588.75}",1263,588.83,589.54,588.6,589.51
2025-05-28 20:45:00,2025-05-28T21:45:00,2025-05-28T20:45:00,"{'bid': 589.51, 'ask': 589.65}","{'bid': 589.69, 'ask': 590.21}","{'bid': 590.1, 'ask': 590.3}","{'bid': 589.11, 'ask': 589.4}",1204,589.51,590.1,589.11,589.69
2025-05-28 21:00:00,2025-05-28T22:00:00,2025-05-28T21:00:00,"{'bid': 589.69, 'ask': 590.17}","{'bid': 589.6, 'ask': 589.82}","{'bid': 590.06, 'ask': 590.3}","{'bid': 589.48, 'ask': 589.65}",222,589.69,590.06,589.48,589.6
2025-05-28 21:15:00,2025-05-28T22:15:00,2025-05-28T21:15:00,"{'bid': 589.6, 'ask': 589.77}","{'bid': 588.95, 'ask': 589.35}","{'bid': 589.61, 'ask': 589.82}","{'bid': 588.6, 'ask': 589.05}",132,589.6,589.61,588.6,588.95
2025-05-28 21:30:00,2025-05-28T22:30:00,2025-05-28T21:30:00,"{'bid': 588.96, 'ask': 589.35}","{'bid': 589.0, 'ask': 589.15}","{'bid': 589.11, 'ask': 589.35}","{'bid': 588.76, 'ask': 589.04}",92,588.96,589.11,588.76,589.0
2025-05-28 21:45:00,2025-05-28T22:45:00,2025-05-28T21:45:00,"{'bid': 589.0, 'ask': 589.74}","{'bid': 589.41, 'ask': 589.73}","{'bid': 589.65, 'ask': 589.85}","{'bid': 588.95, 'ask': 589.15}",124,589.0,589.65,588.95,589.41
2025-05-28 22:00:00,2025-05-28T23:00:00,2025-05-28T22:00:00,"{'bid': 589.41, 'ask': 589.84}","{'bid': 589.67, 'ask': 589.85}","{'bid': 589.82, 'ask': 590.02}","{'bid': 588.85, 'ask': 589.29}",791,589.41,589.82,588.85,589.67
2025-05-28 22:15:00,2025-05-28T23:15:00,2025-05-28T22:15:00,"{'bid': 589.67, 'ask': 589.84}","{'bid': 589.68, 'ask': 589.85}","{'bid': 589.83, 'ask': 590.03}","{'bid': 589.13, 'ask': 589.63}",515,589.67,589.83,589.13,589.68
2025-05-28 22:30:00,2025-05-28T23:30:00,2025-05-28T22:30:00,"{'bid': 589.67, 'ask': 589.86}","{'bid': 590.26, 'ask': 590.61}","{'bid': 590.58, 'ask': 591.35}","{'bid': 589.56, 'ask': 589.74}",612,589.67,590.58,589.56,590.26
2025-05-28 22:45:00,2025-05-28T23:45:00,2025-05-28T22:45:00,"{'bid': 590.26, 'ask': 590.62}","{'bid': 591.86, 'ask': 592.02}","{'bid': 592.02, 'ask': 592.83}","{'bid': 590.25, 'ask': 590.62}",1045,590.26,592.02,590.25,591.86
2025-05-28 23:00:00,2025-05-29T00:00:00,2025-05-28T23:00:00,"{'bid': 591.88, 'ask': 592.08}","{'bid': 595.5, 'ask': 595.75}","{'bid': 595.64, 'ask': 596.45}","{'bid': 591.55, 'ask': 592.07}",2861,591.88,595.64,591.55,595.5
2025-05-28 23:15:00,2025-05-29T00:15:00,2025-05-28T23:15:00,"{'bid': 595.5, 'ask': 595.74}","{'bid': 595.15, 'ask': 595.34}","{'bid': 596.98, 'ask': 597.65}","{'bid': 594.95, 'ask': 595.11}",2889,595.5,596.98,594.95,595.15
2025-05-28 23:30:00,2025-05-29T00:30:00,2025-05-28T23:30:00,"{'bid': 595.14, 'ask': 595.34}","{'bid': 596.53, 'ask': 596.69}","{'bid': 597.01, 'ask': 597.65}","{'bid': 594.95, 'ask': 595.19}",1858,595.14,597.01,594.95,596.53
2025-05-28 23:45:00,2025-05-29T00:45:00,2025-05-28T23:45:00,"{'bid': 596.46, 'ask': 596.65}","{'bid': 596.5, 'ask': 596.66}","{'bid': 596.66, 'ask': 597.17}","{'bid': 595.13, 'ask': 595.57}",1582,596.46,596.66,595.13,596.5
2025-05-29 08:00:00,2025-05-29T09:00:00,2025-05-29T08:00:00,"{'bid': 598.14, 'ask': 598.31}","{'bid': 597.69, 'ask': 597.86}","{'bid': 598.21, 'ask': 598.85}","{'bid': 597.67, 'ask': 597.85}",786,598.14,598.21,597.67,597.69
2025-05-29 08:15:00,2025-05-29T09:15:00,2025-05-29T08:15:00,"{'bid': 597.69, 'ask': 597.85}","{'bid': 596.86, 'ask': 597.01}","{'bid': 597.74, 'ask': 598.38}","{'bid': 596.74, 'ask': 596.9}",647,597.69,597.74,596.74,596.86
2025-05-29 08:30:00,2025-05-29T09:30:00,2025-05-29T08:30:00,"{'bid': 596.84, 'ask': 596.99}","{'bid': 596.68, 'ask': 596.85}","{'bid': 596.87, 'ask': 597.65}","{'bid': 596.17, 'ask': 596.61}",637,596.84,596.87,596.17,596.68
2025-05-29 08:45:00,2025-05-29T09:45:00,2025-05-29T08:45:00,"{'bid': 596.68, 'ask': 596.84}","{'bid': 596.53, 'ask': 596.74}","{'bid': 596.78, 'ask': 597.38}","{'bid': 596.47, 'ask': 596.66}",501,596.68,596.78,596.47,596.53
2025-05-29 09:00:00,2025-05-29T10:00:00,2025-05-29T09:00:00,"{'bid': 596.52, 'ask': 596.74}","{'bid': 596.78, 'ask': 596.94}","{'bid': 596.89, 'ask': 597.15}","{'bid': 595.75, 'ask': 596.55}",429,596.52,596.89,595.75,596.78
2025-05-29 09:15:00,2025-05-29T10:15:00,2025-05-29T09:15:00,"{'bid': 596.77, 'ask': 596.94}","{'bid': 596.62, 'ask': 596.78}","{'bid': 596.79, 'ask': 597.15}","{'bid': 596.29, 'ask': 596.47}",569,596.77,596.79,596.29,596.62
2025-05-29 09:30:00,2025-05-29T10:30:00,2025-05-29T09:30:00,"{'bid': 596.61, 'ask': 596.78}","{'bid': 596.6, 'ask': 596.75}","{'bid': 596.94, 'ask': 597.15}","{'bid': 595.98, 'ask': 596.49}",638,596.61,596.94,595.98,596.6
2025-05-29 09:45:00,2025-05-29T10:45:00,2025-05-29T09:45:00,"{'bid': 596.59, 'ask': 596.75}","{'bid': 595.92, 'ask': 596.08}","{'bid': 596.87, 'ask': 597.13}","{'bid': 595.89, 'ask': 596.04}",686,596.59,596.87,595.89,595.92
2025-05-29 10:00:00,2025-05-29T11:00:00,2025-05-29T10:00:00,"{'bid': 595.92, 'ask': 596.09}","{'bid': 595.0, 'ask': 595.18}","{'bid': 595.97, 'ask': 596.15}","{'bid': 594.77, 'ask': 595.15}",1011,595.92,595.97,594.77,595.0
2025-05-29 10:15:00,2025-05-29T11:15:00,2025-05-29T10:15:00,"{'bid': 595.03, 'ask': 595.23}","{'bid': 594.41, 'ask': 594.57}","{'bid': 595.04, 'ask': 595.67}","{'bid': 593.95, 'ask': 594.47}",879,595.03,595.04,593.95,594.41
2025-05-29 10:30:00,2025-05-29T11:30:00,2025-05-29T10:30:00,"{'bid': 594.43, 'ask': 594.58}","{'bid': 594.39, 'ask': 594.56}","{'bid': 594.96, 'ask': 595.55}","{'bid': 594.39, 'ask': 594.56}",743,594.43,594.96,594.39,594.39
2025-05-29 10:45:00,2025-05-29T11:45:00,2025-05-29T10:45:00,"{'bid': 594.39, 'ask': 594.57}","{'bid': 594.46, 'ask': 594.62}","{'bid': 594.56, 'ask': 595.25}","{'bid': 593.55, 'ask': 594.11}",993,594.39,594.56,593.55,594.46
2025-05-29 11:00:00,2025-05-29T12:00:00,2025-05-29T11:00:00,"{'bid': 594.49, 'ask': 594.64}","{'bid': 594.35, 'ask': 594.53}","{'bid': 594.51, 'ask': 595.25}","{'bid': 593.65, 'ask': 594.22}",876,594.49,594.51,593.65,594.35
2025-05-29 11:15:00,2025-05-29T12:15:00,2025-05-29T11:15:00,"{'bid': 594.35, 'ask': 594.52}","{'bid': 593.36, 'ask': 593.52}","{'bid': 594.53, 'ask': 594.73}","{'bid': 592.95, 'ask': 593.38}",819,594.35,594.53,592.95,593.36
2025-05-29 11:30:00,2025-05-29T12:30:00,2025-05-29T11:30:00,"{'bid': 593.37, 'ask': 593.52}","{'bid': 593.79, 'ask': 593.95}","{'bid': 593.93, 'ask': 594.53}","{'bid': 592.95, 'ask': 593.21}",1144,593.37,593.93,592.95,593.79
2025-05-29 11:45:00,2025-05-29T12:45:00,2025-05-29T11:45:00,"{'bid': 593.79, 'ask': 593.94}","{'bid': 592.73, 'ask': 592.86}","{'bid': 593.88, 'ask': 594.35}","{'bid': 592.64, 'ask': 592.79}",1262,593.79,593.88,592.64,592.73
2025-05-29 12:00:00,2025-05-29T13:00:00,2025-05-29T12:00:00,"{'bid': 592.72, 'ask': 592.86}","{'bid': 592.36, 'ask': 592.59}","{'bid': 593.37, 'ask': 594.16}","{'bid': 591.84, 'ask': 591.99}",2165,592.72,593.37,591.84,592.36
2025-05-29 12:15:00,2025-05-29T13:15:00,2025-05-29T12:15:00,"{'bid': 592.37, 'ask': 592.56}","{'bid': 592.13, 'ask': 592.59}","{'bid': 592.66, 'ask': 592.83}","{'bid': 591.8, 'ask': 591.93}",1591,592.37,592.66,591.8,592.13
2025-05-29 12:30:00,2025-05-29T13:30:00,2025-05-29T12:30:00,"{'bid': 592.13, 'ask': 592.58}","{'bid': 591.91, 'ask': 592.07}","{'bid': 593.02, 'ask': 594.05}","{'bid': 591.38, 'ask': 591.74}",1936,592.13,593.02,591.38,591.91
2025-05-29 12:45:00,2025-05-29T13:45:00,2025-05-29T12:45:00,"{'bid': 591.93, 'ask': 592.08}","{'bid': 592.18, 'ask': 592.33}","{'bid': 592.62, 'ask': 593.11}","{'bid': 591.92, 'ask': 592.08}",1379,591.93,592.62,591.92,592.18
2025-05-29 13:00:00,2025-05-29T14:00:00,2025-05-29T13:00:00,"{'bid': 592.2, 'ask': 592.38}","{'bid': 592.45, 'ask': 592.59}","{'bid': 592.62, 'ask': 592.77}","{'bid': 592.05, 'ask': 592.2}",1457,592.2,592.62,592.05,592.45
2025-05-29 13:15:00,2025-05-29T14:15:00,2025-05-29T13:15:00,"{'bid': 592.45, 'ask': 592.58}","{'bid': 592.97, 'ask': 593.1}","{'bid': 593.26, 'ask': 593.65}","{'bid': 592.15, 'ask': 592.58}",1735,592.45,593.26,592.15,592.97
2025-05-29 13:30:00,2025-05-29T14:30:00,2025-05-29T13:30:00,"{'bid': 593.0, 'ask': 593.13}","{'bid': 590.96, 'ask': 591.09}","{'bid': 593.14, 'ask': 593.6}","{'bid': 590.92, 'ask': 591.04}",8371,593.0,593.14,590.92,590.96
2025-05-29 13:45:00,2025-05-29T14:45:00,2025-05-29T13:45:00,"{'bid': 590.98, 'ask': 591.1}","{'bid': 591.17, 'ask': 591.29}","{'bid': 591.97, 'ask': 592.09}","{'bid': 590.2, 'ask': 590.32}",6295,590.98,591.97,590.2,591.17
2025-05-29 14:00:00,2025-05-29T15:00:00,2025-05-29T14:00:00,"{'bid': 591.15, 'ask': 591.3}","{'bid': 589.63, 'ask': 589.75}","{'bid': 591.55, 'ask': 591.68}","{'bid': 588.78, 'ask': 588.91}",7790,591.15,591.55,588.78,589.63
2025-05-29 14:15:00,2025-05-29T15:15:00,2025-05-29T14:15:00,"{'bid': 589.62, 'ask': 589.74}","{'bid': 590.03, 'ask': 590.16}","{'bid': 590.18, 'ask': 590.3}","{'bid': 588.44, 'ask': 588.56}",6549,589.62,590.18,588.44,590.03
2025-05-29 14:30:00,2025-05-29T15:30:00,2025-05-29T14:30:00,"{'bid': 590.01, 'ask': 590.14}","{'bid': 589.67, 'ask': 589.8}","{'bid': 590.42, 'ask': 590.55}","{'bid': 589.23, 'ask': 589.35}",6028,590.01,590.42,589.23,589.67
2025-05-29 14:45:00,2025-05-29T15:45:00,2025-05-29T14:45:00,"{'bid': 589.68, 'ask': 589.81}","{'bid': 590.87, 'ask': 590.99}","{'bid': 591.02, 'ask': 591.15}","{'bid': 589.52, 'ask': 589.65}",4705,589.68,591.02,589.52,590.87
2025-05-29 15:00:00,2025-05-29T16:00:00,2025-05-29T15:00:00,"{'bid': 590.86, 'ask': 590.99}","{'bid': 589.55, 'ask': 589.67}","{'bid': 590.95, 'ask': 591.07}","{'bid': 589.51, 'ask': 589.63}",5098,590.86,590.95,589.51,589.55
2025-05-29 15:15:00,2025-05-29T16:15:00,2025-05-29T15:15:00,"{'bid': 589.54, 'ask': 589.67}","{'bid': 590.65, 'ask': 590.77}","{'bid': 590.82, 'ask': 590.94}","{'bid': 589.49, 'ask': 589.62}",4731,589.54,590.82,589.49,590.65
2025-05-29 15:30:00,2025-05-29T16:30:00,2025-05-29T15:30:00,"{'bid': 590.66, 'ask': 590.79}","{'bid': 589.13, 'ask': 589.25}","{'bid': 590.74, 'ask': 590.87}","{'bid': 588.8, 'ask': 588.92}",5321,590.66,590.74,588.8,589.13
2025-05-29 15:45:00,2025-05-29T16:45:00,2025-05-29T15:45:00,"{'bid': 589.12, 'ask': 589.25}","{'bid': 587.12, 'ask': 587.25}","{'bid': 589.59, 'ask': 589.71}","{'bid': 586.47, 'ask': 586.6}",5481,589.12,589.59,586.47,587.12
2025-05-29 16:00:00,2025-05-29T17:00:00,2025-05-29T16:00:00,"{'bid': 587.1, 'ask': 587.22}","{'bid': 588.52, 'ask': 588.64}","{'bid': 588.57, 'ask': 588.7}","{'bid': 586.01, 'ask': 586.13}",7341,587.1,588.57,586.01,588.52
2025-05-29 16:15:00,2025-05-29T17:15:00,2025-05-29T16:15:00,"{'bid': 588.51, 'ask': 588.63}","{'bid': 588.92, 'ask': 589.05}","{'bid': 589.18, 'ask': 589.3}","{'bid': 588.49, 'ask': 588.62}",4581,588.51,589.18,588.49,588.92
2025-05-29 16:30:00,2025-05-29T17:30:00,2025-05-29T16:30:00,"{'bid': 588.93, 'ask': 589.05}","{'bid': 589.45, 'ask': 589.58}","{'bid': 589.57, 'ask': 589.69}","{'bid': 588.87, 'ask': 589.0}",3586,588.93,589.57,588.87,589.45
2025-05-29 16:45:00,2025-05-29T17:45:00,2025-05-29T16:45:00,"{'bid': 589.47, 'ask': 589.59}","{'bid': 589.73, 'ask': 589.86}","{'bid': 590.08, 'ask': 590.2}","{'bid': 588.83, 'ask': 588.96}",3791,589.47,590.08,588.83,589.73
2025-05-29 17:00:00,2025-05-29T18:00:00,2025-05-29T17:00:00,"{'bid': 589.71, 'ask': 589.84}","{'bid': 589.75, 'ask': 589.88}","{'bid': 590.37, 'ask': 590.53}","{'bid': 589.48, 'ask': 589.61}",3864,589.71,590.37,589.48,589.75
2025-05-29 17:15:00,2025-05-29T18:15:00,2025-05-29T17:15:00,"{'bid': 589.76, 'ask': 589.88}","{'bid': 589.27, 'ask': 589.4}","{'bid': 590.01, 'ask': 590.15}","{'bid': 589.09, 'ask': 589.21}",4415,589.76,590.01,589.09,589.27
2025-05-29 17:30:00,2025-05-29T18:30:00,2025-05-29T17:30:00,"{'bid': 589.27, 'ask': 589.39}","{'bid': 589.14, 'ask': 589.27}","{'bid': 589.75, 'ask': 589.88}","{'bid': 588.94, 'ask': 589.07}",4188,589.27,589.75,588.94,589.14
2025-05-29 17:45:00,2025-05-29T18:45:00,2025-05-29T17:45:00,"{'bid': 589.16, 'ask': 589.28}","{'bid': 588.49, 'ask': 588.62}","{'bid': 589.4, 'ask': 589.52}","{'bid': 588.34, 'ask': 588.47}",4496,589.16,589.4,588.34,588.49
2025-05-29 18:00:00,2025-05-29T19:00:00,2025-05-29T18:00:00,"{'bid': 588.51, 'ask': 588.63}","{'bid': 589.02, 'ask': 589.15}","{'bid': 589.23, 'ask': 589.36}","{'bid': 588.44, 'ask': 588.56}",4300,588.51,589.23,588.44,589.02
2025-05-29 18:15:00,2025-05-29T19:15:00,2025-05-29T18:15:00,"{'bid': 589.03, 'ask': 589.15}","{'bid': 587.96, 'ask': 588.09}","{'bid': 589.14, 'ask': 589.27}","{'bid': 587.55, 'ask': 587.68}",5024,589.03,589.14,587.55,587.96
2025-05-29 18:30:00,2025-05-29T19:30:00,2025-05-29T18:30:00,"{'bid': 587.95, 'ask': 588.07}","{'bid': 589.15, 'ask': 589.28}","{'bid': 589.31, 'ask': 589.44}","{'bid': 587.95, 'ask': 588.07}",3844,587.95,589.31,587.95,589.15
2025-05-29 18:45:00,2025-05-29T19:45:00,2025-05-29T18:45:00,"{'bid': 589.15, 'ask': 589.27}","{'bid': 588.73, 'ask': 588.86}","{'bid': 589.48, 'ask': 589.6}","{'bid': 588.39, 'ask': 588.52}",3386,589.15,589.48,588.39,588.73
2025-05-29 19:00:00,2025-05-29T20:00:00,2025-05-29T19:00:00,"{'bid': 588.75, 'ask': 588.88}","{'bid': 588.48, 'ask': 588.61}","{'bid': 589.34, 'ask': 589.46}","{'bid': 588.3, 'ask': 588.43}",5167,588.75,589.34,588.3,588.48
2025-05-29 19:15:00,2025-05-29T20:15:00,2025-05-29T19:15:00,"{'bid': 588.46, 'ask': 588.59}","{'bid': 588.83, 'ask': 588.96}","{'bid': 589.66, 'ask': 589.79}","{'bid': 588.33, 'ask': 588.46}",3842,588.46,589.66,588.33,588.83
2025-05-29 19:30:00,2025-05-29T20:30:00,2025-05-29T19:30:00,"{'bid': 588.82, 'ask': 588.94}","{'bid': 589.23, 'ask': 589.36}","{'bid': 589.39, 'ask': 589.52}","{'bid': 588.82, 'ask': 588.94}",3709,588.82,589.39,588.82,589.23
2025-05-29 19:45:00,2025-05-29T20:45:00,2025-05-29T19:45:00,"{'bid': 589.21, 'ask': 589.34}","{'bid': 589.96, 'ask': 590.08}","{'bid': 590.61, 'ask': 590.73}","{'bid': 588.89, 'ask': 589.01}",6456,589.21,590.61,588.89,589.96
2025-05-29 20:00:00,2025-05-29T21:00:00,2025-05-29T20:00:00,"{'bid': 589.97, 'ask': 590.09}","{'bid': 589.37, 'ask': 589.5}","{'bid': 590.21, 'ask': 590.33}","{'bid': 589.15, 'ask': 589.27}",1760,589.97,590.21,589.15,589.37
2025-05-29 20:15:00,2025-05-29T21:15:00,2025-05-29T20:15:00,"{'bid': 589.36, 'ask': 589.49}","{'bid': 589.81, 'ask': 589.95}","{'bid': 589.95, 'ask': 590.1}","{'bid': 589.36, 'ask': 589.49}",510,589.36,589.95,589.36,589.81
2025-05-29 20:30:00,2025-05-29T21:30:00,2025-05-29T20:30:00,"{'bid': 589.84, 'ask': 589.98}","{'bid': 589.61, 'ask': 589.75}","{'bid': 590.01, 'ask': 590.3}","{'bid': 589.57, 'ask': 589.71}",341,589.84,590.01,589.57,589.61
2025-05-29 20:45:00,2025-05-29T21:45:00,2025-05-29T20:45:00,"{'bid': 589.6, 'ask': 589.75}","{'bid': 589.34, 'ask': 589.6}","{'bid': 589.64, 'ask': 589.85}","{'bid': 589.21, 'ask': 589.36}",430,589.6,589.64,589.21,589.34
2025-05-29 21:00:00,2025-05-29T22:00:00,2025-05-29T21:00:00,"{'bid': 589.29, 'ask': 589.6}","{'bid': 589.32, 'ask': 589.58}","{'bid': 589.45, 'ask': 589.6}","{'bid': 589.29, 'ask': 589.51}",12,589.29,589.45,589.29,589.32
2025-05-29 21:15:00,2025-05-29T22:15:00,2025-05-29T21:15:00,"{'bid': 589.34, 'ask': 589.58}","{'bid': 589.23, 'ask': 589.51}","{'bid': 589.37, 'ask': 589.58}","{'bid': 589.23, 'ask': 589.51}",6,589.34,589.37,589.23,589.23
2025-05-29 21:30:00,2025-05-29T22:30:00,2025-05-29T21:30:00,"{'bid': 589.23, 'ask': 589.52}","{'bid': 589.05, 'ask': 589.38}","{'bid': 589.23, 'ask': 589.52}","{'bid': 588.96, 'ask': 589.32}",25,589.23,589.23,588.96,589.05
2025-05-29 21:45:00,2025-05-29T22:45:00,2025-05-29T21:45:00,"{'bid': 589.05, 'ask': 589.33}","{'bid': 587.65, 'ask': 589.11}","{'bid': 589.11, 'ask': 589.45}","{'bid': 587.65, 'ask': 589.08}",54,589.05,589.11,587.65,587.65
2025-05-29 22:00:00,2025-05-29T23:00:00,2025-05-29T22:00:00,"{'bid': 588.85, 'ask': 589.12}","{'bid': 589.3, 'ask': 589.49}","{'bid': 589.57, 'ask': 589.78}","{'bid': 588.44, 'ask': 588.81}",969,588.85,589.57,588.44,589.3
2025-05-29 22:15:00,2025-05-29T23:15:00,2025-05-29T22:15:00,"{'bid': 589.3, 'ask': 589.48}","{'bid': 588.55, 'ask': 588.72}","{'bid': 589.35, 'ask': 589.55}","{'bid': 588.48, 'ask': 588.68}",657,589.3,589.35,588.48,588.55
2025-05-29 22:30:00,2025-05-29T23:30:00,2025-05-29T22:30:00,"{'bid': 588.56, 'ask': 588.84}","{'bid': 588.36, 'ask': 588.55}","{'bid': 588.95, 'ask': 589.22}","{'bid': 588.35, 'ask': 588.5}",446,588.56,588.95,588.35,588.36
2025-05-29 22:45:00,2025-05-29T23:45:00,2025-05-29T22:45:00,"{'bid': 588.36, 'ask': 588.54}","{'bid': 588.68, 'ask': 588.86}","{'bid': 588.7, 'ask': 588.91}","{'bid': 588.15, 'ask': 588.35}",465,588.36,588.7,588.15,588.68
2025-05-29 23:00:00,2025-05-30T00:00:00,2025-05-29T23:00:00,"{'bid': 588.69, 'ask': 588.86}","{'bid': 588.79, 'ask': 589.0}","{'bid': 588.92, 'ask': 589.21}","{'bid': 588.48, 'ask': 588.69}",364,588.69,588.92,588.48,588.79
2025-05-29 23:15:00,2025-05-30T00:15:00,2025-05-29T23:15:00,"{'bid': 588.81, 'ask': 589.0}","{'bid': 588.86, 'ask': 589.06}","{'bid': 589.04, 'ask': 589.22}","{'bid': 588.64, 'ask': 588.85}",252,588.81,589.04,588.64,588.86
2025-05-29 23:30:00,2025-05-30T00:30:00,2025-05-29T23:30:00,"{'bid': 588.88, 'ask': 589.08}","{'bid': 588.32, 'ask': 588.5}","{'bid': 589.05, 'ask': 589.22}","{'bid': 588.21, 'ask': 588.43}",398,588.88,589.05,588.21,588.32
2025-05-29 23:45:00,2025-05-30T00:45:00,2025-05-29T23:45:00,"{'bid': 588.32, 'ask': 588.51}","{'bid': 588.02, 'ask': 588.21}","{'bid': 588.32, 'ask': 588.82}","{'bid': 587.95, 'ask': 588.19}",535,588.32,588.32,587.95,588.02
2025-05-30 08:00:00,2025-05-30T09:00:00,2025-05-30T08:00:00,"{'bid': 589.04, 'ask': 589.81}","{'bid': 589.62, 'ask': 589.77}","{'bid': 589.67, 'ask': 590.15}","{'bid': 589.0, 'ask': 589.18}",1166,589.04,589.67,589.0,589.62
2025-05-30 08:15:00,2025-05-30T09:15:00,2025-05-30T08:15:00,"{'bid': 589.61, 'ask': 589.78}","{'bid': 589.23, 'ask': 589.41}","{'bid': 589.72, 'ask': 590.15}","{'bid': 589.16, 'ask': 589.35}",823,589.61,589.72,589.16,589.23
2025-05-30 08:30:00,2025-05-30T09:30:00,2025-05-30T08:30:00,"{'bid': 589.21, 'ask': 589.41}","{'bid': 589.08, 'ask': 589.25}","{'bid': 589.36, 'ask': 589.55}","{'bid': 588.8, 'ask': 588.96}",794,589.21,589.36,588.8,589.08
2025-05-30 08:45:00,2025-05-30T09:45:00,2025-05-30T08:45:00,"{'bid': 589.09, 'ask': 589.26}","{'bid': 588.96, 'ask': 589.15}","{'bid': 589.48, 'ask': 589.85}","{'bid': 588.93, 'ask': 589.09}",586,589.09,589.48,588.93,588.96
2025-05-30 09:00:00,2025-05-30T10:00:00,2025-05-30T09:00:00,"{'bid': 588.97, 'ask': 589.14}","{'bid': 589.12, 'ask': 589.29}","{'bid': 589.46, 'ask': 589.85}","{'bid': 588.88, 'ask': 589.08}",701,588.97,589.46,588.88,589.12
2025-05-30 09:15:00,2025-05-30T10:15:00,2025-05-30T09:15:00,"{'bid': 589.11, 'ask': 589.3}","{'bid': 589.44, 'ask': 589.6}","{'bid': 589.57, 'ask': 590.15}","{'bid': 588.98, 'ask': 589.17}",561,589.11,589.57,588.98,589.44
2025-05-30 09:30:00,2025-05-30T10:30:00,2025-05-30T09:30:00,"{'bid': 589.44, 'ask': 589.61}","{'bid': 589.31, 'ask': 589.48}","{'bid': 589.68, 'ask': 590.15}","{'bid': 589.22, 'ask': 589.4}",532,589.44,589.68,589.22,589.31
2025-05-30 09:45:00,2025-05-30T10:45:00,2025-05-30T09:45:00,"{'bid': 589.31, 'ask': 589.49}","{'bid': 588.85, 'ask': 589.02}","{'bid': 589.48, 'ask': 589.85}","{'bid': 588.83, 'ask': 588.98}",548,589.31,589.48,588.83,588.85
2025-05-30 10:00:00,2025-05-30T11:00:00,2025-05-30T10:00:00,"{'bid': 588.84, 'ask': 589.01}","{'bid': 588.74, 'ask': 588.91}","{'bid': 589.39, 'ask': 589.85}","{'bid': 588.55, 'ask': 588.75}",675,588.84,589.39,588.55,588.74
2025-05-30 10:15:00,2025-05-30T11:15:00,2025-05-30T10:15:00,"{'bid': 588.72, 'ask': 588.89}","{'bid': 589.29, 'ask': 589.47}","{'bid': 589.32, 'ask': 589.85}","{'bid': 588.66, 'ask': 588.84}",438,588.72,589.32,588.66,589.29
2025-05-30 10:30:00,2025-05-30T11:30:00,2025-05-30T10:30:00,"{'bid': 589.3, 'ask': 589.48}","{'bid': 589.37, 'ask': 589.54}","{'bid': 589.55, 'ask': 590.06}","{'bid': 589.27, 'ask': 589.44}",399,589.3,589.55,589.27,589.37
2025-05-30 10:45:00,2025-05-30T11:45:00,2025-05-30T10:45:00,"{'bid': 589.34, 'ask': 589.52}","{'bid': 589.4, 'ask': 589.56}","{'bid': 589.56, 'ask': 589.85}","{'bid': 589.07, 'ask': 589.23}",483,589.34,589.56,589.07,589.4
2025-05-30 11:00:00,2025-05-30T12:00:00,2025-05-30T11:00:00,"{'bid': 589.39, 'ask': 589.56}","{'bid': 589.85, 'ask': 590.02}","{'bid': 590.06, 'ask': 590.45}","{'bid': 589.22, 'ask': 589.42}",647,589.39,590.06,589.22,589.85
2025-05-30 11:15:00,2025-05-30T12:15:00,2025-05-30T11:15:00,"{'bid': 589.84, 'ask': 590.01}","{'bid': 589.6, 'ask': 589.75}","{'bid': 589.95, 'ask': 590.25}","{'bid': 589.57, 'ask': 589.73}",430,589.84,589.95,589.57,589.6
2025-05-30 11:30:00,2025-05-30T12:30:00,2025-05-30T11:30:00,"{'bid': 589.6, 'ask': 589.78}","{'bid': 589.42, 'ask': 589.57}","{'bid': 589.67, 'ask': 590.13}","{'bid': 589.33, 'ask': 589.51}",566,589.6,589.67,589.33,589.42
2025-05-30 11:45:00,2025-05-30T12:45:00,2025-05-30T11:45:00,"{'bid': 589.41, 'ask': 589.59}","{'bid': 589.24, 'ask': 589.41}","{'bid': 589.7, 'ask': 590.13}","{'bid': 589.17, 'ask': 589.32}",688,589.41,589.7,589.17,589.24
2025-05-30 12:00:00,2025-05-30T13:00:00,2025-05-30T12:00:00,"{'bid': 589.25, 'ask': 589.42}","{'bid': 586.68, 'ask': 586.89}","{'bid': 589.93, 'ask': 590.13}","{'bid': 585.38, 'ask': 585.67}",2957,589.25,589.93,585.38,586.68
2025-05-30 12:15:00,2025-05-30T13:15:00,2025-05-30T12:15:00,"{'bid': 586.65, 'ask': 586.89}","{'bid': 586.69, 'ask': 587.18}","{'bid': 587.98, 'ask': 588.64}","{'bid': 586.4, 'ask': 586.66}",3485,586.65,587.98,586.4,586.69
2025-05-30 12:30:00,2025-05-30T13:30:00,2025-05-30T12:30:00,"{'bid': 585.95, 'ask': 587.18}","{'bid': 588.14, 'ask': 588.29}","{'bid': 588.49, 'ask': 589.25}","{'bid': 585.95, 'ask': 587.18}",3046,585.95,588.49,585.95,588.14
2025-05-30 12:45:00,2025-05-30T13:45:00,2025-05-30T12:45:00,"{'bid': 588.15, 'ask': 588.29}","{'bid': 587.67, 'ask': 587.82}","{'bid': 588.39, 'ask': 588.8}","{'bid': 587.66, 'ask': 587.81}",2016,588.15,588.39,587.66,587.67
2025-05-30 13:00:00,2025-05-30T14:00:00,2025-05-30T13:00:00,"{'bid': 587.7, 'ask': 587.84}","{'bid': 587.6, 'ask': 587.75}","{'bid': 588.19, 'ask': 588.45}","{'bid': 587.35, 'ask': 587.55}",1640,587.7,588.19,587.35,587.6
2025-05-30 13:15:00,2025-05-30T14:15:00,2025-05-30T13:15:00,"{'bid': 587.62, 'ask': 587.75}","{'bid': 588.84, 'ask': 589.02}","{'bid': 588.87, 'ask': 589.02}","{'bid': 587.62, 'ask': 587.75}",1969,587.62,588.87,587.62,588.84
2025-05-30 13:30:00,2025-05-30T14:30:00,2025-05-30T13:30:00,"{'bid': 588.82, 'ask': 588.98}","{'bid': 587.69, 'ask': 587.81}","{'bid': 589.05, 'ask': 589.2}","{'bid': 587.32, 'ask': 587.44}",7108,588.82,589.05,587.32,587.69
2025-05-30 13:45:00,2025-05-30T14:45:00,2025-05-30T13:45:00,"{'bid': 587.68, 'ask': 587.8}","{'bid': 586.98, 'ask': 587.18}","{'bid': 588.31, 'ask': 588.43}","{'bid': 586.34, 'ask': 586.46}",6443,587.68,588.31,586.34,586.98
2025-05-30 14:00:00,2025-05-30T15:00:00,2025-05-30T14:00:00,"{'bid': 586.97, 'ask': 587.14}","{'bid': 589.16, 'ask': 589.28}","{'bid': 589.47, 'ask': 589.59}","{'bid': 586.96, 'ask': 587.14}",5522,586.97,589.47,586.96,589.16
2025-05-30 14:15:00,2025-05-30T15:15:00,2025-05-30T14:15:00,"{'bid': 589.13, 'ask': 589.26}","{'bid': 589.54, 'ask': 589.66}","{'bid': 589.64, 'ask': 589.76}","{'bid': 588.92, 'ask': 589.05}",4239,589.13,589.64,588.92,589.54
2025-05-30 14:30:00,2025-05-30T15:30:00,2025-05-30T14:30:00,"{'bid': 589.53, 'ask': 589.66}","{'bid': 589.04, 'ask': 589.17}","{'bid': 589.85, 'ask': 589.97}","{'bid': 589.0, 'ask': 589.13}",4152,589.53,589.85,589.0,589.04
2025-05-30 14:45:00,2025-05-30T15:45:00,2025-05-30T14:45:00,"{'bid': 589.05, 'ask': 589.17}","{'bid': 588.63, 'ask': 588.75}","{'bid': 589.34, 'ask': 589.47}","{'bid': 588.39, 'ask': 588.52}",4188,589.05,589.34,588.39,588.63
2025-05-30 15:00:00,2025-05-30T16:00:00,2025-05-30T15:00:00,"{'bid': 588.64, 'ask': 588.76}","{'bid': 588.58, 'ask': 588.7}","{'bid': 589.13, 'ask': 589.26}","{'bid': 588.36, 'ask': 588.49}",4194,588.64,589.13,588.36,588.58
2025-05-30 15:15:00,2025-05-30T16:15:00,2025-05-30T15:15:00,"{'bid': 588.6, 'ask': 588.73}","{'bid': 589.08, 'ask': 589.2}","{'bid': 589.31, 'ask': 589.44}","{'bid': 587.99, 'ask': 588.11}",3989,588.6,589.31,587.99,589.08
2025-05-30 15:30:00,2025-05-30T16:30:00,2025-05-30T15:30:00,"{'bid': 589.06, 'ask': 589.18}","{'bid': 587.53, 'ask': 587.65}","{'bid': 589.32, 'ask': 589.44}","{'bid': 587.35, 'ask': 587.47}",5045,589.06,589.32,587.35,587.53
2025-05-30 15:45:00,2025-05-30T16:45:00,2025-05-30T15:45:00,"{'bid': 587.52, 'ask': 587.65}","{'bid': 587.93, 'ask': 588.06}","{'bid': 588.47, 'ask': 588.59}","{'bid': 587.29, 'ask': 587.41}",4031,587.52,588.47,587.29,587.93
2025-05-30 16:00:00,2025-05-30T17:00:00,2025-05-30T16:00:00,"{'bid': 587.94, 'ask': 588.07}","{'bid': 588.21, 'ask': 588.34}","{'bid': 588.58, 'ask': 588.71}","{'bid': 587.47, 'ask': 587.6}",3825,587.94,588.58,587.47,588.21
2025-05-30 16:15:00,2025-05-30T17:15:00,2025-05-30T16:15:00,"{'bid': 588.19, 'ask': 588.32}","{'bid': 584.99, 'ask': 585.12}","{'bid': 588.32, 'ask': 588.45}","{'bid': 584.61, 'ask': 584.76}",5624,588.19,588.32,584.61,584.99
2025-05-30 16:30:00,2025-05-30T17:30:00,2025-05-30T16:30:00,"{'bid': 585.02, 'ask': 585.14}","{'bid': 584.51, 'ask': 584.63}","{'bid': 585.44, 'ask': 585.56}","{'bid': 583.15, 'ask': 583.31}",8563,585.02,585.44,583.15,584.51
2025-05-30 16:45:00,2025-05-30T17:45:00,2025-05-30T16:45:00,"{'bid': 584.51, 'ask': 584.64}","{'bid': 584.33, 'ask': 584.45}","{'bid': 584.74, 'ask': 584.87}","{'bid': 583.65, 'ask': 583.77}",6051,584.51,584.74,583.65,584.33
2025-05-30 17:00:00,2025-05-30T18:00:00,2025-05-30T17:00:00,"{'bid': 584.34, 'ask': 584.46}","{'bid': 585.35, 'ask': 585.47}","{'bid': 585.99, 'ask': 586.12}","{'bid': 583.92, 'ask': 584.05}",5451,584.34,585.99,583.92,585.35
2025-05-30 17:15:00,2025-05-30T18:15:00,2025-05-30T17:15:00,"{'bid': 585.34, 'ask': 585.47}","{'bid': 585.83, 'ask': 585.96}","{'bid': 585.94, 'ask': 586.06}","{'bid': 585.02, 'ask': 585.15}",4776,585.34,585.94,585.02,585.83
2025-05-30 17:30:00,2025-05-30T18:30:00,2025-05-30T17:30:00,"{'bid': 585.84, 'ask': 585.96}","{'bid': 585.76, 'ask': 585.89}","{'bid': 586.41, 'ask': 586.54}","{'bid': 585.65, 'ask': 585.77}",3843,585.84,586.41,585.65,585.76
2025-05-30 17:45:00,2025-05-30T18:45:00,2025-05-30T17:45:00,"{'bid': 585.75, 'ask': 585.87}","{'bid': 585.8, 'ask': 585.93}","{'bid': 586.62, 'ask': 586.75}","{'bid': 585.47, 'ask': 585.6}",4068,585.75,586.62,585.47,585.8
2025-05-30 18:00:00,2025-05-30T19:00:00,2025-05-30T18:00:00,"{'bid': 585.79, 'ask': 585.92}","{'bid': 587.39, 'ask': 587.51}","{'bid': 587.57, 'ask': 587.7}","{'bid': 585.76, 'ask': 585.88}",4379,585.79,587.57,585.76,587.39
2025-05-30 18:15:00,2025-05-30T19:15:00,2025-05-30T18:15:00,"{'bid': 587.39, 'ask': 587.52}","{'bid': 588.21, 'ask': 588.33}","{'bid': 588.66, 'ask': 588.79}","{'bid': 587.17, 'ask': 587.3}",5079,587.39,588.66,587.17,588.21
2025-05-30 18:30:00,2025-05-30T19:30:00,2025-05-30T18:30:00,"{'bid': 588.21, 'ask': 588.34}","{'bid': 587.84, 'ask': 587.96}","{'bid': 588.5, 'ask': 588.63}","{'bid': 587.69, 'ask': 587.82}",3814,588.21,588.5,587.69,587.84
2025-05-30 18:45:00,2025-05-30T19:45:00,2025-05-30T18:45:00,"{'bid': 587.85, 'ask': 587.98}","{'bid': 588.61, 'ask': 588.74}","{'bid': 588.8, 'ask': 588.92}","{'bid': 587.81, 'ask': 587.93}",3385,587.85,588.8,587.81,588.61
2025-05-30 19:00:00,2025-05-30T20:00:00,2025-05-30T19:00:00,"{'bid': 588.62, 'ask': 588.74}","{'bid': 589.49, 'ask': 589.62}","{'bid': 589.89, 'ask': 590.02}","{'bid': 588.52, 'ask': 588.64}",4299,588.62,589.89,588.52,589.49
2025-05-30 19:15:00,2025-05-30T20:15:00,2025-05-30T19:15:00,"{'bid': 589.5, 'ask': 589.62}","{'bid': 590.57, 'ask': 590.7}","{'bid': 590.88, 'ask': 591.01}","{'bid': 589.48, 'ask': 589.6}",3999,589.5,590.88,589.48,590.57
2025-05-30 19:30:00,2025-05-30T20:30:00,2025-05-30T19:30:00,"{'bid': 590.59, 'ask': 590.71}","{'bid': 589.84, 'ask': 589.97}","{'bid': 591.06, 'ask': 591.19}","{'bid': 589.36, 'ask': 589.48}",5602,590.59,591.06,589.36,589.84
2025-05-30 19:45:00,2025-05-30T20:45:00,2025-05-30T19:45:00,"{'bid': 589.83, 'ask': 589.95}","{'bid': 589.38, 'ask': 589.5}","{'bid': 591.05, 'ask': 591.18}","{'bid': 589.17, 'ask': 589.29}",8015,589.83,591.05,589.17,589.38
2025-05-30 20:00:00,2025-05-30T21:00:00,2025-05-30T20:00:00,"{'bid': 589.35, 'ask': 589.48}","{'bid': 589.56, 'ask': 589.7}","{'bid': 590.37, 'ask': 590.51}","{'bid': 588.46, 'ask': 588.61}",3616,589.35,590.37,588.46,589.56
2025-05-30 20:15:00,2025-05-30T21:15:00,2025-05-30T20:15:00,"{'bid': 589.57, 'ask': 589.7}","{'bid': 589.15, 'ask': 589.29}","{'bid': 589.74, 'ask': 590.05}","{'bid': 588.55, 'ask': 589.12}",724,589.57,589.74,588.55,589.15
2025-05-30 20:30:00,2025-05-30T21:30:00,2025-05-30T20:30:00,"{'bid': 589.12, 'ask': 589.29}","{'bid': 589.12, 'ask': 589.28}","{'bid': 589.28, 'ask': 589.45}","{'bid': 589.06, 'ask': 589.2}",387,589.12,589.28,589.06,589.12
2025-05-30 20:45:00,2025-05-30T21:45:00,2025-05-30T20:45:00,"{'bid': 589.12, 'ask': 589.26}","{'bid': 589.19, 'ask': 589.45}","{'bid': 589.25, 'ask': 589.45}","{'bid': 588.55, 'ask': 589.01}",536,589.12,589.25,588.55,589.19
2025-06-02 08:00:00,2025-06-02T09:00:00,2025-06-02T08:00:00,"{'bid': 585.96, 'ask': 586.55}","{'bid': 586.98, 'ask': 587.18}","{'bid': 587.03, 'ask': 587.56}","{'bid': 585.74, 'ask': 586.04}",1398,585.96,587.03,585.74,586.98
2025-06-02 08:15:00,2025-06-02T09:15:00,2025-06-02T08:15:00,"{'bid': 586.98, 'ask': 587.17}","{'bid': 587.16, 'ask': 587.35}","{'bid': 587.28, 'ask': 587.75}","{'bid': 586.3, 'ask': 586.56}",924,586.98,587.28,586.3,587.16
2025-06-02 08:30:00,2025-06-02T09:30:00,2025-06-02T08:30:00,"{'bid': 587.18, 'ask': 587.36}","{'bid': 586.73, 'ask': 586.93}","{'bid': 587.36, 'ask': 587.75}","{'bid': 586.53, 'ask': 586.76}",948,587.18,587.36,586.53,586.73
2025-06-02 08:45:00,2025-06-02T09:45:00,2025-06-02T08:45:00,"{'bid': 586.73, 'ask': 586.96}","{'bid': 586.68, 'ask': 586.86}","{'bid': 587.03, 'ask': 587.3}","{'bid': 586.3, 'ask': 586.57}",750,586.73,587.03,586.3,586.68
2025-06-02 09:00:00,2025-06-02T10:00:00,2025-06-02T09:00:00,"{'bid': 586.67, 'ask': 586.86}","{'bid': 586.09, 'ask': 586.27}","{'bid': 586.78, 'ask': 587.15}","{'bid': 585.88, 'ask': 586.05}",923,586.67,586.78,585.88,586.09
2025-06-02 09:15:00,2025-06-02T10:15:00,2025-06-02T09:15:00,"{'bid': 586.09, 'ask': 586.26}","{'bid': 586.23, 'ask': 586.43}","{'bid': 586.41, 'ask': 586.78}","{'bid': 585.59, 'ask': 586.05}",828,586.09,586.41,585.59,586.23
2025-06-02 09:30:00,2025-06-02T10:30:00,2025-06-02T09:30:00,"{'bid': 586.24, 'ask': 586.42}","{'bid': 585.78, 'ask': 586.0}","{'bid': 586.41, 'ask': 586.85}","{'bid': 585.78, 'ask': 586.0}",731,586.24,586.41,585.78,585.78
2025-06-02 09:45:00,2025-06-02T10:45:00,2025-06-02T09:45:00,"{'bid': 585.78, 'ask': 585.99}","{'bid': 586.17, 'ask': 586.34}","{'bid': 586.18, 'ask': 586.85}","{'bid': 585.25, 'ask': 585.77}",825,585.78,586.18,585.25,586.17
2025-06-02 10:00:00,2025-06-02T11:00:00,2025-06-02T10:00:00,"{'bid': 586.17, 'ask': 586.35}","{'bid': 586.7, 'ask': 586.89}","{'bid': 586.83, 'ask': 587.3}","{'bid': 586.0, 'ask': 586.22}",642,586.17,586.83,586.0,586.7
2025-06-02 10:15:00,2025-06-02T11:15:00,2025-06-02T10:15:00,"{'bid': 586.7, 'ask': 586.87}","{'bid': 586.45, 'ask': 586.64}","{'bid': 586.7, 'ask': 587.13}","{'bid': 586.09, 'ask': 586.29}",709,586.7,586.7,586.09,586.45
2025-06-02 10:30:00,2025-06-02T11:30:00,2025-06-02T10:30:00,"{'bid': 586.43, 'ask': 586.64}","{'bid': 586.63, 'ask': 586.81}","{'bid': 586.9, 'ask': 587.15}","{'bid': 586.0, 'ask': 586.42}",597,586.43,586.9,586.0,586.63
2025-06-02 10:45:00,2025-06-02T11:45:00,2025-06-02T10:45:00,"{'bid': 586.65, 'ask': 586.82}","{'bid': 586.89, 'ask': 587.07}","{'bid': 586.95, 'ask': 587.3}","{'bid': 586.46, 'ask': 586.76}",543,586.65,586.95,586.46,586.89
2025-06-02 11:00:00,2025-06-02T12:00:00,2025-06-02T11:00:00,"{'bid': 586.9, 'ask': 587.08}","{'bid': 587.45, 'ask': 587.62}","{'bid': 587.57, 'ask': 588.05}","{'bid': 586.64, 'ask': 586.81}",729,586.9,587.57,586.64,587.45
2025-06-02 11:15:00,2025-06-02T12:15:00,2025-06-02T11:15:00,"{'bid': 587.43, 'ask': 587.62}","{'bid': 587.44, 'ask': 587.6}","{'bid': 587.52, 'ask': 588.05}","{'bid': 587.23, 'ask': 587.42}",525,587.43,587.52,587.23,587.44
2025-06-02 11:30:00,2025-06-02T12:30:00,2025-06-02T11:30:00,"{'bid': 587.44, 'ask': 587.59}","{'bid': 587.36, 'ask': 587.54}","{'bid': 587.9, 'ask': 588.35}","{'bid': 587.31, 'ask': 587.48}",659,587.44,587.9,587.31,587.36
2025-06-02 11:45:00,2025-06-02T12:45:00,2025-06-02T11:45:00,"{'bid': 587.36, 'ask': 587.53}","{'bid': 587.13, 'ask': 587.29}","{'bid': 587.61, 'ask': 588.05}","{'bid': 586.99, 'ask': 587.28}",396,587.36,587.61,586.99,587.13
2025-06-02 12:00:00,2025-06-02T13:00:00,2025-06-02T12:00:00,"{'bid': 587.17, 'ask': 587.32}","{'bid': 587.68, 'ask': 587.85}","{'bid': 587.71, 'ask': 588.01}","{'bid': 587.0, 'ask': 587.22}",585,587.17,587.71,587.0,587.68
2025-06-02 12:15:00,2025-06-02T13:15:00,2025-06-02T12:15:00,"{'bid': 587.67, 'ask': 587.85}","{'bid': 587.18, 'ask': 587.32}","{'bid': 587.76, 'ask': 588.05}","{'bid': 586.87, 'ask': 587.04}",701,587.67,587.76,586.87,587.18
2025-06-02 12:30:00,2025-06-02T13:30:00,2025-06-02T12:30:00,"{'bid': 587.16, 'ask': 587.31}","{'bid': 587.96, 'ask': 588.11}","{'bid': 587.98, 'ask': 588.62}","{'bid': 587.0, 'ask': 587.18}",743,587.16,587.98,587.0,587.96
2025-06-02 12:45:00,2025-06-02T13:45:00,2025-06-02T12:45:00,"{'bid': 587.98, 'ask': 588.11}","{'bid': 587.81, 'ask': 587.96}","{'bid': 588.06, 'ask': 588.34}","{'bid': 587.39, 'ask': 587.52}",803,587.98,588.06,587.39,587.81
2025-06-02 13:00:00,2025-06-02T14:00:00,2025-06-02T13:00:00,"{'bid': 587.84, 'ask': 587.98}","{'bid': 587.42, 'ask': 587.57}","{'bid': 588.06, 'ask': 588.21}","{'bid': 587.2, 'ask': 587.32}",903,587.84,588.06,587.2,587.42
2025-06-02 13:15:00,2025-06-02T14:15:00,2025-06-02T13:15:00,"{'bid': 587.42, 'ask': 587.56}","{'bid': 587.7, 'ask': 587.84}","{'bid': 587.95, 'ask': 588.3}","{'bid': 587.23, 'ask': 587.39}",1177,587.42,587.95,587.23,587.7
2025-06-02 13:30:00,2025-06-02T14:30:00,2025-06-02T13:30:00,"{'bid': 587.72, 'ask': 587.86}","{'bid': 589.2, 'ask': 589.35}","{'bid': 589.68, 'ask': 589.8}","{'bid': 587.38, 'ask': 587.8}",5932,587.72,589.68,587.38,589.2
2025-06-02 13:45:00,2025-06-02T14:45:00,2025-06-02T13:45:00,"{'bid': 589.23, 'ask': 589.37}","{'bid': 586.56, 'ask': 586.88}","{'bid': 589.41, 'ask': 589.53}","{'bid': 586.56, 'ask': 586.75}",6155,589.23,589.41,586.56,586.56
2025-06-02 14:00:00,2025-06-02T15:00:00,2025-06-02T14:00:00,"{'bid': 586.51, 'ask': 586.88}","{'bid': 586.85, 'ask': 586.97}","{'bid': 587.16, 'ask': 587.28}","{'bid': 584.99, 'ask': 585.12}",8496,586.51,587.16,584.99,586.85
2025-06-02 14:15:00,2025-06-02T15:15:00,2025-06-02T14:15:00,"{'bid': 586.85, 'ask': 586.98}","{'bid': 588.53, 'ask': 588.65}","{'bid': 588.55, 'ask': 588.67}","{'bid': 586.66, 'ask': 586.79}",5953,586.85,588.55,586.66,588.53
2025-06-02 14:30:00,2025-06-02T15:30:00,2025-06-02T14:30:00,"{'bid': 588.52, 'ask': 588.65}","{'bid': 588.52, 'ask': 588.64}","{'bid': 589.5, 'ask': 589.62}","{'bid': 588.05, 'ask': 588.17}",5266,588.52,589.5,588.05,588.52
2025-06-02 14:45:00,2025-06-02T15:45:00,2025-06-02T14:45:00,"{'bid': 588.5, 'ask': 588.62}","{'bid': 589.28, 'ask': 589.41}","{'bid': 589.41, 'ask': 589.54}","{'bid': 588.41, 'ask': 588.54}",4277,588.5,589.41,588.41,589.28
2025-06-02 15:00:00,2025-06-02T16:00:00,2025-06-02T15:00:00,"{'bid': 589.27, 'ask': 589.39}","{'bid': 589.22, 'ask': 589.34}","{'bid': 589.57, 'ask': 589.7}","{'bid': 588.43, 'ask': 588.55}",4342,589.27,589.57,588.43,589.22
2025-06-02 15:15:00,2025-06-02T16:15:00,2025-06-02T15:15:00,"{'bid': 589.2, 'ask': 589.32}","{'bid': 588.48, 'ask': 588.6}","{'bid': 589.29, 'ask': 589.42}","{'bid': 588.26, 'ask': 588.39}",3431,589.2,589.29,588.26,588.48
2025-06-02 15:30:00,2025-06-02T16:30:00,2025-06-02T15:30:00,"{'bid': 588.49, 'ask': 588.61}","{'bid': 588.97, 'ask': 589.1}","{'bid': 589.04, 'ask': 589.17}","{'bid': 588.06, 'ask': 588.19}",3210,588.49,589.04,588.06,588.97
2025-06-02 15:45:00,2025-06-02T16:45:00,2025-06-02T15:45:00,"{'bid': 588.96, 'ask': 589.09}","{'bid': 589.76, 'ask': 589.88}","{'bid': 590.0, 'ask': 590.13}","{'bid': 588.83, 'ask': 588.96}",3226,588.96,590.0,588.83,589.76
2025-06-02 16:00:00,2025-06-02T17:00:00,2025-06-02T16:00:00,"{'bid': 589.74, 'ask': 589.86}","{'bid': 589.6, 'ask': 589.72}","{'bid': 589.9, 'ask': 590.02}","{'bid': 589.12, 'ask': 589.24}",3177,589.74,589.9,589.12,589.6
2025-06-02 16:15:00,2025-06-02T17:15:00,2025-06-02T16:15:00,"{'bid': 589.59, 'ask': 589.71}","{'bid': 589.33, 'ask': 589.45}","{'bid': 589.68, 'ask': 589.8}","{'bid': 588.92, 'ask': 589.04}",2797,589.59,589.68,588.92,589.33
2025-06-02 16:30:00,2025-06-02T17:30:00,2025-06-02T16:30:00,"{'bid': 589.32, 'ask': 589.44}","{'bid': 589.09, 'ask': 589.23}","{'bid': 589.69, 'ask': 589.81}","{'bid': 588.97, 'ask': 589.1}",2768,589.32,589.69,588.97,589.09
2025-06-02 16:45:00,2025-06-02T17:45:00,2025-06-02T16:45:00,"{'bid': 589.07, 'ask': 589.19}","{'bid': 589.93, 'ask': 590.05}","{'bid': 590.12, 'ask': 590.24}","{'bid': 589.05, 'ask': 589.17}",2190,589.07,590.12,589.05,589.93
2025-06-02 17:00:00,2025-06-02T18:00:00,2025-06-02T17:00:00,"{'bid': 589.93, 'ask': 590.07}","{'bid': 590.01, 'ask': 590.13}","{'bid': 590.55, 'ask': 590.67}","{'bid': 589.89, 'ask': 590.02}",2552,589.93,590.55,589.89,590.01
2025-06-02 17:15:00,2025-06-02T18:15:00,2025-06-02T17:15:00,"{'bid': 590.01, 'ask': 590.14}","{'bid': 589.79, 'ask': 589.92}","{'bid': 590.33, 'ask': 590.46}","{'bid': 589.64, 'ask': 589.77}",2651,590.01,590.33,589.64,589.79
2025-06-02 17:30:00,2025-06-02T18:30:00,2025-06-02T17:30:00,"{'bid': 589.78, 'ask': 589.9}","{'bid': 589.76, 'ask': 589.88}","{'bid': 590.16, 'ask': 590.29}","{'bid': 589.67, 'ask': 589.79}",2396,589.78,590.16,589.67,589.76
2025-06-02 17:45:00,2025-06-02T18:45:00,2025-06-02T17:45:00,"{'bid': 589.77, 'ask': 589.89}","{'bid': 589.92, 'ask': 590.05}","{'bid': 590.08, 'ask': 590.2}","{'bid': 589.44, 'ask': 589.57}",2133,589.77,590.08,589.44,589.92
2025-06-02 18:00:00,2025-06-02T19:00:00,2025-06-02T18:00:00,"{'bid': 589.92, 'ask': 590.04}","{'bid': 590.23, 'ask': 590.35}","{'bid': 590.38, 'ask': 590.51}","{'bid': 589.48, 'ask': 589.6}",2622,589.92,590.38,589.48,590.23
2025-06-02 18:15:00,2025-06-02T19:15:00,2025-06-02T18:15:00,"{'bid': 590.24, 'ask': 590.37}","{'bid': 591.44, 'ask': 591.57}","{'bid': 591.64, 'ask': 591.76}","{'bid': 590.22, 'ask': 590.35}",3142,590.24,591.64,590.22,591.44
2025-06-02 18:30:00,2025-06-02T19:30:00,2025-06-02T18:30:00,"{'bid': 591.45, 'ask': 591.58}","{'bid': 591.51, 'ask': 591.64}","{'bid': 591.69, 'ask': 591.81}","{'bid': 591.11, 'ask': 591.24}",2232,591.45,591.69,591.11,591.51
2025-06-02 18:45:00,2025-06-02T19:45:00,2025-06-02T18:45:00,"{'bid': 591.51, 'ask': 591.63}","{'bid': 591.8, 'ask': 591.93}","{'bid': 591.9, 'ask': 592.02}","{'bid': 591.25, 'ask': 591.37}",1797,591.51,591.9,591.25,591.8
2025-06-02 19:00:00,2025-06-02T20:00:00,2025-06-02T19:00:00,"{'bid': 591.79, 'ask': 591.92}","{'bid': 591.79, 'ask': 591.91}","{'bid': 592.13, 'ask': 592.26}","{'bid': 591.68, 'ask': 591.81}",2221,591.79,592.13,591.68,591.79
2025-06-02 19:15:00,2025-06-02T20:15:00,2025-06-02T19:15:00,"{'bid': 591.78, 'ask': 591.91}","{'bid': 592.33, 'ask': 592.46}","{'bid': 592.66, 'ask': 592.79}","{'bid': 591.7, 'ask': 591.83}",2284,591.78,592.66,591.7,592.33
2025-06-02 19:30:00,2025-06-02T20:30:00,2025-06-02T19:30:00,"{'bid': 592.34, 'ask': 592.46}","{'bid': 591.89, 'ask': 592.02}","{'bid': 592.35, 'ask': 592.47}","{'bid': 591.71, 'ask': 591.84}",2522,592.34,592.35,591.71,591.89
2025-06-02 19:45:00,2025-06-02T20:45:00,2025-06-02T19:45:00,"{'bid': 591.88, 'ask': 592.0}","{'bid': 592.61, 'ask': 592.74}","{'bid': 592.72, 'ask': 592.85}","{'bid': 591.59, 'ask': 591.72}",3417,591.88,592.72,591.59,592.61
2025-06-02 20:00:00,2025-06-02T21:00:00,2025-06-02T20:00:00,"{'bid': 592.6, 'ask': 592.72}","{'bid': 593.03, 'ask': 593.15}","{'bid': 593.13, 'ask': 593.45}","{'bid': 592.51, 'ask': 592.63}",1859,592.6,593.13,592.51,593.03
2025-06-02 20:15:00,2025-06-02T21:15:00,2025-06-02T20:15:00,"{'bid': 593.04, 'ask': 593.17}","{'bid': 593.1, 'ask': 593.24}","{'bid': 593.41, 'ask': 593.53}","{'bid': 593.02, 'ask': 593.16}",517,593.04,593.41,593.02,593.1
2025-06-02 20:30:00,2025-06-02T21:30:00,2025-06-02T20:30:00,"{'bid': 593.12, 'ask': 593.26}","{'bid': 592.92, 'ask': 593.05}","{'bid': 593.12, 'ask': 593.26}","{'bid': 592.75, 'ask': 592.89}",227,593.12,593.12,592.75,592.92
2025-06-02 20:45:00,2025-06-02T21:45:00,2025-06-02T20:45:00,"{'bid': 592.91, 'ask': 593.03}","{'bid': 592.74, 'ask': 592.98}","{'bid': 592.93, 'ask': 593.12}","{'bid': 592.68, 'ask': 592.84}",240,592.91,592.93,592.68,592.74
2025-06-02 21:00:00,2025-06-02T22:00:00,2025-06-02T21:00:00,"{'bid': 592.76, 'ask': 592.99}","{'bid': 592.84, 'ask': 593.0}","{'bid': 592.86, 'ask': 593.0}","{'bid': 592.74, 'ask': 592.98}",24,592.76,592.86,592.74,592.84
2025-06-02 21:15:00,2025-06-02T22:15:00,2025-06-02T21:15:00,"{'bid': 592.74, 'ask': 593.0}","{'bid': 592.74, 'ask': 593.04}","{'bid': 592.91, 'ask': 593.1}","{'bid': 592.74, 'ask': 593.0}",11,592.74,592.91,592.74,592.74
2025-06-02 21:30:00,2025-06-02T22:30:00,2025-06-02T21:30:00,"{'bid': 592.91, 'ask': 593.04}","{'bid': 592.91, 'ask': 593.09}","{'bid': 592.96, 'ask': 593.35}","{'bid': 592.74, 'ask': 593.03}",32,592.91,592.96,592.74,592.91
2025-06-02 21:45:00,2025-06-02T22:45:00,2025-06-02T21:45:00,"{'bid': 592.91, 'ask': 593.1}","{'bid': 592.91, 'ask': 593.3}","{'bid': 592.99, 'ask': 593.3}","{'bid': 592.91, 'ask': 593.09}",27,592.91,592.99,592.91,592.91
2025-06-02 22:00:00,2025-06-02T23:00:00,2025-06-02T22:00:00,"{'bid': 592.85, 'ask': 593.12}","{'bid': 592.35, 'ask': 592.51}","{'bid': 592.85, 'ask': 593.15}","{'bid': 592.23, 'ask': 592.46}",238,592.85,592.85,592.23,592.35
2025-06-02 22:15:00,2025-06-02T23:15:00,2025-06-02T22:15:00,"{'bid': 592.36, 'ask': 592.51}","{'bid': 592.13, 'ask': 592.31}","{'bid': 592.51, 'ask': 592.69}","{'bid': 591.88, 'ask': 592.23}",249,592.36,592.51,591.88,592.13
2025-06-02 22:30:00,2025-06-02T23:30:00,2025-06-02T22:30:00,"{'bid': 592.13, 'ask': 592.32}","{'bid': 592.2, 'ask': 592.35}","{'bid': 592.27, 'ask': 592.55}","{'bid': 592.1, 'ask': 592.29}",194,592.13,592.27,592.1,592.2
2025-06-02 22:45:00,2025-06-02T23:45:00,2025-06-02T22:45:00,"{'bid': 592.18, 'ask': 592.35}","{'bid': 592.08, 'ask': 592.26}","{'bid': 592.24, 'ask': 592.47}","{'bid': 592.08, 'ask': 592.24}",127,592.18,592.24,592.08,592.08
2025-06-02 23:00:00,2025-06-03T00:00:00,2025-06-02T23:00:00,"{'bid': 592.09, 'ask': 592.26}","{'bid': 592.14, 'ask': 592.32}","{'bid': 592.35, 'ask': 592.55}","{'bid': 591.98, 'ask': 592.16}",325,592.09,592.35,591.98,592.14
2025-06-02 23:15:00,2025-06-03T00:15:00,2025-06-02T23:15:00,"{'bid': 592.14, 'ask': 592.31}","{'bid': 592.59, 'ask': 592.77}","{'bid': 592.59, 'ask': 592.88}","{'bid': 590.88, 'ask': 591.13}",703,592.14,592.59,590.88,592.59
2025-06-02 23:30:00,2025-06-03T00:30:00,2025-06-02T23:30:00,"{'bid': 592.59, 'ask': 592.78}","{'bid': 591.91, 'ask': 592.09}","{'bid': 592.62, 'ask': 592.83}","{'bid': 591.55, 'ask': 591.8}",497,592.59,592.62,591.55,591.91
2025-06-02 23:45:00,2025-06-03T00:45:00,2025-06-02T23:45:00,"{'bid': 591.91, 'ask': 592.1}","{'bid': 591.42, 'ask': 591.59}","{'bid': 591.99, 'ask': 592.25}","{'bid': 591.3, 'ask': 591.49}",419,591.91,591.99,591.3,591.42
2025-06-03 08:00:00,2025-06-03T09:00:00,2025-06-03T08:00:00,"{'bid': 589.78, 'ask': 590.45}","{'bid': 589.39, 'ask': 589.57}","{'bid': 589.94, 'ask': 590.45}","{'bid': 589.18, 'ask': 589.37}",535,589.78,589.94,589.18,589.39
2025-06-03 08:15:00,2025-06-03T09:15:00,2025-06-03T08:15:00,"{'bid': 589.4, 'ask': 589.58}","{'bid': 589.3, 'ask': 589.49}","{'bid': 589.51, 'ask': 590.15}","{'bid': 588.56, 'ask': 589.14}",587,589.4,589.51,588.56,589.3
2025-06-03 08:30:00,2025-06-03T09:30:00,2025-06-03T08:30:00,"{'bid': 589.32, 'ask': 589.5}","{'bid': 589.89, 'ask': 590.05}","{'bid': 589.92, 'ask': 590.45}","{'bid': 589.3, 'ask': 589.49}",422,589.32,589.92,589.3,589.89
2025-06-03 08:45:00,2025-06-03T09:45:00,2025-06-03T08:45:00,"{'bid': 589.89, 'ask': 590.08}","{'bid': 589.96, 'ask': 590.12}","{'bid': 590.0, 'ask': 590.45}","{'bid': 589.64, 'ask': 589.8}",357,589.89,590.0,589.64,589.96
2025-06-03 09:00:00,2025-06-03T10:00:00,2025-06-03T09:00:00,"{'bid': 589.96, 'ask': 590.11}","{'bid': 590.14, 'ask': 590.29}","{'bid': 590.19, 'ask': 590.75}","{'bid': 589.8, 'ask': 589.96}",365,589.96,590.19,589.8,590.14
2025-06-03 09:15:00,2025-06-03T10:15:00,2025-06-03T09:15:00,"{'bid': 590.15, 'ask': 590.33}","{'bid': 589.95, 'ask': 590.14}","{'bid': 590.2, 'ask': 590.45}","{'bid': 589.74, 'ask': 589.9}",321,590.15,590.2,589.74,589.95
2025-06-03 09:30:00,2025-06-03T10:30:00,2025-06-03T09:30:00,"{'bid': 589.94, 'ask': 590.14}","{'bid': 590.39, 'ask': 590.56}","{'bid': 590.46, 'ask': 591.05}","{'bid': 589.82, 'ask': 590.01}",348,589.94,590.46,589.82,590.39
2025-06-03 09:45:00,2025-06-03T10:45:00,2025-06-03T09:45:00,"{'bid': 590.37, 'ask': 590.54}","{'bid': 590.19, 'ask': 590.37}","{'bid': 590.43, 'ask': 590.64}","{'bid': 589.91, 'ask': 590.08}",455,590.37,590.43,589.91,590.19
2025-06-03 10:00:00,2025-06-03T11:00:00,2025-06-03T10:00:00,"{'bid': 590.2, 'ask': 590.37}","{'bid': 590.01, 'ask': 590.21}","{'bid': 590.42, 'ask': 590.75}","{'bid': 589.87, 'ask': 590.07}",498,590.2,590.42,589.87,590.01
2025-06-03 10:15:00,2025-06-03T11:15:00,2025-06-03T10:15:00,"{'bid': 590.04, 'ask': 590.21}","{'bid': 590.38, 'ask': 590.56}","{'bid': 590.38, 'ask': 590.75}","{'bid': 589.95, 'ask': 590.15}",385,590.04,590.38,589.95,590.38
2025-06-03 10:30:00,2025-06-03T11:30:00,2025-06-03T10:30:00,"{'bid': 590.38, 'ask': 590.55}","{'bid': 590.57, 'ask': 590.74}","{'bid': 590.63, 'ask': 591.05}","{'bid': 590.1, 'ask': 590.39}",385,590.38,590.63,590.1,590.57
2025-06-03 10:45:00,2025-06-03T11:45:00,2025-06-03T10:45:00,"{'bid': 590.58, 'ask': 590.74}","{'bid': 590.98, 'ask': 591.15}","{'bid': 591.03, 'ask': 591.65}","{'bid': 590.29, 'ask': 590.45}",481,590.58,591.03,590.29,590.98
2025-06-03 11:00:00,2025-06-03T12:00:00,2025-06-03T11:00:00,"{'bid': 591.0, 'ask': 591.2}","{'bid': 591.23, 'ask': 591.38}","{'bid': 591.3, 'ask': 591.65}","{'bid': 590.74, 'ask': 590.99}",627,591.0,591.3,590.74,591.23
2025-06-03 11:15:00,2025-06-03T12:15:00,2025-06-03T11:15:00,"{'bid': 591.19, 'ask': 591.36}","{'bid': 591.43, 'ask': 591.61}","{'bid': 591.43, 'ask': 591.95}","{'bid': 591.09, 'ask': 591.25}",336,591.19,591.43,591.09,591.43
2025-06-03 11:30:00,2025-06-03T12:30:00,2025-06-03T11:30:00,"{'bid': 591.43, 'ask': 591.6}","{'bid': 591.73, 'ask': 591.91}","{'bid': 592.0, 'ask': 592.55}","{'bid': 591.3, 'ask': 591.47}",474,591.43,592.0,591.3,591.73
2025-06-03 11:45:00,2025-06-03T12:45:00,2025-06-03T11:45:00,"{'bid': 591.74, 'ask': 591.91}","{'bid': 591.78, 'ask': 591.94}","{'bid': 591.85, 'ask': 592.05}","{'bid': 591.4, 'ask': 591.58}",435,591.74,591.85,591.4,591.78
2025-06-03 12:00:00,2025-06-03T13:00:00,2025-06-03T12:00:00,"{'bid': 591.78, 'ask': 591.95}","{'bid': 591.87, 'ask': 592.03}","{'bid': 592.08, 'ask': 592.55}","{'bid': 591.52, 'ask': 591.68}",651,591.78,592.08,591.52,591.87
2025-06-03 12:15:00,2025-06-03T13:15:00,2025-06-03T12:15:00,"{'bid': 591.85, 'ask': 591.99}","{'bid': 592.26, 'ask': 592.41}","{'bid': 592.31, 'ask': 592.46}","{'bid': 591.65, 'ask': 591.81}",759,591.85,592.31,591.65,592.26
2025-06-03 12:30:00,2025-06-03T13:30:00,2025-06-03T12:30:00,"{'bid': 592.28, 'ask': 592.43}","{'bid': 591.57, 'ask': 591.72}","{'bid': 592.28, 'ask': 592.43}","{'bid': 591.55, 'ask': 591.67}",657,592.28,592.28,591.55,591.57
2025-06-03 12:45:00,2025-06-03T13:45:00,2025-06-03T12:45:00,"{'bid': 591.57, 'ask': 591.73}","{'bid': 591.97, 'ask': 592.12}","{'bid': 591.99, 'ask': 592.14}","{'bid': 591.47, 'ask': 591.61}",841,591.57,591.99,591.47,591.97
2025-06-03 13:00:00,2025-06-03T14:00:00,2025-06-03T13:00:00,"{'bid': 591.99, 'ask': 592.13}","{'bid': 592.01, 'ask': 592.16}","{'bid': 592.24, 'ask': 592.36}","{'bid': 591.65, 'ask': 591.89}",614,591.99,592.24,591.65,592.01
2025-06-03 13:15:00,2025-06-03T14:15:00,2025-06-03T13:15:00,"{'bid': 592.04, 'ask': 592.16}","{'bid': 592.26, 'ask': 592.4}","{'bid': 592.39, 'ask': 592.74}","{'bid': 591.94, 'ask': 592.07}",892,592.04,592.39,591.94,592.26
2025-06-03 13:30:00,2025-06-03T14:30:00,2025-06-03T13:30:00,"{'bid': 592.31, 'ask': 592.44}","{'bid': 592.98, 'ask': 593.11}","{'bid': 593.21, 'ask': 593.33}","{'bid': 591.98, 'ask': 592.11}",5720,592.31,593.21,591.98,592.98
2025-06-03 13:45:00,2025-06-03T14:45:00,2025-06-03T13:45:00,"{'bid': 592.99, 'ask': 593.11}","{'bid': 592.33, 'ask': 592.52}","{'bid': 593.18, 'ask': 593.3}","{'bid': 592.33, 'ask': 592.47}",3899,592.99,593.18,592.33,592.33
2025-06-03 14:00:00,2025-06-03T15:00:00,2025-06-03T14:00:00,"{'bid': 592.33, 'ask': 592.46}","{'bid': 592.89, 'ask': 593.02}","{'bid': 593.25, 'ask': 593.37}","{'bid': 591.8, 'ask': 591.92}",4409,592.33,593.25,591.8,592.89
2025-06-03 14:15:00,2025-06-03T15:15:00,2025-06-03T14:15:00,"{'bid': 592.9, 'ask': 593.02}","{'bid': 593.83, 'ask': 593.96}","{'bid': 593.84, 'ask': 593.96}","{'bid': 592.82, 'ask': 592.94}",3596,592.9,593.84,592.82,593.83
2025-06-03 14:30:00,2025-06-03T15:30:00,2025-06-03T14:30:00,"{'bid': 593.82, 'ask': 593.94}","{'bid': 593.62, 'ask': 593.74}","{'bid': 593.82, 'ask': 593.94}","{'bid': 593.11, 'ask': 593.23}",3452,593.82,593.82,593.11,593.62
2025-06-03 14:45:00,2025-06-03T15:45:00,2025-06-03T14:45:00,"{'bid': 593.63, 'ask': 593.75}","{'bid': 594.31, 'ask': 594.43}","{'bid': 594.35, 'ask': 594.48}","{'bid': 593.6, 'ask': 593.72}",2579,593.63,594.35,593.6,594.31
2025-06-03 15:00:00,2025-06-03T16:00:00,2025-06-03T15:00:00,"{'bid': 594.32, 'ask': 594.45}","{'bid': 594.59, 'ask': 594.72}","{'bid': 594.78, 'ask': 594.9}","{'bid': 594.3, 'ask': 594.43}",2603,594.32,594.78,594.3,594.59
2025-06-03 15:15:00,2025-06-03T16:15:00,2025-06-03T15:15:00,"{'bid': 594.58, 'ask': 594.7}","{'bid': 594.91, 'ask': 595.03}","{'bid': 595.09, 'ask': 595.22}","{'bid': 594.41, 'ask': 594.54}",2229,594.58,595.09,594.41,594.91
2025-06-03 15:30:00,2025-06-03T16:30:00,2025-06-03T15:30:00,"{'bid': 594.91, 'ask': 595.04}","{'bid': 595.24, 'ask': 595.37}","{'bid': 595.39, 'ask': 595.52}","{'bid': 594.77, 'ask': 594.9}",2114,594.91,595.39,594.77,595.24
2025-06-03 15:45:00,2025-06-03T16:45:00,2025-06-03T15:45:00,"{'bid': 595.25, 'ask': 595.38}","{'bid': 595.58, 'ask': 595.71}","{'bid': 595.63, 'ask': 595.76}","{'bid': 594.98, 'ask': 595.11}",2266,595.25,595.63,594.98,595.58
2025-06-03 16:00:00,2025-06-03T17:00:00,2025-06-03T16:00:00,"{'bid': 595.59, 'ask': 595.71}","{'bid': 595.63, 'ask': 595.76}","{'bid': 595.64, 'ask': 595.77}","{'bid': 595.18, 'ask': 595.3}",1838,595.59,595.64,595.18,595.63
2025-06-03 16:15:00,2025-06-03T17:15:00,2025-06-03T16:15:00,"{'bid': 595.64, 'ask': 595.76}","{'bid': 596.01, 'ask': 596.14}","{'bid': 596.19, 'ask': 596.31}","{'bid': 595.62, 'ask': 595.75}",1836,595.64,596.19,595.62,596.01
2025-06-03 16:30:00,2025-06-03T17:30:00,2025-06-03T16:30:00,"{'bid': 596.02, 'ask': 596.15}","{'bid': 596.38, 'ask': 596.5}","{'bid': 596.61, 'ask': 596.73}","{'bid': 595.96, 'ask': 596.09}",1857,596.02,596.61,595.96,596.38
2025-06-03 16:45:00,2025-06-03T17:45:00,2025-06-03T16:45:00,"{'bid': 596.37, 'ask': 596.5}","{'bid': 596.43, 'ask': 596.56}","{'bid': 596.56, 'ask': 596.69}","{'bid': 596.22, 'ask': 596.34}",1526,596.37,596.56,596.22,596.43
2025-06-03 17:00:00,2025-06-03T18:00:00,2025-06-03T17:00:00,"{'bid': 596.45, 'ask': 596.57}","{'bid': 596.73, 'ask': 596.86}","{'bid': 596.75, 'ask': 596.88}","{'bid': 596.19, 'ask': 596.32}",1721,596.45,596.75,596.19,596.73
2025-06-03 17:15:00,2025-06-03T18:15:00,2025-06-03T17:15:00,"{'bid': 596.72, 'ask': 596.85}","{'bid': 596.69, 'ask': 596.82}","{'bid': 597.02, 'ask': 597.14}","{'bid': 596.64, 'ask': 596.76}",1586,596.72,597.02,596.64,596.69
2025-06-03 17:30:00,2025-06-03T18:30:00,2025-06-03T17:30:00,"{'bid': 596.7, 'ask': 596.82}","{'bid': 596.62, 'ask': 596.75}","{'bid': 596.9, 'ask': 597.03}","{'bid': 596.45, 'ask': 596.57}",2004,596.7,596.9,596.45,596.62
2025-06-03 17:45:00,2025-06-03T18:45:00,2025-06-03T17:45:00,"{'bid': 596.63, 'ask': 596.76}","{'bid': 596.05, 'ask': 596.17}","{'bid': 596.71, 'ask': 596.83}","{'bid': 595.99, 'ask': 596.12}",2172,596.63,596.71,595.99,596.05
2025-06-03 18:00:00,2025-06-03T19:00:00,2025-06-03T18:00:00,"{'bid': 596.04, 'ask': 596.17}","{'bid': 595.13, 'ask': 595.26}","{'bid': 596.12, 'ask': 596.25}","{'bid': 594.74, 'ask': 594.86}",4143,596.04,596.12,594.74,595.13
2025-06-03 18:15:00,2025-06-03T19:15:00,2025-06-03T18:15:00,"{'bid': 595.12, 'ask': 595.25}","{'bid': 596.09, 'ask': 596.21}","{'bid': 596.13, 'ask': 596.26}","{'bid': 594.88, 'ask': 595.01}",2802,595.12,596.13,594.88,596.09
2025-06-03 18:30:00,2025-06-03T19:30:00,2025-06-03T18:30:00,"{'bid': 596.08, 'ask': 596.21}","{'bid': 596.3, 'ask': 596.42}","{'bid': 596.32, 'ask': 596.45}","{'bid': 595.84, 'ask': 595.97}",2254,596.08,596.32,595.84,596.3
2025-06-03 18:45:00,2025-06-03T19:45:00,2025-06-03T18:45:00,"{'bid': 596.3, 'ask': 596.43}","{'bid': 596.27, 'ask': 596.4}","{'bid': 596.4, 'ask': 596.53}","{'bid': 595.93, 'ask': 596.06}",1994,596.3,596.4,595.93,596.27
2025-06-03 19:00:00,2025-06-03T20:00:00,2025-06-03T19:00:00,"{'bid': 596.28, 'ask': 596.4}","{'bid': 595.98, 'ask': 596.11}","{'bid': 596.44, 'ask': 596.57}","{'bid': 595.72, 'ask': 595.84}",2404,596.28,596.44,595.72,595.98
2025-06-03 19:15:00,2025-06-03T20:15:00,2025-06-03T19:15:00,"{'bid': 595.98, 'ask': 596.1}","{'bid': 596.19, 'ask': 596.32}","{'bid': 596.2, 'ask': 596.33}","{'bid': 595.73, 'ask': 595.86}",2257,595.98,596.2,595.73,596.19
2025-06-03 19:30:00,2025-06-03T20:30:00,2025-06-03T19:30:00,"{'bid': 596.18, 'ask': 596.3}","{'bid': 595.87, 'ask': 596.0}","{'bid': 596.39, 'ask': 596.52}","{'bid': 595.73, 'ask': 595.86}",2403,596.18,596.39,595.73,595.87
2025-06-03 19:45:00,2025-06-03T20:45:00,2025-06-03T19:45:00,"{'bid': 595.86, 'ask': 595.99}","{'bid': 596.16, 'ask': 596.29}","{'bid': 596.43, 'ask': 596.56}","{'bid': 595.18, 'ask': 595.31}",3682,595.86,596.43,595.18,596.16
2025-06-03 20:00:00,2025-06-03T21:00:00,2025-06-03T20:00:00,"{'bid': 596.15, 'ask': 596.28}","{'bid': 595.69, 'ask': 595.82}","{'bid': 596.18, 'ask': 596.45}","{'bid': 595.45, 'ask': 595.65}",1525,596.15,596.18,595.45,595.69
2025-06-03 20:15:00,2025-06-03T21:15:00,2025-06-03T20:15:00,"{'bid': 595.7, 'ask': 595.83}","{'bid': 595.58, 'ask': 595.71}","{'bid': 595.73, 'ask': 595.91}","{'bid': 595.45, 'ask': 595.58}",320,595.7,595.73,595.45,595.58
2025-06-03 20:30:00,2025-06-03T21:30:00,2025-06-03T20:30:00,"{'bid': 595.58, 'ask': 595.72}","{'bid': 596.08, 'ask': 596.21}","{'bid': 596.17, 'ask': 596.31}","{'bid': 595.51, 'ask': 595.65}",263,595.58,596.17,595.51,596.08
2025-06-03 20:45:00,2025-06-03T21:45:00,2025-06-03T20:45:00,"{'bid': 596.08, 'ask': 596.2}","{'bid': 595.9, 'ask': 596.06}","{'bid': 596.09, 'ask': 596.23}","{'bid': 595.75, 'ask': 595.89}",273,596.08,596.09,595.75,595.9
2025-06-03 21:00:00,2025-06-03T22:00:00,2025-06-03T21:00:00,"{'bid': 595.75, 'ask': 596.06}","{'bid': 595.88, 'ask': 596.06}","{'bid': 595.9, 'ask': 596.16}","{'bid': 595.75, 'ask': 595.95}",39,595.75,595.9,595.75,595.88
2025-06-03 21:15:00,2025-06-03T22:15:00,2025-06-03T21:15:00,"{'bid': 595.88, 'ask': 596.08}","{'bid': 595.78, 'ask': 596.03}","{'bid': 596.0, 'ask': 596.12}","{'bid': 595.75, 'ask': 596.03}",18,595.88,596.0,595.75,595.78
2025-06-03 21:30:00,2025-06-03T22:30:00,2025-06-03T21:30:00,"{'bid': 595.77, 'ask': 596.03}","{'bid': 595.84, 'ask': 596.14}","{'bid': 595.92, 'ask': 596.16}","{'bid': 595.75, 'ask': 595.98}",37,595.77,595.92,595.75,595.84
2025-06-03 21:45:00,2025-06-03T22:45:00,2025-06-03T21:45:00,"{'bid': 595.84, 'ask': 596.08}","{'bid': 595.48, 'ask': 596.13}","{'bid': 595.93, 'ask': 596.31}","{'bid': 595.48, 'ask': 596.05}",25,595.84,595.93,595.48,595.48
2025-06-03 22:00:00,2025-06-03T23:00:00,2025-06-03T22:00:00,"{'bid': 595.81, 'ask': 596.13}","{'bid': 596.13, 'ask': 596.3}","{'bid': 596.21, 'ask': 596.53}","{'bid': 595.75, 'ask': 596.03}",302,595.81,596.21,595.75,596.13
2025-06-03 22:15:00,2025-06-03T23:15:00,2025-06-03T22:15:00,"{'bid': 596.13, 'ask': 596.34}","{'bid': 596.36, 'ask': 596.53}","{'bid': 596.38, 'ask': 596.53}","{'bid': 596.05, 'ask': 596.21}",185,596.13,596.38,596.05,596.36
2025-06-03 22:30:00,2025-06-03T23:30:00,2025-06-03T22:30:00,"{'bid': 596.37, 'ask': 596.53}","{'bid': 596.43, 'ask': 596.6}","{'bid': 596.56, 'ask': 596.9}","{'bid': 596.35, 'ask': 596.53}",141,596.37,596.56,596.35,596.43
2025-06-03 22:45:00,2025-06-03T23:45:00,2025-06-03T22:45:00,"{'bid': 596.43, 'ask': 596.63}","{'bid': 596.32, 'ask': 596.45}","{'bid': 596.49, 'ask': 596.78}","{'bid': 596.27, 'ask': 596.45}",151,596.43,596.49,596.27,596.32
2025-06-03 23:00:00,2025-06-04T00:00:00,2025-06-03T23:00:00,"{'bid': 596.32, 'ask': 596.48}","{'bid': 596.35, 'ask': 596.53}","{'bid': 596.48, 'ask': 596.76}","{'bid': 595.93, 'ask': 596.14}",327,596.32,596.48,595.93,596.35
2025-06-03 23:15:00,2025-06-04T00:15:00,2025-06-03T23:15:00,"{'bid': 596.33, 'ask': 596.53}","{'bid': 596.45, 'ask': 596.61}","{'bid': 596.49, 'ask': 596.75}","{'bid': 596.2, 'ask': 596.4}",168,596.33,596.49,596.2,596.45
2025-06-03 23:30:00,2025-06-04T00:30:00,2025-06-03T23:30:00,"{'bid': 596.45, 'ask': 596.6}","{'bid': 596.21, 'ask': 596.4}","{'bid': 596.51, 'ask': 597.05}","{'bid': 596.15, 'ask': 596.28}",284,596.45,596.51,596.15,596.21
2025-06-03 23:45:00,2025-06-04T00:45:00,2025-06-03T23:45:00,"{'bid': 596.2, 'ask': 596.4}","{'bid': 596.21, 'ask': 596.43}","{'bid': 596.37, 'ask': 596.75}","{'bid': 595.95, 'ask': 596.16}",350,596.2,596.37,595.95,596.21
2025-06-04 08:00:00,2025-06-04T09:00:00,2025-06-04T08:00:00,"{'bid': 596.35, 'ask': 597.35}","{'bid': 597.49, 'ask': 597.65}","{'bid': 597.49, 'ask': 597.95}","{'bid': 596.35, 'ask': 596.96}",606,596.35,597.49,596.35,597.49
2025-06-04 08:15:00,2025-06-04T09:15:00,2025-06-04T08:15:00,"{'bid': 597.48, 'ask': 597.65}","{'bid': 597.11, 'ask': 597.27}","{'bid': 597.53, 'ask': 597.95}","{'bid': 597.08, 'ask': 597.23}",522,597.48,597.53,597.08,597.11
2025-06-04 08:30:00,2025-06-04T09:30:00,2025-06-04T08:30:00,"{'bid': 597.1, 'ask': 597.26}","{'bid': 597.2, 'ask': 597.35}","{'bid': 597.35, 'ask': 597.95}","{'bid': 597.03, 'ask': 597.19}",447,597.1,597.35,597.03,597.2
2025-06-04 08:45:00,2025-06-04T09:45:00,2025-06-04T08:45:00,"{'bid': 597.2, 'ask': 597.36}","{'bid': 596.79, 'ask': 596.96}","{'bid': 597.21, 'ask': 597.64}","{'bid': 596.77, 'ask': 596.93}",323,597.2,597.21,596.77,596.79
2025-06-04 09:00:00,2025-06-04T10:00:00,2025-06-04T09:00:00,"{'bid': 596.8, 'ask': 596.97}","{'bid': 597.04, 'ask': 597.21}","{'bid': 597.22, 'ask': 597.65}","{'bid': 596.73, 'ask': 596.9}",495,596.8,597.22,596.73,597.04
2025-06-04 09:15:00,2025-06-04T10:15:00,2025-06-04T09:15:00,"{'bid': 597.03, 'ask': 597.21}","{'bid': 597.21, 'ask': 597.36}","{'bid': 597.28, 'ask': 597.94}","{'bid': 596.95, 'ask': 597.12}",355,597.03,597.28,596.95,597.21
2025-06-04 09:30:00,2025-06-04T10:30:00,2025-06-04T09:30:00,"{'bid': 597.22, 'ask': 597.36}","{'bid': 597.36, 'ask': 597.52}","{'bid': 597.39, 'ask': 597.95}","{'bid': 597.05, 'ask': 597.23}",288,597.22,597.39,597.05,597.36
2025-06-04 09:45:00,2025-06-04T10:45:00,2025-06-04T09:45:00,"{'bid': 597.37, 'ask': 597.52}","{'bid': 597.18, 'ask': 597.33}","{'bid': 597.38, 'ask': 597.65}","{'bid': 597.06, 'ask': 597.25}",278,597.37,597.38,597.06,597.18
2025-06-04 10:00:00,2025-06-04T11:00:00,2025-06-04T10:00:00,"{'bid': 597.17, 'ask': 597.32}","{'bid': 597.39, 'ask': 597.54}","{'bid': 597.6, 'ask': 598.05}","{'bid': 597.06, 'ask': 597.23}",534,597.17,597.6,597.06,597.39
2025-06-04 10:15:00,2025-06-04T11:15:00,2025-06-04T10:15:00,"{'bid': 597.37, 'ask': 597.52}","{'bid': 597.04, 'ask': 597.2}","{'bid': 597.43, 'ask': 597.65}","{'bid': 596.8, 'ask': 596.98}",521,597.37,597.43,596.8,597.04
2025-06-04 10:30:00,2025-06-04T11:30:00,2025-06-04T10:30:00,"{'bid': 597.07, 'ask': 597.25}","{'bid': 597.01, 'ask': 597.18}","{'bid': 597.09, 'ask': 597.25}","{'bid': 596.8, 'ask': 596.99}",321,597.07,597.09,596.8,597.01
2025-06-04 10:45:00,2025-06-04T11:45:00,2025-06-04T10:45:00,"{'bid': 597.02, 'ask': 597.18}","{'bid': 597.38, 'ask': 597.53}","{'bid': 597.39, 'ask': 597.65}","{'bid': 597.0, 'ask': 597.16}",304,597.02,597.39,597.0,597.38
2025-06-04 11:00:00,2025-06-04T12:00:00,2025-06-04T11:00:00,"{'bid': 597.33, 'ask': 597.48}","{'bid': 597.18, 'ask': 597.33}","{'bid': 597.39, 'ask': 597.95}","{'bid': 596.95, 'ask': 597.26}",516,597.33,597.39,596.95,597.18
2025-06-04 11:15:00,2025-06-04T12:15:00,2025-06-04T11:15:00,"{'bid': 597.17, 'ask': 597.32}","{'bid': 596.91, 'ask': 597.05}","{'bid': 597.22, 'ask': 597.65}","{'bid': 596.86, 'ask': 597.03}",297,597.17,597.22,596.86,596.91
2025-06-04 11:30:00,2025-06-04T12:30:00,2025-06-04T11:30:00,"{'bid': 596.92, 'ask': 597.07}","{'bid': 597.24, 'ask': 597.4}","{'bid': 597.24, 'ask': 597.4}","{'bid': 596.85, 'ask': 597.01}",286,596.92,597.24,596.85,597.24
2025-06-04 11:45:00,2025-06-04T12:45:00,2025-06-04T11:45:00,"{'bid': 597.23, 'ask': 597.42}","{'bid': 597.24, 'ask': 597.39}","{'bid': 597.44, 'ask': 597.95}","{'bid': 597.19, 'ask': 597.35}",247,597.23,597.44,597.19,597.24
2025-06-04 12:00:00,2025-06-04T13:00:00,2025-06-04T12:00:00,"{'bid': 597.25, 'ask': 597.41}","{'bid': 596.55, 'ask': 599.26}","{'bid': 597.59, 'ask': 599.26}","{'bid': 596.55, 'ask': 597.39}",460,597.25,597.59,596.55,596.55
2025-06-04 12:15:00,2025-06-04T13:15:00,2025-06-04T12:15:00,"{'bid': 596.55, 'ask': 597.51}","{'bid': 595.81, 'ask': 595.96}","{'bid': 597.21, 'ask': 597.51}","{'bid': 595.34, 'ask': 595.54}",2412,596.55,597.21,595.34,595.81
2025-06-04 12:30:00,2025-06-04T13:30:00,2025-06-04T12:30:00,"{'bid': 595.78, 'ask': 595.93}","{'bid': 595.68, 'ask': 595.8}","{'bid': 596.28, 'ask': 596.75}","{'bid': 595.51, 'ask': 595.66}",1278,595.78,596.28,595.51,595.68
2025-06-04 12:45:00,2025-06-04T13:45:00,2025-06-04T12:45:00,"{'bid': 595.68, 'ask': 595.81}","{'bid': 596.17, 'ask': 596.33}","{'bid': 596.25, 'ask': 596.74}","{'bid': 595.68, 'ask': 595.81}",1021,595.68,596.25,595.68,596.17
2025-06-04 13:00:00,2025-06-04T14:00:00,2025-06-04T13:00:00,"{'bid': 596.18, 'ask': 596.33}","{'bid': 596.38, 'ask': 596.53}","{'bid': 596.38, 'ask': 596.54}","{'bid': 596.01, 'ask': 596.15}",804,596.18,596.38,596.01,596.38
2025-06-04 13:15:00,2025-06-04T14:15:00,2025-06-04T13:15:00,"{'bid': 596.39, 'ask': 596.53}","{'bid': 596.88, 'ask': 597.01}","{'bid': 596.91, 'ask': 597.39}","{'bid': 596.28, 'ask': 596.42}",1180,596.39,596.91,596.28,596.88
2025-06-04 13:30:00,2025-06-04T14:30:00,2025-06-04T13:30:00,"{'bid': 596.86, 'ask': 597.01}","{'bid': 597.31, 'ask': 597.5}","{'bid': 597.87, 'ask': 598.0}","{'bid': 596.73, 'ask': 596.86}",4139,596.86,597.87,596.73,597.31
2025-06-04 13:45:00,2025-06-04T14:45:00,2025-06-04T13:45:00,"{'bid': 597.3, 'ask': 597.49}","{'bid': 597.51, 'ask': 597.67}","{'bid': 597.78, 'ask': 597.91}","{'bid': 597.12, 'ask': 597.24}",3375,597.3,597.78,597.12,597.51
2025-06-04 14:00:00,2025-06-04T15:00:00,2025-06-04T14:00:00,"{'bid': 596.95, 'ask': 597.61}","{'bid': 596.74, 'ask': 596.87}","{'bid': 597.35, 'ask': 597.61}","{'bid': 595.43, 'ask': 595.55}",5875,596.95,597.35,595.43,596.74
2025-06-04 14:15:00,2025-06-04T15:15:00,2025-06-04T14:15:00,"{'bid': 596.73, 'ask': 596.85}","{'bid': 597.53, 'ask': 597.65}","{'bid': 597.63, 'ask': 597.76}","{'bid': 596.59, 'ask': 596.72}",4212,596.73,597.63,596.59,597.53
2025-06-04 14:30:00,2025-06-04T15:30:00,2025-06-04T14:30:00,"{'bid': 597.52, 'ask': 597.65}","{'bid': 596.93, 'ask': 597.05}","{'bid': 597.71, 'ask': 597.84}","{'bid': 596.74, 'ask': 596.86}",3386,597.52,597.71,596.74,596.93
2025-06-04 14:45:00,2025-06-04T15:45:00,2025-06-04T14:45:00,"{'bid': 596.94, 'ask': 597.07}","{'bid': 597.47, 'ask': 597.59}","{'bid': 597.48, 'ask': 597.6}","{'bid': 596.63, 'ask': 596.76}",3269,596.94,597.48,596.63,597.47
2025-06-04 15:00:00,2025-06-04T16:00:00,2025-06-04T15:00:00,"{'bid': 597.48, 'ask': 597.61}","{'bid': 597.47, 'ask': 597.59}","{'bid': 597.81, 'ask': 597.93}","{'bid': 597.27, 'ask': 597.4}",2635,597.48,597.81,597.27,597.47
2025-06-04 15:15:00,2025-06-04T16:15:00,2025-06-04T15:15:00,"{'bid': 597.47, 'ask': 597.6}","{'bid': 596.93, 'ask': 597.06}","{'bid': 597.64, 'ask': 597.76}","{'bid': 596.91, 'ask': 597.03}",3006,597.47,597.64,596.91,596.93
2025-06-04 15:30:00,2025-06-04T16:30:00,2025-06-04T15:30:00,"{'bid': 596.93, 'ask': 597.05}","{'bid': 596.53, 'ask': 596.65}","{'bid': 597.34, 'ask': 597.46}","{'bid': 596.34, 'ask': 596.47}",3301,596.93,597.34,596.34,596.53
2025-06-04 15:45:00,2025-06-04T16:45:00,2025-06-04T15:45:00,"{'bid': 596.53, 'ask': 596.66}","{'bid': 596.81, 'ask': 596.94}","{'bid': 597.24, 'ask': 597.37}","{'bid': 596.46, 'ask': 596.59}",3655,596.53,597.24,596.46,596.81
2025-06-04 16:00:00,2025-06-04T17:00:00,2025-06-04T16:00:00,"{'bid': 596.8, 'ask': 596.93}","{'bid': 595.8, 'ask': 595.92}","{'bid': 596.87, 'ask': 596.99}","{'bid': 595.73, 'ask': 595.86}",3453,596.8,596.87,595.73,595.8
2025-06-04 16:15:00,2025-06-04T17:15:00,2025-06-04T16:15:00,"{'bid': 595.8, 'ask': 595.93}","{'bid': 595.85, 'ask': 595.98}","{'bid': 596.39, 'ask': 596.52}","{'bid': 595.77, 'ask': 595.9}",2914,595.8,596.39,595.77,595.85
2025-06-04 16:30:00,2025-06-04T17:30:00,2025-06-04T16:30:00,"{'bid': 595.84, 'ask': 595.96}","{'bid': 596.42, 'ask': 596.54}","{'bid': 596.42, 'ask': 596.55}","{'bid': 595.81, 'ask': 595.93}",2739,595.84,596.42,595.81,596.42
2025-06-04 16:45:00,2025-06-04T17:45:00,2025-06-04T16:45:00,"{'bid': 596.4, 'ask': 596.53}","{'bid': 596.71, 'ask': 596.83}","{'bid': 596.78, 'ask': 596.91}","{'bid': 596.38, 'ask': 596.5}",2108,596.4,596.78,596.38,596.71
2025-06-04 17:00:00,2025-06-04T18:00:00,2025-06-04T17:00:00,"{'bid': 596.72, 'ask': 596.85}","{'bid': 597.19, 'ask': 597.32}","{'bid': 597.32, 'ask': 597.44}","{'bid': 596.69, 'ask': 596.81}",1815,596.72,597.32,596.69,597.19
2025-06-04 17:15:00,2025-06-04T18:15:00,2025-06-04T17:15:00,"{'bid': 597.18, 'ask': 597.31}","{'bid': 597.25, 'ask': 597.38}","{'bid': 597.37, 'ask': 597.49}","{'bid': 597.03, 'ask': 597.16}",1439,597.18,597.37,597.03,597.25
2025-06-04 17:30:00,2025-06-04T18:30:00,2025-06-04T17:30:00,"{'bid': 597.24, 'ask': 597.37}","{'bid': 597.3, 'ask': 597.43}","{'bid': 597.5, 'ask': 597.63}","{'bid': 596.99, 'ask': 597.12}",2041,597.24,597.5,596.99,597.3
2025-06-04 17:45:00,2025-06-04T18:45:00,2025-06-04T17:45:00,"{'bid': 597.31, 'ask': 597.44}","{'bid': 597.51, 'ask': 597.63}","{'bid': 597.6, 'ask': 597.73}","{'bid': 597.24, 'ask': 597.37}",1476,597.31,597.6,597.24,597.51
2025-06-04 18:00:00,2025-06-04T19:00:00,2025-06-04T18:00:00,"{'bid': 597.51, 'ask': 597.64}","{'bid': 597.44, 'ask': 597.57}","{'bid': 597.87, 'ask': 598.0}","{'bid': 597.31, 'ask': 597.44}",1937,597.51,597.87,597.31,597.44
2025-06-04 18:15:00,2025-06-04T19:15:00,2025-06-04T18:15:00,"{'bid': 597.45, 'ask': 597.57}","{'bid': 597.53, 'ask': 597.66}","{'bid': 597.7, 'ask': 597.83}","{'bid': 597.23, 'ask': 597.36}",1616,597.45,597.7,597.23,597.53
2025-06-04 18:30:00,2025-06-04T19:30:00,2025-06-04T18:30:00,"{'bid': 597.52, 'ask': 597.64}","{'bid': 597.4, 'ask': 597.53}","{'bid': 597.61, 'ask': 597.74}","{'bid': 597.14, 'ask': 597.27}",1799,597.52,597.61,597.14,597.4
2025-06-04 18:45:00,2025-06-04T19:45:00,2025-06-04T18:45:00,"{'bid': 597.41, 'ask': 597.54}","{'bid': 596.96, 'ask': 597.09}","{'bid': 597.42, 'ask': 597.55}","{'bid': 596.78, 'ask': 596.9}",2105,597.41,597.42,596.78,596.96
2025-06-04 19:00:00,2025-06-04T20:00:00,2025-06-04T19:00:00,"{'bid': 596.97, 'ask': 597.1}","{'bid': 597.02, 'ask': 597.15}","{'bid': 597.17, 'ask': 597.3}","{'bid': 596.71, 'ask': 596.84}",2228,596.97,597.17,596.71,597.02
2025-06-04 19:15:00,2025-06-04T20:15:00,2025-06-04T19:15:00,"{'bid': 597.01, 'ask': 597.14}","{'bid': 596.96, 'ask': 597.09}","{'bid': 597.03, 'ask': 597.16}","{'bid': 596.64, 'ask': 596.77}",1856,597.01,597.03,596.64,596.96
2025-06-04 19:30:00,2025-06-04T20:30:00,2025-06-04T19:30:00,"{'bid': 596.97, 'ask': 597.1}","{'bid': 596.67, 'ask': 596.8}","{'bid': 597.18, 'ask': 597.31}","{'bid': 596.37, 'ask': 596.49}",2385,596.97,597.18,596.37,596.67
2025-06-04 19:45:00,2025-06-04T20:45:00,2025-06-04T19:45:00,"{'bid': 596.68, 'ask': 596.8}","{'bid': 596.22, 'ask': 596.35}","{'bid': 596.88, 'ask': 597.01}","{'bid': 595.93, 'ask': 596.06}",3090,596.68,596.88,595.93,596.22
2025-06-04 20:00:00,2025-06-04T21:00:00,2025-06-04T20:00:00,"{'bid': 596.23, 'ask': 596.36}","{'bid': 595.88, 'ask': 596.01}","{'bid': 596.32, 'ask': 596.44}","{'bid': 595.61, 'ask': 595.73}",1420,596.23,596.32,595.61,595.88
2025-06-04 20:15:00,2025-06-04T21:15:00,2025-06-04T20:15:00,"{'bid': 595.87, 'ask': 596.0}","{'bid': 595.86, 'ask': 596.0}","{'bid': 596.01, 'ask': 596.15}","{'bid': 595.48, 'ask': 595.86}",343,595.87,596.01,595.48,595.86
2025-06-04 20:30:00,2025-06-04T21:30:00,2025-06-04T20:30:00,"{'bid': 595.86, 'ask': 595.99}","{'bid': 595.79, 'ask': 595.92}","{'bid': 595.87, 'ask': 596.0}","{'bid': 595.48, 'ask': 595.83}",172,595.86,595.87,595.48,595.79
2025-06-04 20:45:00,2025-06-04T21:45:00,2025-06-04T20:45:00,"{'bid': 595.79, 'ask': 595.93}","{'bid': 595.56, 'ask': 596.0}","{'bid': 595.93, 'ask': 596.06}","{'bid': 595.48, 'ask': 595.7}",290,595.79,595.93,595.48,595.56
2025-06-04 21:00:00,2025-06-04T22:00:00,2025-06-04T21:00:00,"{'bid': 595.5, 'ask': 595.86}","{'bid': 595.71, 'ask': 595.88}","{'bid': 595.72, 'ask': 595.95}","{'bid': 595.5, 'ask': 595.86}",27,595.5,595.72,595.5,595.71
2025-06-04 21:15:00,2025-06-04T22:15:00,2025-06-04T21:15:00,"{'bid': 595.71, 'ask': 595.86}","{'bid': 595.75, 'ask': 595.94}","{'bid': 595.79, 'ask': 595.95}","{'bid': 595.59, 'ask': 595.86}",15,595.71,595.79,595.59,595.75
2025-06-04 21:30:00,2025-06-04T22:30:00,2025-06-04T21:30:00,"{'bid': 595.76, 'ask': 595.95}","{'bid': 595.6, 'ask': 595.85}","{'bid': 595.78, 'ask': 595.95}","{'bid': 595.59, 'ask': 595.79}",19,595.76,595.78,595.59,595.6
2025-06-04 21:45:00,2025-06-04T22:45:00,2025-06-04T21:45:00,"{'bid': 595.59, 'ask': 595.84}","{'bid': 595.48, 'ask': 595.95}","{'bid': 595.64, 'ask': 595.95}","{'bid': 595.48, 'ask': 595.73}",29,595.59,595.64,595.48,595.48
2025-06-04 22:00:00,2025-06-04T23:00:00,2025-06-04T22:00:00,"{'bid': 595.48, 'ask': 595.76}","{'bid': 595.76, 'ask': 595.93}","{'bid': 595.82, 'ask': 596.05}","{'bid': 595.26, 'ask': 595.5}",417,595.48,595.82,595.26,595.76
2025-06-04 22:15:00,2025-06-04T23:15:00,2025-06-04T22:15:00,"{'bid': 595.76, 'ask': 595.91}","{'bid': 595.87, 'ask': 596.03}","{'bid': 595.89, 'ask': 596.05}","{'bid': 595.66, 'ask': 595.83}",245,595.76,595.89,595.66,595.87
2025-06-04 22:30:00,2025-06-04T23:30:00,2025-06-04T22:30:00,"{'bid': 595.87, 'ask': 596.05}","{'bid': 595.68, 'ask': 595.88}","{'bid': 596.09, 'ask': 596.32}","{'bid': 595.65, 'ask': 595.82}",277,595.87,596.09,595.65,595.68
2025-06-04 22:45:00,2025-06-04T23:45:00,2025-06-04T22:45:00,"{'bid': 595.68, 'ask': 595.87}","{'bid': 595.58, 'ask': 595.75}","{'bid': 595.72, 'ask': 595.94}","{'bid': 595.55, 'ask': 595.74}",130,595.68,595.72,595.55,595.58
2025-06-04 23:00:00,2025-06-05T00:00:00,2025-06-04T23:00:00,"{'bid': 595.58, 'ask': 595.78}","{'bid': 595.48, 'ask': 595.64}","{'bid': 595.77, 'ask': 596.07}","{'bid': 595.37, 'ask': 595.54}",246,595.58,595.77,595.37,595.48
2025-06-04 23:15:00,2025-06-05T00:15:00,2025-06-04T23:15:00,"{'bid': 595.49, 'ask': 595.76}","{'bid': 595.46, 'ask': 595.62}","{'bid': 595.57, 'ask': 595.76}","{'bid': 595.29, 'ask': 595.47}",222,595.49,595.57,595.29,595.46
2025-06-04 23:30:00,2025-06-05T00:30:00,2025-06-04T23:30:00,"{'bid': 595.43, 'ask': 595.61}","{'bid': 595.47, 'ask': 595.62}","{'bid': 595.47, 'ask': 595.85}","{'bid': 595.26, 'ask': 595.46}",187,595.43,595.47,595.26,595.47
2025-06-04 23:45:00,2025-06-05T00:45:00,2025-06-04T23:45:00,"{'bid': 595.47, 'ask': 596.15}","{'bid': 595.39, 'ask': 595.57}","{'bid': 595.57, 'ask': 596.15}","{'bid': 595.3, 'ask': 595.47}",304,595.47,595.57,595.3,595.39
2025-06-05 08:00:00,2025-06-05T09:00:00,2025-06-05T08:00:00,"{'bid': 597.16, 'ask': 597.37}","{'bid': 597.19, 'ask': 597.36}","{'bid': 597.48, 'ask': 597.95}","{'bid': 597.15, 'ask': 597.33}",556,597.16,597.48,597.15,597.19
2025-06-05 08:15:00,2025-06-05T09:15:00,2025-06-05T08:15:00,"{'bid': 597.2, 'ask': 597.36}","{'bid': 597.47, 'ask': 597.66}","{'bid': 597.61, 'ask': 598.24}","{'bid': 597.07, 'ask': 597.25}",389,597.2,597.61,597.07,597.47
2025-06-05 08:30:00,2025-06-05T09:30:00,2025-06-05T08:30:00,"{'bid': 597.49, 'ask': 597.65}","{'bid': 597.24, 'ask': 597.43}","{'bid': 597.69, 'ask': 598.25}","{'bid': 597.22, 'ask': 597.4}",402,597.49,597.69,597.22,597.24
2025-06-05 08:45:00,2025-06-05T09:45:00,2025-06-05T08:45:00,"{'bid': 597.25, 'ask': 597.43}","{'bid': 596.76, 'ask': 596.95}","{'bid': 597.27, 'ask': 597.62}","{'bid': 596.35, 'ask': 596.64}",492,597.25,597.27,596.35,596.76
2025-06-05 09:00:00,2025-06-05T10:00:00,2025-06-05T09:00:00,"{'bid': 596.77, 'ask': 596.94}","{'bid': 596.4, 'ask': 596.62}","{'bid': 596.83, 'ask': 597.35}","{'bid': 596.4, 'ask': 596.62}",516,596.77,596.83,596.4,596.4
2025-06-05 09:15:00,2025-06-05T10:15:00,2025-06-05T09:15:00,"{'bid': 596.41, 'ask': 596.6}","{'bid': 596.52, 'ask': 596.68}","{'bid': 596.72, 'ask': 597.35}","{'bid': 596.3, 'ask': 596.47}",518,596.41,596.72,596.3,596.52
2025-06-05 09:30:00,2025-06-05T10:30:00,2025-06-05T09:30:00,"{'bid': 596.52, 'ask': 596.69}","{'bid': 596.71, 'ask': 596.89}","{'bid': 596.75, 'ask': 597.35}","{'bid': 596.45, 'ask': 596.64}",277,596.52,596.75,596.45,596.71
2025-06-05 09:45:00,2025-06-05T10:45:00,2025-06-05T09:45:00,"{'bid': 596.7, 'ask': 596.89}","{'bid': 596.43, 'ask': 596.61}","{'bid': 596.71, 'ask': 596.9}","{'bid': 596.25, 'ask': 596.43}",326,596.7,596.71,596.25,596.43
2025-06-05 10:00:00,2025-06-05T11:00:00,2025-06-05T10:00:00,"{'bid': 596.42, 'ask': 596.61}","{'bid': 596.83, 'ask': 597.0}","{'bid': 596.93, 'ask': 597.35}","{'bid': 596.42, 'ask': 596.6}",319,596.42,596.93,596.42,596.83
2025-06-05 10:15:00,2025-06-05T11:15:00,2025-06-05T10:15:00,"{'bid': 596.83, 'ask': 596.98}","{'bid': 596.72, 'ask': 596.92}","{'bid': 596.95, 'ask': 597.65}","{'bid': 596.72, 'ask': 596.92}",209,596.83,596.95,596.72,596.72
2025-06-05 10:30:00,2025-06-05T11:30:00,2025-06-05T10:30:00,"{'bid': 596.72, 'ask': 596.91}","{'bid': 596.02, 'ask': 596.2}","{'bid': 596.98, 'ask': 597.35}","{'bid': 595.94, 'ask': 596.13}",514,596.72,596.98,595.94,596.02
2025-06-05 10:45:00,2025-06-05T11:45:00,2025-06-05T10:45:00,"{'bid': 596.03, 'ask': 596.21}","{'bid': 596.36, 'ask': 596.54}","{'bid': 596.44, 'ask': 596.75}","{'bid': 595.97, 'ask': 596.17}",375,596.03,596.44,595.97,596.36
2025-06-05 11:00:00,2025-06-05T12:00:00,2025-06-05T11:00:00,"{'bid': 596.35, 'ask': 596.54}","{'bid': 595.86, 'ask': 596.02}","{'bid': 596.49, 'ask': 596.75}","{'bid': 595.85, 'ask': 596.01}",688,596.35,596.49,595.85,595.86
2025-06-05 11:15:00,2025-06-05T12:15:00,2025-06-05T11:15:00,"{'bid': 595.87, 'ask': 596.01}","{'bid': 595.9, 'ask': 596.06}","{'bid': 596.16, 'ask': 596.45}","{'bid': 595.74, 'ask': 595.99}",523,595.87,596.16,595.74,595.9
2025-06-05 11:30:00,2025-06-05T12:30:00,2025-06-05T11:30:00,"{'bid': 595.88, 'ask': 596.06}","{'bid': 596.01, 'ask': 596.16}","{'bid': 596.36, 'ask': 596.54}","{'bid': 595.82, 'ask': 596.0}",524,595.88,596.36,595.82,596.01
2025-06-05 11:45:00,2025-06-05T12:45:00,2025-06-05T11:45:00,"{'bid': 596.02, 'ask': 596.16}","{'bid': 596.28, 'ask': 596.43}","{'bid': 596.52, 'ask': 597.05}","{'bid': 595.97, 'ask': 596.16}",448,596.02,596.52,595.97,596.28
2025-06-05 12:00:00,2025-06-05T13:00:00,2025-06-05T12:00:00,"{'bid': 596.27, 'ask': 596.42}","{'bid': 596.47, 'ask': 596.74}","{'bid': 596.65, 'ask': 596.85}","{'bid': 596.1, 'ask': 596.28}",532,596.27,596.65,596.1,596.47
2025-06-05 12:15:00,2025-06-05T13:15:00,2025-06-05T12:15:00,"{'bid': 596.55, 'ask': 596.74}","{'bid': 596.3, 'ask': 596.7}","{'bid': 596.62, 'ask': 596.77}","{'bid': 596.3, 'ask': 596.44}",668,596.55,596.62,596.3,596.3
2025-06-05 12:30:00,2025-06-05T13:30:00,2025-06-05T12:30:00,"{'bid': 596.23, 'ask': 596.7}","{'bid': 596.27, 'ask': 596.42}","{'bid': 596.57, 'ask': 596.7}","{'bid': 595.2, 'ask': 595.37}",1702,596.23,596.57,595.2,596.27
2025-06-05 12:45:00,2025-06-05T13:45:00,2025-06-05T12:45:00,"{'bid': 596.3, 'ask': 596.45}","{'bid': 597.23, 'ask': 597.4}","{'bid': 599.57, 'ask': 600.84}","{'bid': 596.1, 'ask': 596.23}",3285,596.3,599.57,596.1,597.23
2025-06-05 13:00:00,2025-06-05T14:00:00,2025-06-05T13:00:00,"{'bid': 597.2, 'ask': 597.4}","{'bid': 597.56, 'ask': 597.72}","{'bid': 597.78, 'ask': 598.04}","{'bid': 597.15, 'ask': 597.33}",1960,597.2,597.78,597.15,597.56
2025-06-05 13:15:00,2025-06-05T14:15:00,2025-06-05T13:15:00,"{'bid': 597.55, 'ask': 597.72}","{'bid': 597.53, 'ask': 597.68}","{'bid': 597.71, 'ask': 598.05}","{'bid': 596.65, 'ask': 597.16}",2028,597.55,597.71,596.65,597.53
2025-06-05 13:30:00,2025-06-05T14:30:00,2025-06-05T13:30:00,"{'bid': 597.55, 'ask': 597.69}","{'bid': 595.79, 'ask': 595.92}","{'bid': 597.84, 'ask': 597.98}","{'bid': 595.18, 'ask': 595.31}",8243,597.55,597.84,595.18,595.79
2025-06-05 13:45:00,2025-06-05T14:45:00,2025-06-05T13:45:00,"{'bid': 595.81, 'ask': 595.95}","{'bid': 594.22, 'ask': 594.35}","{'bid': 595.85, 'ask': 595.97}","{'bid': 593.85, 'ask': 593.98}",6995,595.81,595.85,593.85,594.22
2025-06-05 14:00:00,2025-06-05T15:00:00,2025-06-05T14:00:00,"{'bid': 594.25, 'ask': 594.38}","{'bid': 594.64, 'ask': 594.76}","{'bid': 595.22, 'ask': 595.35}","{'bid': 594.12, 'ask': 594.25}",5802,594.25,595.22,594.12,594.64
2025-06-05 14:15:00,2025-06-05T15:15:00,2025-06-05T14:15:00,"{'bid': 594.63, 'ask': 594.75}","{'bid': 596.11, 'ask': 596.23}","{'bid': 596.15, 'ask': 596.28}","{'bid': 594.33, 'ask': 594.46}",4371,594.63,596.15,594.33,596.11
2025-06-05 14:30:00,2025-06-05T15:30:00,2025-06-05T14:30:00,"{'bid': 596.1, 'ask': 596.23}","{'bid': 596.51, 'ask': 596.63}","{'bid': 597.45, 'ask': 597.57}","{'bid': 593.96, 'ask': 594.09}",6941,596.1,597.45,593.96,596.51
2025-06-05 14:45:00,2025-06-05T15:45:00,2025-06-05T14:45:00,"{'bid': 596.49, 'ask': 596.61}","{'bid': 597.22, 'ask': 597.35}","{'bid': 597.51, 'ask': 597.64}","{'bid': 595.87, 'ask': 596.0}",5402,596.49,597.51,595.87,597.22
2025-06-05 15:00:00,2025-06-05T16:00:00,2025-06-05T15:00:00,"{'bid': 597.23, 'ask': 597.35}","{'bid': 597.48, 'ask': 597.61}","{'bid': 597.6, 'ask': 597.73}","{'bid': 597.0, 'ask': 597.12}",3854,597.23,597.6,597.0,597.48
2025-06-05 15:15:00,2025-06-05T16:15:00,2025-06-05T15:15:00,"{'bid': 597.49, 'ask': 597.61}","{'bid': 598.59, 'ask': 598.72}","{'bid': 598.67, 'ask': 598.79}","{'bid': 597.42, 'ask': 597.55}",3396,597.49,598.67,597.42,598.59
2025-06-05 15:30:00,2025-06-05T16:30:00,2025-06-05T15:30:00,"{'bid': 598.58, 'ask': 598.71}","{'bid': 598.54, 'ask': 598.66}","{'bid': 598.72, 'ask': 598.85}","{'bid': 598.24, 'ask': 598.37}",2855,598.58,598.72,598.24,598.54
2025-06-05 15:45:00,2025-06-05T16:45:00,2025-06-05T15:45:00,"{'bid': 598.54, 'ask': 598.67}","{'bid': 598.71, 'ask': 598.83}","{'bid': 598.88, 'ask': 599.03}","{'bid': 598.11, 'ask': 598.23}",2828,598.54,598.88,598.11,598.71
2025-06-05 16:00:00,2025-06-05T17:00:00,2025-06-05T16:00:00,"{'bid': 598.7, 'ask': 598.83}","{'bid': 597.98, 'ask': 598.11}","{'bid': 598.9, 'ask': 599.02}","{'bid': 597.92, 'ask': 598.05}",2882,598.7,598.9,597.92,597.98
2025-06-05 16:15:00,2025-06-05T17:15:00,2025-06-05T16:15:00,"{'bid': 597.97, 'ask': 598.09}","{'bid': 597.83, 'ask': 597.95}","{'bid': 598.08, 'ask': 598.2}","{'bid': 596.96, 'ask': 597.08}",4291,597.97,598.08,596.96,597.83
2025-06-05 16:30:00,2025-06-05T17:30:00,2025-06-05T16:30:00,"{'bid': 597.83, 'ask': 597.96}","{'bid': 596.85, 'ask': 596.98}","{'bid': 597.95, 'ask': 598.08}","{'bid': 596.83, 'ask': 596.95}",3234,597.83,597.95,596.83,596.85
2025-06-05 16:45:00,2025-06-05T17:45:00,2025-06-05T16:45:00,"{'bid': 596.83, 'ask': 596.96}","{'bid': 594.7, 'ask': 594.82}","{'bid': 596.83, 'ask': 596.96}","{'bid': 594.21, 'ask': 594.33}",7594,596.83,596.83,594.21,594.7
2025-06-05 17:00:00,2025-06-05T18:00:00,2025-06-05T17:00:00,"{'bid': 594.68, 'ask': 594.81}","{'bid': 596.05, 'ask': 596.18}","{'bid': 596.06, 'ask': 596.19}","{'bid': 594.25, 'ask': 594.37}",4688,594.68,596.06,594.25,596.05
2025-06-05 17:15:00,2025-06-05T18:15:00,2025-06-05T17:15:00,"{'bid': 596.04, 'ask': 596.16}","{'bid': 596.41, 'ask': 596.53}","{'bid': 596.61, 'ask': 596.74}","{'bid': 596.04, 'ask': 596.16}",3107,596.04,596.61,596.04,596.41
2025-06-05 17:30:00,2025-06-05T18:30:00,2025-06-05T17:30:00,"{'bid': 596.4, 'ask': 596.52}","{'bid': 596.81, 'ask': 596.93}","{'bid': 596.91, 'ask': 597.03}","{'bid': 596.38, 'ask': 596.5}",2581,596.4,596.91,596.38,596.81
2025-06-05 17:45:00,2025-06-05T18:45:00,2025-06-05T17:45:00,"{'bid': 596.8, 'ask': 596.93}","{'bid': 595.77, 'ask': 595.89}","{'bid': 596.88, 'ask': 597.01}","{'bid': 595.62, 'ask': 595.75}",3449,596.8,596.88,595.62,595.77
2025-06-05 18:00:00,2025-06-05T19:00:00,2025-06-05T18:00:00,"{'bid': 595.78, 'ask': 595.91}","{'bid': 594.74, 'ask': 594.87}","{'bid': 595.96, 'ask': 596.09}","{'bid': 594.46, 'ask': 594.58}",4971,595.78,595.96,594.46,594.74
2025-06-05 18:15:00,2025-06-05T19:15:00,2025-06-05T18:15:00,"{'bid': 594.73, 'ask': 594.85}","{'bid': 595.28, 'ask': 595.4}","{'bid': 595.41, 'ask': 595.53}","{'bid': 593.03, 'ask': 593.16}",4713,594.73,595.41,593.03,595.28
2025-06-05 18:30:00,2025-06-05T19:30:00,2025-06-05T18:30:00,"{'bid': 595.28, 'ask': 595.41}","{'bid': 595.56, 'ask': 595.69}","{'bid': 596.05, 'ask': 596.18}","{'bid': 595.03, 'ask': 595.17}",4035,595.28,596.05,595.03,595.56
2025-06-05 18:45:00,2025-06-05T19:45:00,2025-06-05T18:45:00,"{'bid': 595.57, 'ask': 595.7}","{'bid': 595.19, 'ask': 595.31}","{'bid': 595.89, 'ask': 596.01}","{'bid': 595.08, 'ask': 595.2}",3357,595.57,595.89,595.08,595.19
2025-06-05 19:00:00,2025-06-05T20:00:00,2025-06-05T19:00:00,"{'bid': 595.18, 'ask': 595.31}","{'bid': 593.75, 'ask': 593.88}","{'bid': 595.45, 'ask': 595.57}","{'bid': 593.58, 'ask': 593.71}",5137,595.18,595.45,593.58,593.75
2025-06-05 19:15:00,2025-06-05T20:15:00,2025-06-05T19:15:00,"{'bid': 593.75, 'ask': 593.87}","{'bid': 592.4, 'ask': 592.52}","{'bid': 594.13, 'ask': 594.26}","{'bid': 590.99, 'ask': 591.12}",9955,593.75,594.13,590.99,592.4
2025-06-05 19:30:00,2025-06-05T20:30:00,2025-06-05T19:30:00,"{'bid': 592.41, 'ask': 592.54}","{'bid': 593.73, 'ask': 593.86}","{'bid': 594.67, 'ask': 594.8}","{'bid': 592.34, 'ask': 592.47}",7773,592.41,594.67,592.34,593.73
2025-06-05 19:45:00,2025-06-05T20:45:00,2025-06-05T19:45:00,"{'bid': 593.72, 'ask': 593.84}","{'bid': 592.99, 'ask': 593.12}","{'bid': 594.55, 'ask': 594.75}","{'bid': 592.14, 'ask': 592.26}",9510,593.72,594.55,592.14,592.99
2025-06-05 20:00:00,2025-06-05T21:00:00,2025-06-05T20:00:00,"{'bid': 593.0, 'ask': 593.13}","{'bid': 593.12, 'ask': 593.37}","{'bid': 593.62, 'ask': 594.05}","{'bid': 590.65, 'ask': 593.01}",2148,593.0,593.62,590.65,593.12
2025-06-05 20:15:00,2025-06-05T21:15:00,2025-06-05T20:15:00,"{'bid': 593.12, 'ask': 593.31}","{'bid': 592.98, 'ask': 593.12}","{'bid': 593.23, 'ask': 593.45}","{'bid': 590.65, 'ask': 592.34}",2317,593.12,593.23,590.65,592.98
2025-06-05 20:30:00,2025-06-05T21:30:00,2025-06-05T20:30:00,"{'bid': 592.95, 'ask': 593.11}","{'bid': 592.41, 'ask': 592.55}","{'bid': 593.04, 'ask': 593.25}","{'bid': 592.17, 'ask': 592.3}",1239,592.95,593.04,592.17,592.41
2025-06-05 20:45:00,2025-06-05T21:45:00,2025-06-05T20:45:00,"{'bid': 592.44, 'ask': 592.58}","{'bid': 591.55, 'ask': 592.32}","{'bid': 592.85, 'ask': 593.45}","{'bid': 591.55, 'ask': 592.18}",1174,592.44,592.85,591.55,591.55
2025-06-05 21:00:00,2025-06-05T22:00:00,2025-06-05T21:00:00,"{'bid': 590.65, 'ask': 592.25}","{'bid': 591.91, 'ask': 592.24}","{'bid': 592.25, 'ask': 594.35}","{'bid': 590.65, 'ask': 592.05}",174,590.65,592.25,590.65,591.91
2025-06-05 21:15:00,2025-06-05T22:15:00,2025-06-05T21:15:00,"{'bid': 591.91, 'ask': 592.1}","{'bid': 591.82, 'ask': 592.14}","{'bid': 591.97, 'ask': 592.24}","{'bid': 591.63, 'ask': 591.94}",213,591.91,591.97,591.63,591.82
2025-06-05 21:30:00,2025-06-05T22:30:00,2025-06-05T21:30:00,"{'bid': 591.82, 'ask': 592.22}","{'bid': 591.89, 'ask': 592.05}","{'bid': 591.96, 'ask': 592.4}","{'bid': 591.31, 'ask': 591.92}",62,591.82,591.96,591.31,591.89
2025-06-05 21:45:00,2025-06-05T22:45:00,2025-06-05T21:45:00,"{'bid': 591.75, 'ask': 592.01}","{'bid': 591.16, 'ask': 591.55}","{'bid': 591.75, 'ask': 592.05}","{'bid': 591.16, 'ask': 591.55}",267,591.75,591.75,591.16,591.16
2025-06-05 22:00:00,2025-06-05T23:00:00,2025-06-05T22:00:00,"{'bid': 591.21, 'ask': 591.55}","{'bid': 592.01, 'ask': 592.17}","{'bid': 592.05, 'ask': 592.23}","{'bid': 591.18, 'ask': 591.53}",533,591.21,592.05,591.18,592.01
2025-06-05 22:15:00,2025-06-05T23:15:00,2025-06-05T22:15:00,"{'bid': 592.01, 'ask': 592.16}","{'bid': 592.3, 'ask': 592.46}","{'bid': 592.32, 'ask': 592.57}","{'bid': 591.92, 'ask': 592.16}",455,592.01,592.32,591.92,592.3
2025-06-05 22:30:00,2025-06-05T23:30:00,2025-06-05T22:30:00,"{'bid': 592.3, 'ask': 592.57}","{'bid': 592.23, 'ask': 592.4}","{'bid': 592.42, 'ask': 592.75}","{'bid': 592.03, 'ask': 592.26}",372,592.3,592.42,592.03,592.23
2025-06-05 22:45:00,2025-06-05T23:45:00,2025-06-05T22:45:00,"{'bid': 592.25, 'ask': 592.53}","{'bid': 592.85, 'ask': 593.01}","{'bid': 592.85, 'ask': 593.1}","{'bid': 592.13, 'ask': 592.36}",340,592.25,592.85,592.13,592.85
2025-06-05 23:00:00,2025-06-06T00:00:00,2025-06-05T23:00:00,"{'bid': 592.84, 'ask': 593.01}","{'bid': 592.94, 'ask': 593.08}","{'bid': 593.0, 'ask': 593.3}","{'bid': 592.75, 'ask': 592.91}",505,592.84,593.0,592.75,592.94
2025-06-05 23:15:00,2025-06-06T00:15:00,2025-06-05T23:15:00,"{'bid': 592.94, 'ask': 593.09}","{'bid': 592.67, 'ask': 592.84}","{'bid': 592.95, 'ask': 593.23}","{'bid': 592.46, 'ask': 592.63}",645,592.94,592.95,592.46,592.67
2025-06-05 23:30:00,2025-06-06T00:30:00,2025-06-05T23:30:00,"{'bid': 592.67, 'ask': 592.83}","{'bid': 592.86, 'ask': 593.01}","{'bid': 592.98, 'ask': 593.25}","{'bid': 592.38, 'ask': 592.66}",559,592.67,592.98,592.38,592.86
2025-06-05 23:45:00,2025-06-06T00:45:00,2025-06-05T23:45:00,"{'bid': 592.85, 'ask': 593.01}","{'bid': 592.77, 'ask': 592.93}","{'bid': 593.23, 'ask': 594.05}","{'bid': 592.15, 'ask': 592.86}",712,592.85,593.23,592.15,592.77
2025-06-06 08:00:00,2025-06-06T09:00:00,2025-06-06T08:00:00,"{'bid': 595.32, 'ask': 595.51}","{'bid': 595.08, 'ask': 595.25}","{'bid': 595.53, 'ask': 596.15}","{'bid': 594.55, 'ask': 595.2}",804,595.32,595.53,594.55,595.08
2025-06-06 08:15:00,2025-06-06T09:15:00,2025-06-06T08:15:00,"{'bid': 595.08, 'ask': 595.24}","{'bid': 595.13, 'ask': 595.3}","{'bid': 595.41, 'ask': 596.15}","{'bid': 594.72, 'ask': 594.98}",880,595.08,595.41,594.72,595.13
2025-06-06 08:30:00,2025-06-06T09:30:00,2025-06-06T08:30:00,"{'bid': 595.1, 'ask': 595.26}","{'bid': 595.23, 'ask': 595.43}","{'bid': 595.33, 'ask': 596.15}","{'bid': 594.92, 'ask': 595.08}",681,595.1,595.33,594.92,595.23
2025-06-06 08:45:00,2025-06-06T09:45:00,2025-06-06T08:45:00,"{'bid': 595.25, 'ask': 595.43}","{'bid': 595.32, 'ask': 595.48}","{'bid': 595.35, 'ask': 596.15}","{'bid': 595.13, 'ask': 595.29}",443,595.25,595.35,595.13,595.32
2025-06-06 09:00:00,2025-06-06T10:00:00,2025-06-06T09:00:00,"{'bid': 595.32, 'ask': 595.49}","{'bid': 595.34, 'ask': 595.5}","{'bid': 595.44, 'ask': 596.15}","{'bid': 595.07, 'ask': 595.23}",654,595.32,595.44,595.07,595.34
2025-06-06 09:15:00,2025-06-06T10:15:00,2025-06-06T09:15:00,"{'bid': 595.36, 'ask': 595.51}","{'bid': 595.55, 'ask': 595.69}","{'bid': 595.62, 'ask': 596.45}","{'bid': 595.29, 'ask': 595.45}",385,595.36,595.62,595.29,595.55
2025-06-06 09:30:00,2025-06-06T10:30:00,2025-06-06T09:30:00,"{'bid': 595.54, 'ask': 595.69}","{'bid': 595.31, 'ask': 595.47}","{'bid': 595.71, 'ask': 596.45}","{'bid': 595.24, 'ask': 595.4}",385,595.54,595.71,595.24,595.31
2025-06-06 09:45:00,2025-06-06T10:45:00,2025-06-06T09:45:00,"{'bid': 595.31, 'ask': 595.46}","{'bid': 595.6, 'ask': 595.75}","{'bid': 595.7, 'ask': 596.15}","{'bid': 595.31, 'ask': 595.46}",315,595.31,595.7,595.31,595.6
2025-06-06 10:00:00,2025-06-06T11:00:00,2025-06-06T10:00:00,"{'bid': 595.61, 'ask': 595.78}","{'bid': 595.53, 'ask': 595.68}","{'bid': 595.64, 'ask': 596.15}","{'bid': 595.32, 'ask': 595.5}",384,595.61,595.64,595.32,595.53
2025-06-06 10:15:00,2025-06-06T11:15:00,2025-06-06T10:15:00,"{'bid': 595.52, 'ask': 595.68}","{'bid': 595.61, 'ask': 595.77}","{'bid': 595.74, 'ask': 596.45}","{'bid': 595.34, 'ask': 595.57}",399,595.52,595.74,595.34,595.61
2025-06-06 10:30:00,2025-06-06T11:30:00,2025-06-06T10:30:00,"{'bid': 595.6, 'ask': 595.76}","{'bid': 595.35, 'ask': 595.5}","{'bid': 595.66, 'ask': 596.45}","{'bid': 595.16, 'ask': 595.35}",414,595.6,595.66,595.16,595.35
2025-06-06 10:45:00,2025-06-06T11:45:00,2025-06-06T10:45:00,"{'bid': 595.35, 'ask': 595.51}","{'bid': 595.03, 'ask': 595.17}","{'bid': 595.4, 'ask': 596.15}","{'bid': 594.96, 'ask': 595.12}",494,595.35,595.4,594.96,595.03
2025-06-06 11:00:00,2025-06-06T12:00:00,2025-06-06T11:00:00,"{'bid': 595.02, 'ask': 595.17}","{'bid': 594.88, 'ask': 595.04}","{'bid': 595.14, 'ask': 595.5}","{'bid': 594.6, 'ask': 594.8}",795,595.02,595.14,594.6,594.88
2025-06-06 11:15:00,2025-06-06T12:15:00,2025-06-06T11:15:00,"{'bid': 594.87, 'ask': 595.04}","{'bid': 595.08, 'ask': 595.36}","{'bid': 595.33, 'ask': 595.5}","{'bid': 594.48, 'ask': 594.72}",707,594.87,595.33,594.48,595.08
2025-06-06 11:30:00,2025-06-06T12:30:00,2025-06-06T11:30:00,"{'bid': 595.09, 'ask': 595.36}","{'bid': 595.17, 'ask': 595.49}","{'bid': 595.35, 'ask': 595.5}","{'bid': 594.77, 'ask': 595.05}",609,595.09,595.35,594.77,595.17
2025-06-06 11:45:00,2025-06-06T12:45:00,2025-06-06T11:45:00,"{'bid': 595.18, 'ask': 595.49}","{'bid': 595.25, 'ask': 595.84}","{'bid': 595.5, 'ask': 596.15}","{'bid': 595.04, 'ask': 595.32}",455,595.18,595.5,595.04,595.25
2025-06-06 12:00:00,2025-06-06T13:00:00,2025-06-06T12:00:00,"{'bid': 595.22, 'ask': 595.84}","{'bid': 595.67, 'ask': 595.84}","{'bid': 595.72, 'ask': 596.45}","{'bid': 595.15, 'ask': 595.35}",716,595.22,595.72,595.15,595.67
2025-06-06 12:15:00,2025-06-06T13:15:00,2025-06-06T12:15:00,"{'bid': 595.64, 'ask': 595.81}","{'bid': 595.16, 'ask': 595.9}","{'bid': 595.79, 'ask': 596.05}","{'bid': 595.16, 'ask': 595.41}",1054,595.64,595.79,595.16,595.16
2025-06-06 12:30:00,2025-06-06T13:30:00,2025-06-06T12:30:00,"{'bid': 595.48, 'ask': 595.9}","{'bid': 597.82, 'ask': 597.95}","{'bid': 597.98, 'ask': 599.35}","{'bid': 595.16, 'ask': 595.9}",3516,595.48,597.98,595.16,597.82
2025-06-06 12:45:00,2025-06-06T13:45:00,2025-06-06T12:45:00,"{'bid': 597.83, 'ask': 597.98}","{'bid': 597.65, 'ask': 597.8}","{'bid': 598.05, 'ask': 598.24}","{'bid': 597.31, 'ask': 597.47}",1832,597.83,598.05,597.31,597.65
2025-06-06 13:00:00,2025-06-06T14:00:00,2025-06-06T13:00:00,"{'bid': 597.63, 'ask': 597.8}","{'bid': 598.17, 'ask': 598.31}","{'bid': 598.31, 'ask': 598.53}","{'bid': 597.31, 'ask': 597.49}",1604,597.63,598.31,597.31,598.17
2025-06-06 13:15:00,2025-06-06T14:15:00,2025-06-06T13:15:00,"{'bid': 598.15, 'ask': 598.31}","{'bid': 598.6, 'ask': 598.73}","{'bid': 599.0, 'ask': 599.45}","{'bid': 598.04, 'ask': 598.24}",1616,598.15,599.0,598.04,598.6
2025-06-06 13:30:00,2025-06-06T14:30:00,2025-06-06T13:30:00,"{'bid': 598.58, 'ask': 598.73}","{'bid': 600.35, 'ask': 600.47}","{'bid': 600.48, 'ask': 600.6}","{'bid': 598.34, 'ask': 598.46}",6484,598.58,600.48,598.34,600.35
2025-06-06 13:45:00,2025-06-06T14:45:00,2025-06-06T13:45:00,"{'bid': 600.37, 'ask': 600.49}","{'bid': 600.24, 'ask': 600.37}","{'bid': 600.76, 'ask': 600.89}","{'bid': 599.55, 'ask': 599.68}",4930,600.37,600.76,599.55,600.24
2025-06-06 14:00:00,2025-06-06T15:00:00,2025-06-06T14:00:00,"{'bid': 600.24, 'ask': 600.36}","{'bid': 599.88, 'ask': 600.01}","{'bid': 600.41, 'ask': 600.54}","{'bid': 599.32, 'ask': 599.44}",4821,600.24,600.41,599.32,599.88
2025-06-06 14:15:00,2025-06-06T15:15:00,2025-06-06T14:15:00,"{'bid': 599.9, 'ask': 600.02}","{'bid': 599.12, 'ask': 599.24}","{'bid': 600.02, 'ask': 600.15}","{'bid': 598.78, 'ask': 598.91}",4403,599.9,600.02,598.78,599.12
2025-06-06 14:30:00,2025-06-06T15:30:00,2025-06-06T14:30:00,"{'bid': 599.11, 'ask': 599.23}","{'bid': 599.6, 'ask': 599.73}","{'bid': 599.87, 'ask': 599.99}","{'bid': 598.58, 'ask': 598.71}",3590,599.11,599.87,598.58,599.6
2025-06-06 14:45:00,2025-06-06T15:45:00,2025-06-06T14:45:00,"{'bid': 599.59, 'ask': 599.71}","{'bid': 599.23, 'ask': 599.36}","{'bid': 599.78, 'ask': 599.91}","{'bid': 599.1, 'ask': 599.22}",2955,599.59,599.78,599.1,599.23
2025-06-06 15:00:00,2025-06-06T16:00:00,2025-06-06T15:00:00,"{'bid': 599.22, 'ask': 599.34}","{'bid': 599.7, 'ask': 599.83}","{'bid': 600.29, 'ask': 600.43}","{'bid': 599.15, 'ask': 599.28}",3736,599.22,600.29,599.15,599.7
2025-06-06 15:15:00,2025-06-06T16:15:00,2025-06-06T15:15:00,"{'bid': 599.71, 'ask': 599.84}","{'bid': 598.42, 'ask': 598.55}","{'bid': 599.73, 'ask': 599.86}","{'bid': 597.19, 'ask': 597.32}",6109,599.71,599.73,597.19,598.42
2025-06-06 15:30:00,2025-06-06T16:30:00,2025-06-06T15:30:00,"{'bid': 598.41, 'ask': 598.54}","{'bid': 598.45, 'ask': 598.57}","{'bid': 598.67, 'ask': 598.8}","{'bid': 597.9, 'ask': 598.03}",4185,598.41,598.67,597.9,598.45
2025-06-06 15:45:00,2025-06-06T16:45:00,2025-06-06T15:45:00,"{'bid': 598.46, 'ask': 598.59}","{'bid': 598.63, 'ask': 598.76}","{'bid': 599.16, 'ask': 599.29}","{'bid': 598.27, 'ask': 598.4}",3086,598.46,599.16,598.27,598.63
2025-06-06 16:00:00,2025-06-06T17:00:00,2025-06-06T16:00:00,"{'bid': 598.64, 'ask': 598.77}","{'bid': 599.09, 'ask': 599.22}","{'bid': 599.33, 'ask': 599.45}","{'bid': 598.58, 'ask': 598.71}",2703,598.64,599.33,598.58,599.09
2025-06-06 16:15:00,2025-06-06T17:15:00,2025-06-06T16:15:00,"{'bid': 599.1, 'ask': 599.22}","{'bid': 598.52, 'ask': 598.65}","{'bid': 599.1, 'ask': 599.23}","{'bid': 598.32, 'ask': 598.45}",3411,599.1,599.1,598.32,598.52
2025-06-06 16:30:00,2025-06-06T17:30:00,2025-06-06T16:30:00,"{'bid': 598.5, 'ask': 598.63}","{'bid': 597.78, 'ask': 597.9}","{'bid': 598.82, 'ask': 598.95}","{'bid': 597.46, 'ask': 597.59}",3414,598.5,598.82,597.46,597.78
2025-06-06 16:45:00,2025-06-06T17:45:00,2025-06-06T16:45:00,"{'bid': 597.77, 'ask': 597.9}","{'bid': 597.56, 'ask': 597.69}","{'bid': 598.13, 'ask': 598.25}","{'bid': 596.79, 'ask': 596.92}",3832,597.77,598.13,596.79,597.56
2025-06-06 17:00:00,2025-06-06T18:00:00,2025-06-06T17:00:00,"{'bid': 597.55, 'ask': 597.68}","{'bid': 597.6, 'ask': 597.73}","{'bid': 597.75, 'ask': 597.88}","{'bid': 597.07, 'ask': 597.19}",3462,597.55,597.75,597.07,597.6
2025-06-06 17:15:00,2025-06-06T18:15:00,2025-06-06T17:15:00,"{'bid': 597.6, 'ask': 597.72}","{'bid': 598.14, 'ask': 598.27}","{'bid': 598.53, 'ask': 598.66}","{'bid': 597.42, 'ask': 597.54}",2945,597.6,598.53,597.42,598.14
2025-06-06 17:30:00,2025-06-06T18:30:00,2025-06-06T17:30:00,"{'bid': 598.13, 'ask': 598.26}","{'bid': 598.71, 'ask': 598.83}","{'bid': 598.75, 'ask': 598.88}","{'bid': 598.13, 'ask': 598.26}",2344,598.13,598.75,598.13,598.71
2025-06-06 17:45:00,2025-06-06T18:45:00,2025-06-06T17:45:00,"{'bid': 598.71, 'ask': 598.84}","{'bid': 598.88, 'ask': 599.01}","{'bid': 598.98, 'ask': 599.11}","{'bid': 598.65, 'ask': 598.78}",1766,598.71,598.98,598.65,598.88
2025-06-06 18:00:00,2025-06-06T19:00:00,2025-06-06T18:00:00,"{'bid': 598.9, 'ask': 599.02}","{'bid': 599.64, 'ask': 599.77}","{'bid': 599.81, 'ask': 599.93}","{'bid': 598.88, 'ask': 599.01}",2681,598.9,599.81,598.88,599.64
2025-06-06 18:15:00,2025-06-06T19:15:00,2025-06-06T18:15:00,"{'bid': 599.65, 'ask': 599.78}","{'bid': 599.52, 'ask': 599.65}","{'bid': 600.07, 'ask': 600.2}","{'bid': 599.45, 'ask': 599.58}",2168,599.65,600.07,599.45,599.52
2025-06-06 18:30:00,2025-06-06T19:30:00,2025-06-06T18:30:00,"{'bid': 599.53, 'ask': 599.65}","{'bid': 599.74, 'ask': 599.87}","{'bid': 600.35, 'ask': 600.48}","{'bid': 599.5, 'ask': 599.63}",2888,599.53,600.35,599.5,599.74
2025-06-06 18:45:00,2025-06-06T19:45:00,2025-06-06T18:45:00,"{'bid': 599.74, 'ask': 599.86}","{'bid': 599.66, 'ask': 599.79}","{'bid': 600.01, 'ask': 600.14}","{'bid': 599.4, 'ask': 599.53}",2121,599.74,600.01,599.4,599.66
2025-06-06 19:00:00,2025-06-06T20:00:00,2025-06-06T19:00:00,"{'bid': 599.65, 'ask': 599.77}","{'bid': 599.6, 'ask': 599.73}","{'bid': 600.0, 'ask': 600.13}","{'bid': 599.43, 'ask': 599.55}",2413,599.65,600.0,599.43,599.6
2025-06-06 19:15:00,2025-06-06T20:15:00,2025-06-06T19:15:00,"{'bid': 599.61, 'ask': 599.74}","{'bid': 599.28, 'ask': 599.41}","{'bid': 599.7, 'ask': 599.82}","{'bid': 599.12, 'ask': 599.24}",2472,599.61,599.7,599.12,599.28
2025-06-06 19:30:00,2025-06-06T20:30:00,2025-06-06T19:30:00,"{'bid': 599.26, 'ask': 599.39}","{'bid': 599.26, 'ask': 599.39}","{'bid': 599.53, 'ask': 599.65}","{'bid': 598.94, 'ask': 599.06}",2440,599.26,599.53,598.94,599.26
2025-06-06 19:45:00,2025-06-06T20:45:00,2025-06-06T19:45:00,"{'bid': 599.25, 'ask': 599.37}","{'bid': 598.89, 'ask': 599.01}","{'bid': 599.78, 'ask': 599.91}","{'bid': 598.85, 'ask': 598.97}",3641,599.25,599.78,598.85,598.89
2025-06-06 20:00:00,2025-06-06T21:00:00,2025-06-06T20:00:00,"{'bid': 598.93, 'ask': 599.05}","{'bid': 599.15, 'ask': 599.28}","{'bid': 599.23, 'ask': 599.4}","{'bid': 598.78, 'ask': 598.91}",1406,598.93,599.23,598.78,599.15
2025-06-06 20:15:00,2025-06-06T21:15:00,2025-06-06T20:15:00,"{'bid': 599.15, 'ask': 599.27}","{'bid': 599.32, 'ask': 599.45}","{'bid': 599.56, 'ask': 599.75}","{'bid': 599.11, 'ask': 599.25}",403,599.15,599.56,599.11,599.32
2025-06-06 20:30:00,2025-06-06T21:30:00,2025-06-06T20:30:00,"{'bid': 599.31, 'ask': 599.45}","{'bid': 599.37, 'ask': 599.5}","{'bid': 599.47, 'ask': 599.61}","{'bid': 599.05, 'ask': 599.44}",234,599.31,599.47,599.05,599.37
2025-06-06 20:45:00,2025-06-06T21:45:00,2025-06-06T20:45:00,"{'bid': 599.37, 'ask': 599.49}","{'bid': 599.05, 'ask': 599.47}","{'bid': 599.46, 'ask': 600.05}","{'bid': 599.05, 'ask': 599.38}",375,599.37,599.46,599.05,599.05
2025-06-09 08:00:00,2025-06-09T09:00:00,2025-06-09T08:00:00,"{'bid': 599.41, 'ask': 599.59}","{'bid': 599.51, 'ask': 599.67}","{'bid': 599.77, 'ask': 600.2}","{'bid': 599.32, 'ask': 599.51}",840,599.41,599.77,599.32,599.51
2025-06-09 08:15:00,2025-06-09T09:15:00,2025-06-09T08:15:00,"{'bid': 599.52, 'ask': 599.68}","{'bid': 599.25, 'ask': 599.41}","{'bid': 599.71, 'ask': 600.19}","{'bid': 599.19, 'ask': 599.35}",712,599.52,599.71,599.19,599.25
2025-06-09 08:30:00,2025-06-09T09:30:00,2025-06-09T08:30:00,"{'bid': 599.25, 'ask': 599.43}","{'bid': 599.07, 'ask': 599.24}","{'bid': 599.28, 'ask': 599.6}","{'bid': 598.98, 'ask': 599.13}",462,599.25,599.28,598.98,599.07
2025-06-09 08:45:00,2025-06-09T09:45:00,2025-06-09T08:45:00,"{'bid': 599.08, 'ask': 599.24}","{'bid': 599.82, 'ask': 599.98}","{'bid': 599.92, 'ask': 600.35}","{'bid': 599.07, 'ask': 599.22}",518,599.08,599.92,599.07,599.82
2025-06-09 09:00:00,2025-06-09T10:00:00,2025-06-09T09:00:00,"{'bid': 599.84, 'ask': 599.99}","{'bid': 599.67, 'ask': 599.84}","{'bid': 599.88, 'ask': 600.11}","{'bid': 599.44, 'ask': 599.6}",448,599.84,599.88,599.44,599.67
2025-06-09 09:15:00,2025-06-09T10:15:00,2025-06-09T09:15:00,"{'bid': 599.67, 'ask': 600.11}","{'bid': 599.75, 'ask': 599.9}","{'bid': 599.76, 'ask': 600.35}","{'bid': 599.39, 'ask': 599.56}",479,599.67,599.76,599.39,599.75
2025-06-09 09:30:00,2025-06-09T10:30:00,2025-06-09T09:30:00,"{'bid': 599.74, 'ask': 599.88}","{'bid': 599.66, 'ask': 599.82}","{'bid': 599.8, 'ask': 600.35}","{'bid': 599.62, 'ask': 599.81}",317,599.74,599.8,599.62,599.66
2025-06-09 09:45:00,2025-06-09T10:45:00,2025-06-09T09:45:00,"{'bid': 599.66, 'ask': 599.83}","{'bid': 599.45, 'ask': 599.61}","{'bid': 599.73, 'ask': 600.35}","{'bid': 599.41, 'ask': 599.57}",268,599.66,599.73,599.41,599.45
2025-06-09 10:00:00,2025-06-09T11:00:00,2025-06-09T10:00:00,"{'bid': 599.42, 'ask': 599.61}","{'bid': 599.54, 'ask': 599.71}","{'bid': 599.58, 'ask': 600.05}","{'bid': 599.32, 'ask': 599.48}",364,599.42,599.58,599.32,599.54
2025-06-09 10:15:00,2025-06-09T11:15:00,2025-06-09T10:15:00,"{'bid': 599.54, 'ask': 599.72}","{'bid': 599.26, 'ask': 599.41}","{'bid': 599.58, 'ask': 599.76}","{'bid': 599.23, 'ask': 599.38}",331,599.54,599.58,599.23,599.26
2025-06-09 10:30:00,2025-06-09T11:30:00,2025-06-09T10:30:00,"{'bid': 599.24, 'ask': 599.39}","{'bid': 599.25, 'ask': 599.4}","{'bid': 599.47, 'ask': 600.05}","{'bid': 599.22, 'ask': 599.38}",248,599.24,599.47,599.22,599.25
2025-06-09 10:45:00,2025-06-09T11:45:00,2025-06-09T10:45:00,"{'bid': 599.26, 'ask': 599.41}","{'bid': 599.27, 'ask': 599.43}","{'bid': 599.31, 'ask': 599.48}","{'bid': 598.96, 'ask': 599.2}",404,599.26,599.31,598.96,599.27
2025-06-09 11:00:00,2025-06-09T12:00:00,2025-06-09T11:00:00,"{'bid': 599.28, 'ask': 599.46}","{'bid': 599.51, 'ask': 599.67}","{'bid': 599.72, 'ask': 600.05}","{'bid': 599.26, 'ask': 599.43}",513,599.28,599.72,599.26,599.51
2025-06-09 11:15:00,2025-06-09T12:15:00,2025-06-09T11:15:00,"{'bid': 599.53, 'ask': 599.69}","{'bid': 599.62, 'ask': 599.78}","{'bid': 599.94, 'ask': 600.35}","{'bid': 599.51, 'ask': 599.66}",607,599.53,599.94,599.51,599.62
2025-06-09 11:30:00,2025-06-09T12:30:00,2025-06-09T11:30:00,"{'bid': 599.63, 'ask': 599.79}","{'bid': 600.01, 'ask': 600.15}","{'bid': 600.34, 'ask': 600.95}","{'bid': 599.59, 'ask': 599.74}",795,599.63,600.34,599.59,600.01
2025-06-09 11:45:00,2025-06-09T12:45:00,2025-06-09T11:45:00,"{'bid': 600.01, 'ask': 600.16}","{'bid': 600.03, 'ask': 600.16}","{'bid': 600.24, 'ask': 600.38}","{'bid': 599.8, 'ask': 600.03}",532,600.01,600.24,599.8,600.03
2025-06-09 12:00:00,2025-06-09T13:00:00,2025-06-09T12:00:00,"{'bid': 600.03, 'ask': 600.18}","{'bid': 599.7, 'ask': 599.85}","{'bid': 600.18, 'ask': 600.33}","{'bid': 599.66, 'ask': 599.83}",622,600.03,600.18,599.66,599.7
2025-06-09 12:15:00,2025-06-09T13:15:00,2025-06-09T12:15:00,"{'bid': 599.7, 'ask': 599.84}","{'bid': 600.0, 'ask': 600.13}","{'bid': 600.12, 'ask': 600.65}","{'bid': 599.53, 'ask': 599.7}",518,599.7,600.12,599.53,600.0
2025-06-09 12:30:00,2025-06-09T13:30:00,2025-06-09T12:30:00,"{'bid': 600.0, 'ask': 600.15}","{'bid': 600.11, 'ask': 600.24}","{'bid': 600.14, 'ask': 600.28}","{'bid': 599.87, 'ask': 600.01}",568,600.0,600.14,599.87,600.11
2025-06-09 12:45:00,2025-06-09T13:45:00,2025-06-09T12:45:00,"{'bid': 600.11, 'ask': 600.25}","{'bid': 599.73, 'ask': 599.87}","{'bid': 600.13, 'ask': 600.28}","{'bid': 599.69, 'ask': 599.82}",559,600.11,600.13,599.69,599.73
2025-06-09 13:00:00,2025-06-09T14:00:00,2025-06-09T13:00:00,"{'bid': 599.76, 'ask': 599.91}","{'bid': 599.86, 'ask': 600.0}","{'bid': 600.04, 'ask': 600.19}","{'bid': 599.71, 'ask': 599.84}",519,599.76,600.04,599.71,599.86
2025-06-09 13:15:00,2025-06-09T14:15:00,2025-06-09T13:15:00,"{'bid': 599.84, 'ask': 599.99}","{'bid': 599.66, 'ask': 599.79}","{'bid': 600.03, 'ask': 600.29}","{'bid': 599.57, 'ask': 599.69}",933,599.84,600.03,599.57,599.66
2025-06-09 13:30:00,2025-06-09T14:30:00,2025-06-09T13:30:00,"{'bid': 599.68, 'ask': 599.82}","{'bid': 599.11, 'ask': 599.24}","{'bid': 599.92, 'ask': 600.05}","{'bid': 598.43, 'ask': 598.56}",5897,599.68,599.92,598.43,599.11
2025-06-09 13:45:00,2025-06-09T14:45:00,2025-06-09T13:45:00,"{'bid': 599.11, 'ask': 599.23}","{'bid': 598.85, 'ask': 598.98}","{'bid': 599.4, 'ask': 599.52}","{'bid': 598.83, 'ask': 598.95}",3382,599.11,599.4,598.83,598.85
2025-06-09 14:00:00,2025-06-09T15:00:00,2025-06-09T14:00:00,"{'bid': 598.86, 'ask': 598.98}","{'bid': 599.55, 'ask': 599.68}","{'bid': 599.58, 'ask': 599.7}","{'bid': 598.73, 'ask': 598.86}",3257,598.86,599.58,598.73,599.55
2025-06-09 14:15:00,2025-06-09T15:15:00,2025-06-09T14:15:00,"{'bid': 599.54, 'ask': 599.67}","{'bid': 599.65, 'ask': 599.78}","{'bid': 599.9, 'ask': 600.03}","{'bid': 599.32, 'ask': 599.45}",2031,599.54,599.9,599.32,599.65
2025-06-09 14:30:00,2025-06-09T15:30:00,2025-06-09T14:30:00,"{'bid': 599.64, 'ask': 599.77}","{'bid': 599.4, 'ask': 599.52}","{'bid': 600.32, 'ask': 600.46}","{'bid': 599.34, 'ask': 599.46}",3090,599.64,600.32,599.34,599.4
2025-06-09 14:45:00,2025-06-09T15:45:00,2025-06-09T14:45:00,"{'bid': 599.39, 'ask': 599.52}","{'bid': 599.45, 'ask': 599.57}","{'bid': 599.48, 'ask': 599.61}","{'bid': 598.97, 'ask': 599.09}",2785,599.39,599.48,598.97,599.45
2025-06-09 15:00:00,2025-06-09T16:00:00,2025-06-09T15:00:00,"{'bid': 599.46, 'ask': 599.59}","{'bid': 599.47, 'ask': 599.6}","{'bid': 599.8, 'ask': 599.92}","{'bid': 599.41, 'ask': 599.54}",2156,599.46,599.8,599.41,599.47
2025-06-09 15:15:00,2025-06-09T16:15:00,2025-06-09T15:15:00,"{'bid': 599.46, 'ask': 599.59}","{'bid': 599.15, 'ask': 599.28}","{'bid': 599.64, 'ask': 599.77}","{'bid': 598.98, 'ask': 599.11}",2510,599.46,599.64,598.98,599.15
2025-06-09 15:30:00,2025-06-09T16:30:00,2025-06-09T15:30:00,"{'bid': 599.17, 'ask': 599.29}","{'bid': 599.57, 'ask': 599.69}","{'bid': 599.69, 'ask': 599.82}","{'bid': 599.13, 'ask': 599.25}",2064,599.17,599.69,599.13,599.57
2025-06-09 15:45:00,2025-06-09T16:45:00,2025-06-09T15:45:00,"{'bid': 599.58, 'ask': 599.7}","{'bid': 599.79, 'ask': 599.91}","{'bid': 599.95, 'ask': 600.08}","{'bid': 599.46, 'ask': 599.59}",1744,599.58,599.95,599.46,599.79
2025-06-09 16:00:00,2025-06-09T17:00:00,2025-06-09T16:00:00,"{'bid': 599.79, 'ask': 599.92}","{'bid': 599.76, 'ask': 599.88}","{'bid': 599.95, 'ask': 600.07}","{'bid': 599.3, 'ask': 599.43}",2154,599.79,599.95,599.3,599.76
2025-06-09 16:15:00,2025-06-09T17:15:00,2025-06-09T16:15:00,"{'bid': 599.76, 'ask': 599.89}","{'bid': 599.72, 'ask': 599.85}","{'bid': 599.94, 'ask': 600.07}","{'bid': 599.55, 'ask': 599.68}",1578,599.76,599.94,599.55,599.72
2025-06-09 16:30:00,2025-06-09T17:30:00,2025-06-09T16:30:00,"{'bid': 599.74, 'ask': 599.86}","{'bid': 600.26, 'ask': 600.39}","{'bid': 600.27, 'ask': 600.4}","{'bid': 599.72, 'ask': 599.85}",1303,599.74,600.27,599.72,600.26
2025-06-09 16:45:00,2025-06-09T17:45:00,2025-06-09T16:45:00,"{'bid': 600.26, 'ask': 600.38}","{'bid': 600.62, 'ask': 600.74}","{'bid': 601.03, 'ask': 601.16}","{'bid': 600.18, 'ask': 600.31}",2021,600.26,601.03,600.18,600.62
2025-06-09 17:00:00,2025-06-09T18:00:00,2025-06-09T17:00:00,"{'bid': 600.61, 'ask': 600.74}","{'bid': 600.61, 'ask': 600.74}","{'bid': 600.93, 'ask': 601.06}","{'bid': 600.43, 'ask': 600.55}",1947,600.61,600.93,600.43,600.61
2025-06-09 17:15:00,2025-06-09T18:15:00,2025-06-09T17:15:00,"{'bid': 600.6, 'ask': 600.73}","{'bid': 600.77, 'ask': 600.9}","{'bid': 601.06, 'ask': 601.19}","{'bid': 600.04, 'ask': 600.16}",2463,600.6,601.06,600.04,600.77
2025-06-09 17:30:00,2025-06-09T18:30:00,2025-06-09T17:30:00,"{'bid': 600.76, 'ask': 600.88}","{'bid': 600.96, 'ask': 601.09}","{'bid': 600.97, 'ask': 601.1}","{'bid': 600.49, 'ask': 600.62}",1795,600.76,600.97,600.49,600.96
2025-06-09 17:45:00,2025-06-09T18:45:00,2025-06-09T17:45:00,"{'bid': 600.95, 'ask': 601.08}","{'bid': 600.88, 'ask': 601.01}","{'bid': 601.15, 'ask': 601.28}","{'bid': 600.81, 'ask': 600.94}",1663,600.95,601.15,600.81,600.88
2025-06-09 18:00:00,2025-06-09T19:00:00,2025-06-09T18:00:00,"{'bid': 600.87, 'ask': 601.0}","{'bid': 600.98, 'ask': 601.11}","{'bid': 601.01, 'ask': 601.14}","{'bid': 600.67, 'ask': 600.79}",1681,600.87,601.01,600.67,600.98
2025-06-09 18:15:00,2025-06-09T19:15:00,2025-06-09T18:15:00,"{'bid': 600.97, 'ask': 601.1}","{'bid': 600.98, 'ask': 601.11}","{'bid': 601.18, 'ask': 601.31}","{'bid': 600.85, 'ask': 600.98}",1323,600.97,601.18,600.85,600.98
2025-06-09 18:30:00,2025-06-09T19:30:00,2025-06-09T18:30:00,"{'bid': 600.97, 'ask': 601.09}","{'bid': 600.57, 'ask': 600.69}","{'bid': 601.1, 'ask': 601.23}","{'bid': 600.28, 'ask': 600.41}",2027,600.97,601.1,600.28,600.57
2025-06-09 18:45:00,2025-06-09T19:45:00,2025-06-09T18:45:00,"{'bid': 600.57, 'ask': 600.7}","{'bid': 600.93, 'ask': 601.06}","{'bid': 601.16, 'ask': 601.29}","{'bid': 600.53, 'ask': 600.66}",1603,600.57,601.16,600.53,600.93
2025-06-09 19:00:00,2025-06-09T20:00:00,2025-06-09T19:00:00,"{'bid': 600.94, 'ask': 601.07}","{'bid': 600.58, 'ask': 600.71}","{'bid': 601.08, 'ask': 601.21}","{'bid': 600.55, 'ask': 600.67}",1499,600.94,601.08,600.55,600.58
2025-06-09 19:15:00,2025-06-09T20:15:00,2025-06-09T19:15:00,"{'bid': 600.58, 'ask': 600.7}","{'bid': 600.48, 'ask': 600.61}","{'bid': 600.67, 'ask': 600.8}","{'bid': 600.27, 'ask': 600.4}",1724,600.58,600.67,600.27,600.48
2025-06-09 19:30:00,2025-06-09T20:30:00,2025-06-09T19:30:00,"{'bid': 600.48, 'ask': 600.6}","{'bid': 600.13, 'ask': 600.25}","{'bid': 600.67, 'ask': 600.8}","{'bid': 600.05, 'ask': 600.17}",2317,600.48,600.67,600.05,600.13
2025-06-09 19:45:00,2025-06-09T20:45:00,2025-06-09T19:45:00,"{'bid': 600.12, 'ask': 600.25}","{'bid': 599.52, 'ask': 599.64}","{'bid': 600.6, 'ask': 600.74}","{'bid': 599.37, 'ask': 599.49}",3603,600.12,600.6,599.37,599.52
2025-06-09 20:00:00,2025-06-09T21:00:00,2025-06-09T20:00:00,"{'bid': 599.52, 'ask': 599.65}","{'bid': 599.37, 'ask': 599.49}","{'bid': 599.7, 'ask': 599.83}","{'bid': 599.17, 'ask': 599.3}",1282,599.52,599.7,599.17,599.37
2025-06-09 20:15:00,2025-06-09T21:15:00,2025-06-09T20:15:00,"{'bid': 599.36, 'ask': 599.49}","{'bid': 599.36, 'ask': 599.5}","{'bid': 599.42, 'ask': 599.56}","{'bid': 599.09, 'ask': 599.31}",386,599.36,599.42,599.09,599.36
2025-06-09 20:30:00,2025-06-09T21:30:00,2025-06-09T20:30:00,"{'bid': 599.35, 'ask': 599.49}","{'bid': 599.48, 'ask': 599.61}","{'bid': 599.5, 'ask': 599.64}","{'bid': 599.33, 'ask': 599.46}",262,599.35,599.5,599.33,599.48
2025-06-09 20:45:00,2025-06-09T21:45:00,2025-06-09T20:45:00,"{'bid': 599.49, 'ask': 599.63}","{'bid': 599.35, 'ask': 599.79}","{'bid': 599.62, 'ask': 599.79}","{'bid': 599.27, 'ask': 599.58}",177,599.49,599.62,599.27,599.35
2025-06-09 21:00:00,2025-06-09T22:00:00,2025-06-09T21:00:00,"{'bid': 599.24, 'ask': 599.79}","{'bid': 599.63, 'ask': 599.79}","{'bid': 599.67, 'ask': 599.9}","{'bid': 599.24, 'ask': 599.78}",14,599.24,599.67,599.24,599.63
2025-06-09 21:15:00,2025-06-09T22:15:00,2025-06-09T21:15:00,"{'bid': 599.63, 'ask': 599.8}","{'bid': 599.66, 'ask': 599.8}","{'bid': 599.66, 'ask': 599.8}","{'bid': 599.52, 'ask': 599.71}",23,599.63,599.66,599.52,599.66
2025-06-09 21:30:00,2025-06-09T22:30:00,2025-06-09T21:30:00,"{'bid': 599.66, 'ask': 599.79}","{'bid': 599.66, 'ask': 599.82}","{'bid': 599.7, 'ask': 599.86}","{'bid': 599.65, 'ask': 599.78}",12,599.66,599.7,599.65,599.66
2025-06-09 21:45:00,2025-06-09T22:45:00,2025-06-09T21:45:00,"{'bid': 599.66, 'ask': 599.81}","{'bid': 599.67, 'ask': 599.9}","{'bid': 599.7, 'ask': 599.9}","{'bid': 599.63, 'ask': 599.77}",15,599.66,599.7,599.63,599.67
2025-06-09 22:00:00,2025-06-09T23:00:00,2025-06-09T22:00:00,"{'bid': 599.59, 'ask': 599.9}","{'bid': 599.99, 'ask': 600.18}","{'bid': 600.07, 'ask': 600.27}","{'bid': 599.56, 'ask': 599.85}",289,599.59,600.07,599.56,599.99
2025-06-09 22:15:00,2025-06-09T23:15:00,2025-06-09T22:15:00,"{'bid': 600.0, 'ask': 600.18}","{'bid': 599.89, 'ask': 600.07}","{'bid': 600.12, 'ask': 600.3}","{'bid': 599.89, 'ask': 600.07}",102,600.0,600.12,599.89,599.89
2025-06-09 22:30:00,2025-06-09T23:30:00,2025-06-09T22:30:00,"{'bid': 599.88, 'ask': 600.09}","{'bid': 599.8, 'ask': 599.96}","{'bid': 599.92, 'ask': 600.09}","{'bid': 599.7, 'ask': 599.88}",210,599.88,599.92,599.7,599.8
2025-06-09 22:45:00,2025-06-09T23:45:00,2025-06-09T22:45:00,"{'bid': 599.81, 'ask': 599.96}","{'bid': 599.67, 'ask': 599.83}","{'bid': 599.82, 'ask': 599.97}","{'bid': 599.67, 'ask': 599.82}",143,599.81,599.82,599.67,599.67
2025-06-09 23:00:00,2025-06-10T00:00:00,2025-06-09T23:00:00,"{'bid': 599.69, 'ask': 599.85}","{'bid': 599.7, 'ask': 599.89}","{'bid': 599.81, 'ask': 599.98}","{'bid': 599.69, 'ask': 599.82}",130,599.69,599.81,599.69,599.7
2025-06-09 23:15:00,2025-06-10T00:15:00,2025-06-09T23:15:00,"{'bid': 599.7, 'ask': 599.88}","{'bid': 599.83, 'ask': 599.98}","{'bid': 599.84, 'ask': 600.0}","{'bid': 599.7, 'ask': 599.88}",108,599.7,599.84,599.7,599.83
2025-06-09 23:30:00,2025-06-10T00:30:00,2025-06-09T23:30:00,"{'bid': 599.83, 'ask': 599.97}","{'bid': 599.78, 'ask': 599.96}","{'bid': 599.87, 'ask': 600.03}","{'bid': 599.78, 'ask': 599.92}",114,599.83,599.87,599.78,599.78
2025-06-09 23:45:00,2025-06-10T00:45:00,2025-06-09T23:45:00,"{'bid': 599.79, 'ask': 599.96}","{'bid': 599.8, 'ask': 599.95}","{'bid': 599.89, 'ask': 600.04}","{'bid': 599.75, 'ask': 599.9}",207,599.79,599.89,599.75,599.8
2025-06-10 08:00:00,2025-06-10T09:00:00,2025-06-10T08:00:00,"{'bid': 598.95, 'ask': 599.08}","{'bid': 598.26, 'ask': 598.41}","{'bid': 599.27, 'ask': 600.0}","{'bid': 598.16, 'ask': 598.36}",1259,598.95,599.27,598.16,598.26
2025-06-10 08:15:00,2025-06-10T09:15:00,2025-06-10T08:15:00,"{'bid': 598.26, 'ask': 598.4}","{'bid': 598.95, 'ask': 599.12}","{'bid': 599.0, 'ask': 599.45}","{'bid': 598.18, 'ask': 598.35}",1344,598.26,599.0,598.18,598.95
2025-06-10 08:30:00,2025-06-10T09:30:00,2025-06-10T08:30:00,"{'bid': 598.94, 'ask': 599.12}","{'bid': 599.33, 'ask': 599.5}","{'bid': 599.46, 'ask': 600.05}","{'bid': 598.84, 'ask': 599.01}",834,598.94,599.46,598.84,599.33
2025-06-10 08:45:00,2025-06-10T09:45:00,2025-06-10T08:45:00,"{'bid': 599.33, 'ask': 599.49}","{'bid': 599.34, 'ask': 599.52}","{'bid': 599.53, 'ask': 600.05}","{'bid': 599.08, 'ask': 599.27}",866,599.33,599.53,599.08,599.34
2025-06-10 09:00:00,2025-06-10T10:00:00,2025-06-10T09:00:00,"{'bid': 599.33, 'ask': 599.52}","{'bid': 599.71, 'ask': 599.88}","{'bid': 599.76, 'ask': 600.35}","{'bid': 599.15, 'ask': 599.33}",601,599.33,599.76,599.15,599.71
2025-06-10 09:15:00,2025-06-10T10:15:00,2025-06-10T09:15:00,"{'bid': 599.71, 'ask': 599.87}","{'bid': 599.77, 'ask': 599.95}","{'bid': 599.85, 'ask': 600.35}","{'bid': 599.58, 'ask': 599.77}",392,599.71,599.85,599.58,599.77
2025-06-10 09:30:00,2025-06-10T10:30:00,2025-06-10T09:30:00,"{'bid': 599.77, 'ask': 600.35}","{'bid': 599.79, 'ask': 599.96}","{'bid': 599.9, 'ask': 600.35}","{'bid': 599.59, 'ask': 599.82}",429,599.77,599.9,599.59,599.79
2025-06-10 09:45:00,2025-06-10T10:45:00,2025-06-10T09:45:00,"{'bid': 599.77, 'ask': 599.94}","{'bid': 599.58, 'ask': 599.85}","{'bid': 599.87, 'ask': 600.35}","{'bid': 599.53, 'ask': 599.75}",441,599.77,599.87,599.53,599.58
2025-06-10 10:00:00,2025-06-10T11:00:00,2025-06-10T10:00:00,"{'bid': 599.65, 'ask': 599.85}","{'bid': 600.06, 'ask': 600.23}","{'bid': 600.14, 'ask': 600.65}","{'bid': 599.65, 'ask': 599.85}",650,599.65,600.14,599.65,600.06
2025-06-10 10:15:00,2025-06-10T11:15:00,2025-06-10T10:15:00,"{'bid': 600.07, 'ask': 600.23}","{'bid': 599.97, 'ask': 600.13}","{'bid': 600.28, 'ask': 600.65}","{'bid': 599.84, 'ask': 600.01}",430,600.07,600.28,599.84,599.97
2025-06-10 10:30:00,2025-06-10T11:30:00,2025-06-10T10:30:00,"{'bid': 599.97, 'ask': 600.14}","{'bid': 599.97, 'ask': 600.14}","{'bid': 600.11, 'ask': 600.65}","{'bid': 599.84, 'ask': 600.05}",510,599.97,600.11,599.84,599.97
2025-06-10 10:45:00,2025-06-10T11:45:00,2025-06-10T10:45:00,"{'bid': 599.98, 'ask': 600.14}","{'bid': 600.06, 'ask': 600.23}","{'bid': 600.07, 'ask': 600.25}","{'bid': 599.72, 'ask': 599.95}",539,599.98,600.07,599.72,600.06
2025-06-10 11:00:00,2025-06-10T12:00:00,2025-06-10T11:00:00,"{'bid': 600.06, 'ask': 600.24}","{'bid': 599.31, 'ask': 599.47}","{'bid': 600.15, 'ask': 600.65}","{'bid': 599.24, 'ask': 599.42}",948,600.06,600.15,599.24,599.31
2025-06-10 11:15:00,2025-06-10T12:15:00,2025-06-10T11:15:00,"{'bid': 599.3, 'ask': 599.46}","{'bid': 599.68, 'ask': 599.83}","{'bid': 599.7, 'ask': 600.05}","{'bid': 599.3, 'ask': 599.46}",611,599.3,599.7,599.3,599.68
2025-06-10 11:30:00,2025-06-10T12:30:00,2025-06-10T11:30:00,"{'bid': 599.68, 'ask': 599.84}","{'bid': 599.81, 'ask': 599.98}","{'bid': 600.25, 'ask': 600.45}","{'bid': 599.61, 'ask': 599.78}",716,599.68,600.25,599.61,599.81
2025-06-10 11:45:00,2025-06-10T12:45:00,2025-06-10T11:45:00,"{'bid': 599.8, 'ask': 599.97}","{'bid': 600.43, 'ask': 600.59}","{'bid': 600.43, 'ask': 600.95}","{'bid': 599.76, 'ask': 599.93}",611,599.8,600.43,599.76,600.43
2025-06-10 12:00:00,2025-06-10T13:00:00,2025-06-10T12:00:00,"{'bid': 600.39, 'ask': 600.57}","{'bid': 600.5, 'ask': 600.64}","{'bid': 600.57, 'ask': 600.95}","{'bid': 600.21, 'ask': 600.34}",662,600.39,600.57,600.21,600.5
2025-06-10 12:15:00,2025-06-10T13:15:00,2025-06-10T12:15:00,"{'bid': 600.49, 'ask': 600.66}","{'bid': 600.47, 'ask': 600.61}","{'bid': 600.58, 'ask': 600.73}","{'bid': 600.3, 'ask': 600.48}",617,600.49,600.58,600.3,600.47
2025-06-10 12:30:00,2025-06-10T13:30:00,2025-06-10T12:30:00,"{'bid': 600.46, 'ask': 600.61}","{'bid': 600.51, 'ask': 600.66}","{'bid': 600.64, 'ask': 600.8}","{'bid': 600.28, 'ask': 600.42}",558,600.46,600.64,600.28,600.51
2025-06-10 12:45:00,2025-06-10T13:45:00,2025-06-10T12:45:00,"{'bid': 600.52, 'ask': 600.66}","{'bid': 600.41, 'ask': 600.54}","{'bid': 600.73, 'ask': 601.05}","{'bid': 600.26, 'ask': 600.39}",578,600.52,600.73,600.26,600.41
2025-06-10 13:00:00,2025-06-10T14:00:00,2025-06-10T13:00:00,"{'bid': 600.43, 'ask': 600.58}","{'bid': 600.39, 'ask': 600.53}","{'bid': 600.58, 'ask': 600.73}","{'bid': 600.22, 'ask': 600.35}",640,600.43,600.58,600.22,600.39
2025-06-10 13:15:00,2025-06-10T14:15:00,2025-06-10T13:15:00,"{'bid': 600.38, 'ask': 600.51}","{'bid': 600.15, 'ask': 600.28}","{'bid': 600.56, 'ask': 600.69}","{'bid': 599.98, 'ask': 600.11}",932,600.38,600.56,599.98,600.15
2025-06-10 13:30:00,2025-06-10T14:30:00,2025-06-10T13:30:00,"{'bid': 600.17, 'ask': 600.5}","{'bid': 600.44, 'ask': 600.57}","{'bid': 600.92, 'ask': 601.04}","{'bid': 600.09, 'ask': 600.22}",5092,600.17,600.92,600.09,600.44
2025-06-10 13:45:00,2025-06-10T14:45:00,2025-06-10T13:45:00,"{'bid': 600.46, 'ask': 600.58}","{'bid': 600.51, 'ask': 600.64}","{'bid': 601.06, 'ask': 601.19}","{'bid': 600.27, 'ask': 600.39}",3820,600.46,601.06,600.27,600.51
2025-06-10 14:00:00,2025-06-10T15:00:00,2025-06-10T14:00:00,"{'bid': 600.5, 'ask': 600.63}","{'bid': 600.91, 'ask': 601.04}","{'bid': 601.05, 'ask': 601.17}","{'bid': 600.44, 'ask': 600.57}",3130,600.5,601.05,600.44,600.91
2025-06-10 14:15:00,2025-06-10T15:15:00,2025-06-10T14:15:00,"{'bid': 600.91, 'ask': 601.03}","{'bid': 601.12, 'ask': 601.25}","{'bid': 601.2, 'ask': 601.33}","{'bid': 600.82, 'ask': 600.95}",2519,600.91,601.2,600.82,601.12
2025-06-10 14:30:00,2025-06-10T15:30:00,2025-06-10T14:30:00,"{'bid': 601.13, 'ask': 601.26}","{'bid': 601.48, 'ask': 601.6}","{'bid': 601.58, 'ask': 601.71}","{'bid': 600.95, 'ask': 601.07}",2254,601.13,601.58,600.95,601.48
2025-06-10 14:45:00,2025-06-10T15:45:00,2025-06-10T14:45:00,"{'bid': 601.48, 'ask': 601.61}","{'bid': 601.0, 'ask': 601.12}","{'bid': 601.55, 'ask': 601.67}","{'bid': 600.96, 'ask': 601.08}",2354,601.48,601.55,600.96,601.0
2025-06-10 15:00:00,2025-06-10T16:00:00,2025-06-10T15:00:00,"{'bid': 601.0, 'ask': 601.13}","{'bid': 601.12, 'ask': 601.25}","{'bid': 601.43, 'ask': 601.56}","{'bid': 600.82, 'ask': 600.95}",2639,601.0,601.43,600.82,601.12
2025-06-10 15:15:00,2025-06-10T16:15:00,2025-06-10T15:15:00,"{'bid': 601.13, 'ask': 601.26}","{'bid': 601.1, 'ask': 601.23}","{'bid': 601.38, 'ask': 601.51}","{'bid': 600.99, 'ask': 601.12}",2159,601.13,601.38,600.99,601.1
2025-06-10 15:30:00,2025-06-10T16:30:00,2025-06-10T15:30:00,"{'bid': 601.09, 'ask': 601.22}","{'bid': 600.73, 'ask': 600.86}","{'bid': 601.09, 'ask': 601.22}","{'bid': 599.03, 'ask': 599.16}",5492,601.09,601.09,599.03,600.73
2025-06-10 15:45:00,2025-06-10T16:45:00,2025-06-10T15:45:00,"{'bid': 600.72, 'ask': 600.84}","{'bid': 601.2, 'ask': 601.33}","{'bid': 601.22, 'ask': 601.35}","{'bid': 600.6, 'ask': 600.73}",2371,600.72,601.22,600.6,601.2
2025-06-10 16:00:00,2025-06-10T17:00:00,2025-06-10T16:00:00,"{'bid': 601.21, 'ask': 601.33}","{'bid': 601.5, 'ask': 601.63}","{'bid': 601.74, 'ask': 601.86}","{'bid': 601.17, 'ask': 601.3}",2426,601.21,601.74,601.17,601.5
2025-06-10 16:15:00,2025-06-10T17:15:00,2025-06-10T16:15:00,"{'bid': 601.51, 'ask': 601.63}","{'bid': 601.81, 'ask': 601.94}","{'bid': 601.91, 'ask': 602.03}","{'bid': 601.4, 'ask': 601.53}",1742,601.51,601.91,601.4,601.81
2025-06-10 16:30:00,2025-06-10T17:30:00,2025-06-10T16:30:00,"{'bid': 601.82, 'ask': 601.95}","{'bid': 601.7, 'ask': 601.83}","{'bid': 602.01, 'ask': 602.13}","{'bid': 601.68, 'ask': 601.8}",1683,601.82,602.01,601.68,601.7
2025-06-10 16:45:00,2025-06-10T17:45:00,2025-06-10T16:45:00,"{'bid': 601.71, 'ask': 601.83}","{'bid': 602.1, 'ask': 602.23}","{'bid': 602.23, 'ask': 602.36}","{'bid': 601.71, 'ask': 601.83}",1469,601.71,602.23,601.71,602.1
2025-06-10 17:00:00,2025-06-10T18:00:00,2025-06-10T17:00:00,"{'bid': 602.11, 'ask': 602.23}","{'bid': 602.42, 'ask': 602.55}","{'bid': 602.6, 'ask': 602.73}","{'bid': 601.66, 'ask': 601.78}",1933,602.11,602.6,601.66,602.42
2025-06-10 17:15:00,2025-06-10T18:15:00,2025-06-10T17:15:00,"{'bid': 602.41, 'ask': 602.54}","{'bid': 601.85, 'ask': 601.97}","{'bid': 602.52, 'ask': 602.65}","{'bid': 601.79, 'ask': 601.92}",1808,602.41,602.52,601.79,601.85
2025-06-10 17:30:00,2025-06-10T18:30:00,2025-06-10T17:30:00,"{'bid': 601.86, 'ask': 601.99}","{'bid': 601.62, 'ask': 601.74}","{'bid': 601.94, 'ask': 602.07}","{'bid': 601.49, 'ask': 601.62}",1947,601.86,601.94,601.49,601.62
2025-06-10 17:45:00,2025-06-10T18:45:00,2025-06-10T17:45:00,"{'bid': 601.62, 'ask': 601.75}","{'bid': 601.25, 'ask': 601.38}","{'bid': 601.69, 'ask': 601.82}","{'bid': 601.2, 'ask': 601.33}",1751,601.62,601.69,601.2,601.25
2025-06-10 18:00:00,2025-06-10T19:00:00,2025-06-10T18:00:00,"{'bid': 601.26, 'ask': 601.38}","{'bid': 600.7, 'ask': 600.83}","{'bid': 601.27, 'ask': 601.39}","{'bid': 600.07, 'ask': 600.19}",4270,601.26,601.27,600.07,600.7
2025-06-10 18:15:00,2025-06-10T19:15:00,2025-06-10T18:15:00,"{'bid': 600.7, 'ask': 600.82}","{'bid': 600.86, 'ask': 600.98}","{'bid': 601.07, 'ask': 601.2}","{'bid': 600.64, 'ask': 600.76}",2017,600.7,601.07,600.64,600.86
2025-06-10 18:30:00,2025-06-10T19:30:00,2025-06-10T18:30:00,"{'bid': 600.84, 'ask': 600.96}","{'bid': 601.28, 'ask': 601.41}","{'bid': 601.35, 'ask': 601.47}","{'bid': 600.78, 'ask': 600.91}",2027,600.84,601.35,600.78,601.28
2025-06-10 18:45:00,2025-06-10T19:45:00,2025-06-10T18:45:00,"{'bid': 601.28, 'ask': 601.4}","{'bid': 602.35, 'ask': 602.47}","{'bid': 602.83, 'ask': 602.96}","{'bid': 601.22, 'ask': 601.35}",2559,601.28,602.83,601.22,602.35
2025-06-10 19:00:00,2025-06-10T20:00:00,2025-06-10T19:00:00,"{'bid': 602.32, 'ask': 602.45}","{'bid': 602.85, 'ask': 602.98}","{'bid': 603.41, 'ask': 603.53}","{'bid': 602.32, 'ask': 602.45}",2916,602.32,603.41,602.32,602.85
2025-06-10 19:15:00,2025-06-10T20:15:00,2025-06-10T19:15:00,"{'bid': 602.85, 'ask': 602.97}","{'bid': 602.57, 'ask': 602.7}","{'bid': 602.89, 'ask': 603.02}","{'bid': 602.24, 'ask': 602.37}",2810,602.85,602.89,602.24,602.57
2025-06-10 19:30:00,2025-06-10T20:30:00,2025-06-10T19:30:00,"{'bid': 602.59, 'ask': 602.72}","{'bid': 602.04, 'ask': 602.17}","{'bid': 602.6, 'ask': 602.72}","{'bid': 601.54, 'ask': 601.67}",2535,602.59,602.6,601.54,602.04
2025-06-10 19:45:00,2025-06-10T20:45:00,2025-06-10T19:45:00,"{'bid': 602.04, 'ask': 602.16}","{'bid': 602.98, 'ask': 603.1}","{'bid': 603.16, 'ask': 603.29}","{'bid': 601.71, 'ask': 601.84}",3711,602.04,603.16,601.71,602.98
2025-06-10 20:00:00,2025-06-10T21:00:00,2025-06-10T20:00:00,"{'bid': 602.99, 'ask': 603.12}","{'bid': 602.23, 'ask': 602.37}","{'bid': 603.01, 'ask': 603.13}","{'bid': 602.14, 'ask': 602.31}",1358,602.99,603.01,602.14,602.23
2025-06-10 20:15:00,2025-06-10T21:15:00,2025-06-10T20:15:00,"{'bid': 602.23, 'ask': 602.35}","{'bid': 602.49, 'ask': 602.63}","{'bid': 602.95, 'ask': 603.07}","{'bid': 602.23, 'ask': 602.35}",689,602.23,602.95,602.23,602.49
2025-06-10 20:30:00,2025-06-10T21:30:00,2025-06-10T20:30:00,"{'bid': 602.48, 'ask': 602.61}","{'bid': 602.59, 'ask': 602.73}","{'bid': 602.62, 'ask': 602.78}","{'bid': 602.14, 'ask': 602.57}",384,602.48,602.62,602.14,602.59
2025-06-10 20:45:00,2025-06-10T21:45:00,2025-06-10T20:45:00,"{'bid': 602.59, 'ask': 602.75}","{'bid': 602.55, 'ask': 602.7}","{'bid': 602.63, 'ask': 603.03}","{'bid': 602.43, 'ask': 602.57}",304,602.59,602.63,602.43,602.55
2025-06-10 21:00:00,2025-06-10T22:00:00,2025-06-10T21:00:00,"{'bid': 602.55, 'ask': 603.03}","{'bid': 602.47, 'ask': 602.7}","{'bid': 602.59, 'ask': 603.03}","{'bid': 602.14, 'ask': 602.66}",34,602.55,602.59,602.14,602.47
2025-06-10 21:15:00,2025-06-10T22:15:00,2025-06-10T21:15:00,"{'bid': 602.47, 'ask': 602.64}","{'bid': 602.45, 'ask': 602.59}","{'bid': 602.48, 'ask': 602.71}","{'bid': 602.44, 'ask': 602.57}",15,602.47,602.48,602.44,602.45
2025-06-10 21:30:00,2025-06-10T22:30:00,2025-06-10T21:30:00,"{'bid': 602.47, 'ask': 602.59}","{'bid': 602.45, 'ask': 602.59}","{'bid': 602.47, 'ask': 602.59}","{'bid': 602.45, 'ask': 602.59}",4,602.47,602.47,602.45,602.45
2025-06-10 21:45:00,2025-06-10T22:45:00,2025-06-10T21:45:00,"{'bid': 602.49, 'ask': 602.64}","{'bid': 602.14, 'ask': 602.65}","{'bid': 602.5, 'ask': 602.71}","{'bid': 602.14, 'ask': 602.55}",23,602.49,602.5,602.14,602.14
2025-06-10 22:00:00,2025-06-10T23:00:00,2025-06-10T22:00:00,"{'bid': 602.42, 'ask': 602.65}","{'bid': 602.53, 'ask': 602.71}","{'bid': 602.68, 'ask': 602.91}","{'bid': 602.41, 'ask': 602.62}",297,602.42,602.68,602.41,602.53
2025-06-10 22:15:00,2025-06-10T23:15:00,2025-06-10T22:15:00,"{'bid': 602.57, 'ask': 602.7}","{'bid': 602.48, 'ask': 602.66}","{'bid': 602.7, 'ask': 603.03}","{'bid': 602.45, 'ask': 602.63}",154,602.57,602.7,602.45,602.48
2025-06-10 22:30:00,2025-06-10T23:30:00,2025-06-10T22:30:00,"{'bid': 602.45, 'ask': 602.66}","{'bid': 602.53, 'ask': 602.72}","{'bid': 602.6, 'ask': 602.92}","{'bid': 602.26, 'ask': 602.53}",143,602.45,602.6,602.26,602.53
2025-06-10 22:45:00,2025-06-10T23:45:00,2025-06-10T22:45:00,"{'bid': 602.53, 'ask': 602.73}","{'bid': 603.02, 'ask': 603.35}","{'bid': 603.19, 'ask': 603.35}","{'bid': 602.43, 'ask': 602.68}",412,602.53,603.19,602.43,603.02
2025-06-10 23:00:00,2025-06-11T00:00:00,2025-06-10T23:00:00,"{'bid': 603.01, 'ask': 603.18}","{'bid': 602.7, 'ask': 602.87}","{'bid': 603.01, 'ask': 603.35}","{'bid': 601.54, 'ask': 601.89}",1008,603.01,603.01,601.54,602.7
2025-06-10 23:15:00,2025-06-11T00:15:00,2025-06-10T23:15:00,"{'bid': 602.7, 'ask': 602.89}","{'bid': 603.05, 'ask': 603.39}","{'bid': 603.59, 'ask': 604.25}","{'bid': 602.35, 'ask': 602.87}",561,602.7,603.59,602.35,603.05
2025-06-10 23:30:00,2025-06-11T00:30:00,2025-06-10T23:30:00,"{'bid': 603.06, 'ask': 603.38}","{'bid': 602.63, 'ask': 602.78}","{'bid': 603.08, 'ask': 603.41}","{'bid': 602.43, 'ask': 602.71}",495,603.06,603.08,602.43,602.63
2025-06-10 23:45:00,2025-06-11T00:45:00,2025-06-10T23:45:00,"{'bid': 602.63, 'ask': 602.77}","{'bid': 602.61, 'ask': 602.79}","{'bid': 602.65, 'ask': 603.05}","{'bid': 601.75, 'ask': 602.45}",552,602.63,602.65,601.75,602.61
2025-06-11 08:00:00,2025-06-11T09:00:00,2025-06-11T08:00:00,"{'bid': 601.86, 'ask': 602.45}","{'bid': 601.98, 'ask': 602.12}","{'bid': 602.12, 'ask': 602.74}","{'bid': 601.45, 'ask': 601.86}",697,601.86,602.12,601.45,601.98
2025-06-11 08:15:00,2025-06-11T09:15:00,2025-06-11T08:15:00,"{'bid': 601.98, 'ask': 602.13}","{'bid': 602.0, 'ask': 602.15}","{'bid': 602.1, 'ask': 602.45}","{'bid': 601.87, 'ask': 602.03}",434,601.98,602.1,601.87,602.0
2025-06-11 08:30:00,2025-06-11T09:30:00,2025-06-11T08:30:00,"{'bid': 602.0, 'ask': 602.14}","{'bid': 602.3, 'ask': 602.47}","{'bid': 602.62, 'ask': 603.05}","{'bid': 601.93, 'ask': 602.08}",540,602.0,602.62,601.93,602.3
2025-06-11 08:45:00,2025-06-11T09:45:00,2025-06-11T08:45:00,"{'bid': 602.3, 'ask': 602.46}","{'bid': 602.34, 'ask': 602.49}","{'bid': 602.5, 'ask': 603.05}","{'bid': 602.1, 'ask': 602.42}",303,602.3,602.5,602.1,602.34
2025-06-11 09:00:00,2025-06-11T10:00:00,2025-06-11T09:00:00,"{'bid': 602.35, 'ask': 602.5}","{'bid': 602.08, 'ask': 602.24}","{'bid': 602.44, 'ask': 603.05}","{'bid': 601.97, 'ask': 602.24}",537,602.35,602.44,601.97,602.08
2025-06-11 09:15:00,2025-06-11T10:15:00,2025-06-11T09:15:00,"{'bid': 602.07, 'ask': 602.24}","{'bid': 602.27, 'ask': 602.43}","{'bid': 602.32, 'ask': 602.46}","{'bid': 601.92, 'ask': 602.24}",323,602.07,602.32,601.92,602.27
2025-06-11 09:30:00,2025-06-11T10:30:00,2025-06-11T09:30:00,"{'bid': 602.27, 'ask': 602.44}","{'bid': 602.01, 'ask': 602.16}","{'bid': 602.38, 'ask': 602.75}","{'bid': 601.75, 'ask': 602.08}",375,602.27,602.38,601.75,602.01
2025-06-11 09:45:00,2025-06-11T10:45:00,2025-06-11T09:45:00,"{'bid': 602.02, 'ask': 602.17}","{'bid': 601.75, 'ask': 601.9}","{'bid': 602.05, 'ask': 602.22}","{'bid': 601.62, 'ask': 601.88}",280,602.02,602.05,601.62,601.75
2025-06-11 10:00:00,2025-06-11T11:00:00,2025-06-11T10:00:00,"{'bid': 601.74, 'ask': 601.9}","{'bid': 602.13, 'ask': 602.29}","{'bid': 602.16, 'ask': 602.3}","{'bid': 601.63, 'ask': 601.78}",358,601.74,602.16,601.63,602.13
2025-06-11 10:15:00,2025-06-11T11:15:00,2025-06-11T10:15:00,"{'bid': 602.12, 'ask': 602.28}","{'bid': 602.1, 'ask': 602.24}","{'bid': 602.19, 'ask': 602.45}","{'bid': 601.85, 'ask': 602.08}",249,602.12,602.19,601.85,602.1
2025-06-11 10:30:00,2025-06-11T11:30:00,2025-06-11T10:30:00,"{'bid': 602.1, 'ask': 602.26}","{'bid': 602.16, 'ask': 602.35}","{'bid': 602.18, 'ask': 602.75}","{'bid': 601.45, 'ask': 601.94}",356,602.1,602.18,601.45,602.16
2025-06-11 10:45:00,2025-06-11T11:45:00,2025-06-11T10:45:00,"{'bid': 602.16, 'ask': 602.36}","{'bid': 602.14, 'ask': 602.28}","{'bid': 602.27, 'ask': 602.75}","{'bid': 601.75, 'ask': 602.15}",450,602.16,602.27,601.75,602.14
2025-06-11 11:00:00,2025-06-11T12:00:00,2025-06-11T11:00:00,"{'bid': 602.15, 'ask': 602.3}","{'bid': 601.61, 'ask': 601.77}","{'bid': 602.19, 'ask': 602.75}","{'bid': 601.45, 'ask': 601.77}",419,602.15,602.19,601.45,601.61
2025-06-11 11:15:00,2025-06-11T12:15:00,2025-06-11T11:15:00,"{'bid': 601.59, 'ask': 601.76}","{'bid': 601.76, 'ask': 601.91}","{'bid': 601.8, 'ask': 602.11}","{'bid': 600.85, 'ask': 601.17}",944,601.59,601.8,600.85,601.76
2025-06-11 11:30:00,2025-06-11T12:30:00,2025-06-11T11:30:00,"{'bid': 601.78, 'ask': 601.94}","{'bid': 601.96, 'ask': 602.11}","{'bid': 602.12, 'ask': 602.27}","{'bid': 601.45, 'ask': 601.81}",628,601.78,602.12,601.45,601.96
2025-06-11 11:45:00,2025-06-11T12:45:00,2025-06-11T11:45:00,"{'bid': 601.94, 'ask': 602.09}","{'bid': 602.23, 'ask': 602.39}","{'bid': 602.45, 'ask': 603.05}","{'bid': 601.45, 'ask': 602.05}",529,601.94,602.45,601.45,602.23
2025-06-11 12:00:00,2025-06-11T13:00:00,2025-06-11T12:00:00,"{'bid': 602.24, 'ask': 602.39}","{'bid': 602.38, 'ask': 602.53}","{'bid': 603.56, 'ask': 604.25}","{'bid': 601.0, 'ask': 601.47}",2340,602.24,603.56,601.0,602.38
2025-06-11 12:15:00,2025-06-11T13:15:00,2025-06-11T12:15:00,"{'bid': 602.38, 'ask': 602.55}","{'bid': 602.46, 'ask': 602.93}","{'bid': 602.74, 'ask': 602.93}","{'bid': 601.75, 'ask': 602.0}",1634,602.38,602.74,601.75,602.46
2025-06-11 12:30:00,2025-06-11T13:30:00,2025-06-11T12:30:00,"{'bid': 602.37, 'ask': 602.71}","{'bid': 604.86, 'ask': 605.0}","{'bid': 606.22, 'ask': 606.55}","{'bid': 602.37, 'ask': 602.71}",3743,602.37,606.22,602.37,604.86
2025-06-11 12:45:00,2025-06-11T13:45:00,2025-06-11T12:45:00,"{'bid': 604.88, 'ask': 605.03}","{'bid': 604.48, 'ask': 604.63}","{'bid': 605.09, 'ask': 605.45}","{'bid': 604.17, 'ask': 604.33}",2147,604.88,605.09,604.17,604.48
2025-06-11 13:00:00,2025-06-11T14:00:00,2025-06-11T13:00:00,"{'bid': 604.48, 'ask': 604.62}","{'bid': 604.22, 'ask': 604.37}","{'bid': 604.69, 'ask': 605.14}","{'bid': 603.83, 'ask': 603.97}",1771,604.48,604.69,603.83,604.22
2025-06-11 13:15:00,2025-06-11T14:15:00,2025-06-11T13:15:00,"{'bid': 604.22, 'ask': 604.36}","{'bid': 604.11, 'ask': 604.24}","{'bid': 604.39, 'ask': 605.13}","{'bid': 603.83, 'ask': 604.05}",1395,604.22,604.39,603.83,604.11
2025-06-11 13:30:00,2025-06-11T14:30:00,2025-06-11T13:30:00,"{'bid': 604.07, 'ask': 604.24}","{'bid': 603.13, 'ask': 603.25}","{'bid': 604.15, 'ask': 604.3}","{'bid': 602.74, 'ask': 602.87}",6085,604.07,604.15,602.74,603.13
2025-06-11 13:45:00,2025-06-11T14:45:00,2025-06-11T13:45:00,"{'bid': 603.14, 'ask': 603.26}","{'bid': 603.58, 'ask': 603.71}","{'bid': 603.84, 'ask': 603.97}","{'bid': 602.17, 'ask': 602.3}",5213,603.14,603.84,602.17,603.58
2025-06-11 14:00:00,2025-06-11T15:00:00,2025-06-11T14:00:00,"{'bid': 603.61, 'ask': 603.73}","{'bid': 604.07, 'ask': 604.2}","{'bid': 604.1, 'ask': 604.22}","{'bid': 603.25, 'ask': 603.37}",4100,603.61,604.1,603.25,604.07
2025-06-11 14:15:00,2025-06-11T15:15:00,2025-06-11T14:15:00,"{'bid': 604.06, 'ask': 604.18}","{'bid': 604.67, 'ask': 604.8}","{'bid': 604.82, 'ask': 604.95}","{'bid': 603.95, 'ask': 604.08}",2811,604.06,604.82,603.95,604.67
2025-06-11 14:30:00,2025-06-11T15:30:00,2025-06-11T14:30:00,"{'bid': 604.69, 'ask': 604.81}","{'bid': 604.69, 'ask': 604.82}","{'bid': 604.75, 'ask': 604.88}","{'bid': 604.33, 'ask': 604.46}",2412,604.69,604.75,604.33,604.69
2025-06-11 14:45:00,2025-06-11T15:45:00,2025-06-11T14:45:00,"{'bid': 604.68, 'ask': 604.8}","{'bid': 604.64, 'ask': 604.77}","{'bid': 604.98, 'ask': 605.11}","{'bid': 604.54, 'ask': 604.67}",1970,604.68,604.98,604.54,604.64
2025-06-11 15:00:00,2025-06-11T16:00:00,2025-06-11T15:00:00,"{'bid': 604.63, 'ask': 604.75}","{'bid': 604.2, 'ask': 604.33}","{'bid': 604.92, 'ask': 605.05}","{'bid': 603.41, 'ask': 603.54}",3358,604.63,604.92,603.41,604.2
2025-06-11 15:15:00,2025-06-11T16:15:00,2025-06-11T15:15:00,"{'bid': 604.22, 'ask': 604.34}","{'bid': 604.17, 'ask': 604.29}","{'bid': 604.7, 'ask': 604.83}","{'bid': 604.06, 'ask': 604.19}",2588,604.22,604.7,604.06,604.17
2025-06-11 15:30:00,2025-06-11T16:30:00,2025-06-11T15:30:00,"{'bid': 604.18, 'ask': 604.3}","{'bid': 603.69, 'ask': 603.82}","{'bid': 604.38, 'ask': 604.5}","{'bid': 603.61, 'ask': 603.74}",2895,604.18,604.38,603.61,603.69
2025-06-11 15:45:00,2025-06-11T16:45:00,2025-06-11T15:45:00,"{'bid': 603.68, 'ask': 603.81}","{'bid': 603.52, 'ask': 603.64}","{'bid': 604.15, 'ask': 604.28}","{'bid': 603.18, 'ask': 603.3}",3108,603.68,604.15,603.18,603.52
2025-06-11 16:00:00,2025-06-11T17:00:00,2025-06-11T16:00:00,"{'bid': 603.54, 'ask': 603.66}","{'bid': 602.73, 'ask': 602.86}","{'bid': 603.8, 'ask': 603.93}","{'bid': 602.16, 'ask': 602.29}",4082,603.54,603.8,602.16,602.73
2025-06-11 16:15:00,2025-06-11T17:15:00,2025-06-11T16:15:00,"{'bid': 602.72, 'ask': 602.85}","{'bid': 603.15, 'ask': 603.28}","{'bid': 603.18, 'ask': 603.31}","{'bid': 601.9, 'ask': 602.03}",3598,602.72,603.18,601.9,603.15
2025-06-11 16:30:00,2025-06-11T17:30:00,2025-06-11T16:30:00,"{'bid': 603.14, 'ask': 603.27}","{'bid': 602.99, 'ask': 603.12}","{'bid': 603.48, 'ask': 603.61}","{'bid': 602.68, 'ask': 602.81}",2912,603.14,603.48,602.68,602.99
2025-06-11 16:45:00,2025-06-11T17:45:00,2025-06-11T16:45:00,"{'bid': 603.0, 'ask': 603.12}","{'bid': 603.36, 'ask': 603.48}","{'bid': 603.53, 'ask': 603.66}","{'bid': 602.85, 'ask': 602.98}",2438,603.0,603.53,602.85,603.36
2025-06-11 17:00:00,2025-06-11T18:00:00,2025-06-11T17:00:00,"{'bid': 603.35, 'ask': 603.48}","{'bid': 603.89, 'ask': 604.01}","{'bid': 604.23, 'ask': 604.36}","{'bid': 603.2, 'ask': 603.32}",2120,603.35,604.23,603.2,603.89
2025-06-11 17:15:00,2025-06-11T18:15:00,2025-06-11T17:15:00,"{'bid': 603.9, 'ask': 604.02}","{'bid': 604.28, 'ask': 604.41}","{'bid': 604.36, 'ask': 604.49}","{'bid': 603.69, 'ask': 603.82}",1841,603.9,604.36,603.69,604.28
2025-06-11 17:30:00,2025-06-11T18:30:00,2025-06-11T17:30:00,"{'bid': 604.29, 'ask': 604.41}","{'bid': 603.61, 'ask': 603.73}","{'bid': 604.38, 'ask': 604.51}","{'bid': 603.1, 'ask': 603.22}",2435,604.29,604.38,603.1,603.61
2025-06-11 17:45:00,2025-06-11T18:45:00,2025-06-11T17:45:00,"{'bid': 603.62, 'ask': 603.74}","{'bid': 602.45, 'ask': 602.57}","{'bid': 603.66, 'ask': 603.78}","{'bid': 602.29, 'ask': 602.42}",3732,603.62,603.66,602.29,602.45
2025-06-11 18:00:00,2025-06-11T19:00:00,2025-06-11T18:00:00,"{'bid': 602.45, 'ask': 602.58}","{'bid': 600.37, 'ask': 600.5}","{'bid': 602.71, 'ask': 602.83}","{'bid': 600.32, 'ask': 600.44}",7182,602.45,602.71,600.32,600.37
2025-06-11 18:15:00,2025-06-11T19:15:00,2025-06-11T18:15:00,"{'bid': 600.35, 'ask': 600.48}","{'bid': 600.66, 'ask': 600.79}","{'bid': 601.2, 'ask': 601.32}","{'bid': 599.21, 'ask': 599.33}",7117,600.35,601.2,599.21,600.66
2025-06-11 18:30:00,2025-06-11T19:30:00,2025-06-11T18:30:00,"{'bid': 600.68, 'ask': 600.8}","{'bid': 601.92, 'ask': 602.05}","{'bid': 601.97, 'ask': 602.1}","{'bid': 599.8, 'ask': 599.93}",6051,600.68,601.97,599.8,601.92
2025-06-11 18:45:00,2025-06-11T19:45:00,2025-06-11T18:45:00,"{'bid': 601.91, 'ask': 602.03}","{'bid': 600.74, 'ask': 600.87}","{'bid': 602.09, 'ask': 602.22}","{'bid': 600.61, 'ask': 600.73}",4376,601.91,602.09,600.61,600.74
2025-06-11 19:00:00,2025-06-11T20:00:00,2025-06-11T19:00:00,"{'bid': 600.74, 'ask': 600.86}","{'bid': 600.82, 'ask': 600.94}","{'bid': 600.93, 'ask': 601.06}","{'bid': 599.86, 'ask': 599.99}",5221,600.74,600.93,599.86,600.82
2025-06-11 19:15:00,2025-06-11T20:15:00,2025-06-11T19:15:00,"{'bid': 600.8, 'ask': 600.92}","{'bid': 600.42, 'ask': 600.55}","{'bid': 601.06, 'ask': 601.18}","{'bid': 600.04, 'ask': 600.17}",5017,600.8,601.06,600.04,600.42
2025-06-11 19:30:00,2025-06-11T20:30:00,2025-06-11T19:30:00,"{'bid': 600.43, 'ask': 600.55}","{'bid': 600.68, 'ask': 600.8}","{'bid': 600.91, 'ask': 601.03}","{'bid': 599.67, 'ask': 599.8}",4755,600.43,600.91,599.67,600.68
2025-06-11 19:45:00,2025-06-11T20:45:00,2025-06-11T19:45:00,"{'bid': 600.67, 'ask': 600.8}","{'bid': 601.36, 'ask': 601.48}","{'bid': 601.52, 'ask': 601.65}","{'bid': 600.19, 'ask': 600.34}",6163,600.67,601.52,600.19,601.36
2025-06-11 20:00:00,2025-06-11T21:00:00,2025-06-11T20:00:00,"{'bid': 601.35, 'ask': 601.48}","{'bid': 601.46, 'ask': 601.6}","{'bid': 601.54, 'ask': 602.05}","{'bid': 600.55, 'ask': 601.13}",1763,601.35,601.54,600.55,601.46
2025-06-11 20:15:00,2025-06-11T21:15:00,2025-06-11T20:15:00,"{'bid': 601.48, 'ask': 601.63}","{'bid': 601.66, 'ask': 601.8}","{'bid': 601.94, 'ask': 602.21}","{'bid': 601.42, 'ask': 601.56}",719,601.48,601.94,601.42,601.66
2025-06-11 20:30:00,2025-06-11T21:30:00,2025-06-11T20:30:00,"{'bid': 601.66, 'ask': 601.78}","{'bid': 601.33, 'ask': 601.47}","{'bid': 601.69, 'ask': 601.85}","{'bid': 600.85, 'ask': 601.34}",574,601.66,601.69,600.85,601.33
2025-06-11 20:45:00,2025-06-11T21:45:00,2025-06-11T20:45:00,"{'bid': 601.32, 'ask': 601.46}","{'bid': 601.29, 'ask': 601.85}","{'bid': 601.36, 'ask': 601.85}","{'bid': 600.95, 'ask': 601.34}",382,601.32,601.36,600.95,601.29
2025-06-11 21:00:00,2025-06-11T22:00:00,2025-06-11T21:00:00,"{'bid': 600.95, 'ask': 601.85}","{'bid': 601.48, 'ask': 601.61}","{'bid': 601.48, 'ask': 601.85}","{'bid': 600.95, 'ask': 601.54}",32,600.95,601.48,600.95,601.48
2025-06-11 21:15:00,2025-06-11T22:15:00,2025-06-11T21:15:00,"{'bid': 601.3, 'ask': 601.59}","{'bid': 600.89, 'ask': 601.3}","{'bid': 601.45, 'ask': 601.7}","{'bid': 600.89, 'ask': 601.05}",95,601.3,601.45,600.89,600.89
2025-06-11 21:30:00,2025-06-11T22:30:00,2025-06-11T21:30:00,"{'bid': 600.77, 'ask': 601.3}","{'bid': 600.91, 'ask': 601.22}","{'bid': 601.02, 'ask': 601.3}","{'bid': 600.77, 'ask': 601.04}",30,600.77,601.02,600.77,600.91
2025-06-11 21:45:00,2025-06-11T22:45:00,2025-06-11T21:45:00,"{'bid': 600.92, 'ask': 601.22}","{'bid': 600.85, 'ask': 601.12}","{'bid': 600.97, 'ask': 601.22}","{'bid': 600.85, 'ask': 601.0}",43,600.92,600.97,600.85,600.85
2025-06-11 22:00:00,2025-06-11T23:00:00,2025-06-11T22:00:00,"{'bid': 600.45, 'ask': 601.12}","{'bid': 601.13, 'ask': 601.3}","{'bid': 601.14, 'ask': 601.49}","{'bid': 600.45, 'ask': 600.69}",596,600.45,601.14,600.45,601.13
2025-06-11 22:15:00,2025-06-11T23:15:00,2025-06-11T22:15:00,"{'bid': 601.11, 'ask': 601.3}","{'bid': 601.49, 'ask': 601.66}","{'bid': 601.49, 'ask': 601.85}","{'bid': 600.99, 'ask': 601.16}",271,601.11,601.49,600.99,601.49
2025-06-11 22:30:00,2025-06-11T23:30:00,2025-06-11T22:30:00,"{'bid': 601.46, 'ask': 601.66}","{'bid': 601.29, 'ask': 601.47}","{'bid': 601.65, 'ask': 601.85}","{'bid': 601.15, 'ask': 601.35}",291,601.46,601.65,601.15,601.29
2025-06-11 22:45:00,2025-06-11T23:45:00,2025-06-11T22:45:00,"{'bid': 601.26, 'ask': 601.59}","{'bid': 600.36, 'ask': 600.51}","{'bid': 601.3, 'ask': 601.59}","{'bid': 600.07, 'ask': 600.27}",654,601.26,601.3,600.07,600.36
2025-06-11 23:00:00,2025-06-12T00:00:00,2025-06-11T23:00:00,"{'bid': 600.35, 'ask': 600.49}","{'bid': 600.28, 'ask': 600.46}","{'bid': 600.48, 'ask': 600.68}","{'bid': 599.95, 'ask': 600.13}",754,600.35,600.48,599.95,600.28
2025-06-11 23:15:00,2025-06-12T00:15:00,2025-06-11T23:15:00,"{'bid': 600.28, 'ask': 600.45}","{'bid': 600.18, 'ask': 600.39}","{'bid': 600.38, 'ask': 600.54}","{'bid': 600.04, 'ask': 600.21}",476,600.28,600.38,600.04,600.18
2025-06-11 23:30:00,2025-06-12T00:30:00,2025-06-11T23:30:00,"{'bid': 600.17, 'ask': 600.39}","{'bid': 600.78, 'ask': 600.94}","{'bid': 600.96, 'ask': 601.13}","{'bid': 600.17, 'ask': 600.39}",448,600.17,600.96,600.17,600.78
2025-06-11 23:45:00,2025-06-12T00:45:00,2025-06-11T23:45:00,"{'bid': 600.77, 'ask': 600.94}","{'bid': 600.32, 'ask': 600.49}","{'bid': 600.79, 'ask': 600.96}","{'bid': 600.31, 'ask': 600.49}",429,600.77,600.79,600.31,600.32
2025-06-12 08:00:00,2025-06-12T09:00:00,2025-06-12T08:00:00,"{'bid': 598.47, 'ask': 598.67}","{'bid': 598.34, 'ask': 598.53}","{'bid': 598.84, 'ask': 599.45}","{'bid': 596.95, 'ask': 597.59}",2020,598.47,598.84,596.95,598.34
2025-06-12 08:15:00,2025-06-12T09:15:00,2025-06-12T08:15:00,"{'bid': 598.34, 'ask': 598.52}","{'bid': 598.1, 'ask': 598.26}","{'bid': 598.38, 'ask': 598.85}","{'bid': 597.84, 'ask': 598.02}",1423,598.34,598.38,597.84,598.1
2025-06-12 08:30:00,2025-06-12T09:30:00,2025-06-12T08:30:00,"{'bid': 598.11, 'ask': 598.26}","{'bid': 598.37, 'ask': 598.52}","{'bid': 598.49, 'ask': 599.14}","{'bid': 597.65, 'ask': 597.95}",1062,598.11,598.49,597.65,598.37
2025-06-12 08:45:00,2025-06-12T09:45:00,2025-06-12T08:45:00,"{'bid': 598.36, 'ask': 598.54}","{'bid': 599.02, 'ask': 599.19}","{'bid': 599.14, 'ask': 599.75}","{'bid': 598.26, 'ask': 598.42}",701,598.36,599.14,598.26,599.02
2025-06-12 09:00:00,2025-06-12T10:00:00,2025-06-12T09:00:00,"{'bid': 599.03, 'ask': 599.19}","{'bid': 599.11, 'ask': 599.27}","{'bid': 599.34, 'ask': 599.75}","{'bid': 598.97, 'ask': 599.13}",475,599.03,599.34,598.97,599.11
2025-06-12 09:15:00,2025-06-12T10:15:00,2025-06-12T09:15:00,"{'bid': 599.11, 'ask': 599.26}","{'bid': 599.04, 'ask': 599.19}","{'bid': 599.21, 'ask': 599.75}","{'bid': 598.45, 'ask': 598.82}",638,599.11,599.21,598.45,599.04
2025-06-12 09:30:00,2025-06-12T10:30:00,2025-06-12T09:30:00,"{'bid': 599.02, 'ask': 599.17}","{'bid': 599.18, 'ask': 599.34}","{'bid': 599.72, 'ask': 600.05}","{'bid': 598.85, 'ask': 599.05}",1003,599.02,599.72,598.85,599.18
2025-06-12 09:45:00,2025-06-12T10:45:00,2025-06-12T09:45:00,"{'bid': 599.14, 'ask': 599.33}","{'bid': 598.88, 'ask': 599.04}","{'bid': 599.37, 'ask': 599.75}","{'bid': 598.79, 'ask': 598.95}",897,599.14,599.37,598.79,598.88
2025-06-12 10:00:00,2025-06-12T11:00:00,2025-06-12T10:00:00,"{'bid': 598.87, 'ask': 599.03}","{'bid': 598.67, 'ask': 598.84}","{'bid': 599.07, 'ask': 599.25}","{'bid': 598.32, 'ask': 598.49}",1078,598.87,599.07,598.32,598.67
2025-06-12 10:15:00,2025-06-12T11:15:00,2025-06-12T10:15:00,"{'bid': 598.67, 'ask': 599.1}","{'bid': 598.32, 'ask': 598.48}","{'bid': 599.02, 'ask': 599.25}","{'bid': 597.94, 'ask': 598.18}",945,598.67,599.02,597.94,598.32
2025-06-12 10:30:00,2025-06-12T11:30:00,2025-06-12T10:30:00,"{'bid': 598.34, 'ask': 598.49}","{'bid': 598.72, 'ask': 598.9}","{'bid': 598.76, 'ask': 599.15}","{'bid': 598.07, 'ask': 598.3}",888,598.34,598.76,598.07,598.72
2025-06-12 10:45:00,2025-06-12T11:45:00,2025-06-12T10:45:00,"{'bid': 598.72, 'ask': 598.88}","{'bid': 598.68, 'ask': 598.84}","{'bid': 599.1, 'ask': 599.45}","{'bid': 598.15, 'ask': 598.73}",695,598.72,599.1,598.15,598.68
2025-06-12 11:00:00,2025-06-12T12:00:00,2025-06-12T11:00:00,"{'bid': 598.64, 'ask': 598.83}","{'bid': 598.34, 'ask': 598.52}","{'bid': 598.95, 'ask': 599.15}","{'bid': 597.85, 'ask': 598.35}",962,598.64,598.95,597.85,598.34
2025-06-12 11:15:00,2025-06-12T12:15:00,2025-06-12T11:15:00,"{'bid': 598.32, 'ask': 598.48}","{'bid': 598.16, 'ask': 598.32}","{'bid': 598.55, 'ask': 598.85}","{'bid': 597.85, 'ask': 598.2}",795,598.32,598.55,597.85,598.16
2025-06-12 11:30:00,2025-06-12T12:30:00,2025-06-12T11:30:00,"{'bid': 598.17, 'ask': 598.35}","{'bid': 598.33, 'ask': 598.47}","{'bid': 598.35, 'ask': 598.85}","{'bid': 597.55, 'ask': 597.95}",1051,598.17,598.35,597.55,598.33
2025-06-12 11:45:00,2025-06-12T12:45:00,2025-06-12T11:45:00,"{'bid': 598.31, 'ask': 598.47}","{'bid': 597.73, 'ask': 597.89}","{'bid': 598.48, 'ask': 598.85}","{'bid': 597.58, 'ask': 597.74}",1035,598.31,598.48,597.58,597.73
2025-06-12 12:00:00,2025-06-12T13:00:00,2025-06-12T12:00:00,"{'bid': 597.71, 'ask': 597.87}","{'bid': 598.35, 'ask': 598.5}","{'bid': 598.45, 'ask': 598.85}","{'bid': 597.71, 'ask': 597.87}",955,597.71,598.45,597.71,598.35
2025-06-12 12:15:00,2025-06-12T13:15:00,2025-06-12T12:15:00,"{'bid': 598.35, 'ask': 598.49}","{'bid': 598.22, 'ask': 598.41}","{'bid': 598.38, 'ask': 598.85}","{'bid': 597.58, 'ask': 598.14}",927,598.35,598.38,597.58,598.22
2025-06-12 12:30:00,2025-06-12T13:30:00,2025-06-12T12:30:00,"{'bid': 598.24, 'ask': 598.41}","{'bid': 599.82, 'ask': 599.95}","{'bid': 599.87, 'ask': 600.35}","{'bid': 597.58, 'ask': 598.13}",2247,598.24,599.87,597.58,599.82
2025-06-12 12:45:00,2025-06-12T13:45:00,2025-06-12T12:45:00,"{'bid': 599.81, 'ask': 599.95}","{'bid': 599.92, 'ask': 600.06}","{'bid': 600.08, 'ask': 600.65}","{'bid': 599.23, 'ask': 599.63}",1236,599.81,600.08,599.23,599.92
2025-06-12 13:00:00,2025-06-12T14:00:00,2025-06-12T13:00:00,"{'bid': 599.91, 'ask': 600.05}","{'bid': 599.92, 'ask': 600.07}","{'bid': 600.65, 'ask': 600.93}","{'bid': 599.65, 'ask': 599.84}",1322,599.91,600.65,599.65,599.92
2025-06-12 13:15:00,2025-06-12T14:15:00,2025-06-12T13:15:00,"{'bid': 599.93, 'ask': 600.07}","{'bid': 599.93, 'ask': 600.07}","{'bid': 600.08, 'ask': 600.65}","{'bid': 599.69, 'ask': 599.93}",1195,599.93,600.08,599.69,599.93
2025-06-12 13:30:00,2025-06-12T14:30:00,2025-06-12T13:30:00,"{'bid': 599.95, 'ask': 600.64}","{'bid': 600.65, 'ask': 600.77}","{'bid': 600.76, 'ask': 600.89}","{'bid': 599.46, 'ask': 599.59}",6021,599.95,600.76,599.46,600.65
2025-06-12 13:45:00,2025-06-12T14:45:00,2025-06-12T13:45:00,"{'bid': 600.63, 'ask': 600.76}","{'bid': 600.7, 'ask': 600.83}","{'bid': 601.18, 'ask': 601.3}","{'bid': 600.29, 'ask': 600.42}",4231,600.63,601.18,600.29,600.7
2025-06-12 14:00:00,2025-06-12T15:00:00,2025-06-12T14:00:00,"{'bid': 600.68, 'ask': 600.81}","{'bid': 601.81, 'ask': 601.93}","{'bid': 601.86, 'ask': 601.99}","{'bid': 600.54, 'ask': 600.67}",4171,600.68,601.86,600.54,601.81
2025-06-12 14:15:00,2025-06-12T15:15:00,2025-06-12T14:15:00,"{'bid': 601.8, 'ask': 601.93}","{'bid': 602.42, 'ask': 602.55}","{'bid': 602.57, 'ask': 602.7}","{'bid': 601.73, 'ask': 601.85}",3204,601.8,602.57,601.73,602.42
2025-06-12 14:30:00,2025-06-12T15:30:00,2025-06-12T14:30:00,"{'bid': 602.44, 'ask': 602.57}","{'bid': 602.89, 'ask': 603.02}","{'bid': 603.05, 'ask': 603.18}","{'bid': 602.3, 'ask': 602.42}",2755,602.44,603.05,602.3,602.89
2025-06-12 14:45:00,2025-06-12T15:45:00,2025-06-12T14:45:00,"{'bid': 602.89, 'ask': 603.01}","{'bid': 602.58, 'ask': 602.71}","{'bid': 603.05, 'ask': 603.18}","{'bid': 602.52, 'ask': 602.64}",2041,602.89,603.05,602.52,602.58
2025-06-12 15:00:00,2025-06-12T16:00:00,2025-06-12T15:00:00,"{'bid': 602.59, 'ask': 602.72}","{'bid': 603.12, 'ask': 603.25}","{'bid': 603.55, 'ask': 603.68}","{'bid': 602.59, 'ask': 602.72}",2832,602.59,603.55,602.59,603.12
2025-06-12 15:15:00,2025-06-12T16:15:00,2025-06-12T15:15:00,"{'bid': 603.13, 'ask': 603.26}","{'bid': 602.37, 'ask': 602.5}","{'bid': 603.23, 'ask': 603.36}","{'bid': 601.49, 'ask': 601.61}",4604,603.13,603.23,601.49,602.37
2025-06-12 15:30:00,2025-06-12T16:30:00,2025-06-12T15:30:00,"{'bid': 602.38, 'ask': 602.5}","{'bid': 602.3, 'ask': 602.43}","{'bid': 602.55, 'ask': 602.67}","{'bid': 601.9, 'ask': 602.03}",3430,602.38,602.55,601.9,602.3
2025-06-12 15:45:00,2025-06-12T16:45:00,2025-06-12T15:45:00,"{'bid': 602.3, 'ask': 602.42}","{'bid': 602.41, 'ask': 602.54}","{'bid': 602.49, 'ask': 602.61}","{'bid': 601.67, 'ask': 601.8}",3000,602.3,602.49,601.67,602.41
2025-06-12 16:00:00,2025-06-12T17:00:00,2025-06-12T16:00:00,"{'bid': 602.43, 'ask': 602.55}","{'bid': 602.85, 'ask': 602.98}","{'bid': 603.14, 'ask': 603.27}","{'bid': 601.85, 'ask': 601.98}",3574,602.43,603.14,601.85,602.85
2025-06-12 16:15:00,2025-06-12T17:15:00,2025-06-12T16:15:00,"{'bid': 602.86, 'ask': 602.99}","{'bid': 602.94, 'ask': 603.07}","{'bid': 603.1, 'ask': 603.22}","{'bid': 602.11, 'ask': 602.24}",2873,602.86,603.1,602.11,602.94
2025-06-12 16:30:00,2025-06-12T17:30:00,2025-06-12T16:30:00,"{'bid': 602.92, 'ask': 603.05}","{'bid': 603.12, 'ask': 603.25}","{'bid': 603.3, 'ask': 603.45}","{'bid': 601.98, 'ask': 602.12}",3341,602.92,603.3,601.98,603.12
2025-06-12 16:45:00,2025-06-12T17:45:00,2025-06-12T16:45:00,"{'bid': 603.13, 'ask': 603.26}","{'bid': 602.38, 'ask': 602.5}","{'bid': 603.23, 'ask': 603.35}","{'bid': 602.32, 'ask': 602.44}",2635,603.13,603.23,602.32,602.38
2025-06-12 17:00:00,2025-06-12T18:00:00,2025-06-12T17:00:00,"{'bid': 602.4, 'ask': 602.53}","{'bid': 603.08, 'ask': 603.2}","{'bid': 603.22, 'ask': 603.35}","{'bid': 602.3, 'ask': 602.42}",2336,602.4,603.22,602.3,603.08
2025-06-12 17:15:00,2025-06-12T18:15:00,2025-06-12T17:15:00,"{'bid': 603.06, 'ask': 603.19}","{'bid': 602.92, 'ask': 603.05}","{'bid': 603.27, 'ask': 603.4}","{'bid': 602.69, 'ask': 602.81}",1887,603.06,603.27,602.69,602.92
2025-06-12 17:30:00,2025-06-12T18:30:00,2025-06-12T17:30:00,"{'bid': 602.92, 'ask': 603.04}","{'bid': 603.32, 'ask': 603.45}","{'bid': 603.5, 'ask': 603.63}","{'bid': 602.88, 'ask': 603.0}",1870,602.92,603.5,602.88,603.32
2025-06-12 17:45:00,2025-06-12T18:45:00,2025-06-12T17:45:00,"{'bid': 603.33, 'ask': 603.45}","{'bid': 603.05, 'ask': 603.18}","{'bid': 603.38, 'ask': 603.51}","{'bid': 602.89, 'ask': 603.02}",1678,603.33,603.38,602.89,603.05
2025-06-12 18:00:00,2025-06-12T19:00:00,2025-06-12T18:00:00,"{'bid': 603.05, 'ask': 603.17}","{'bid': 603.04, 'ask': 603.17}","{'bid': 603.36, 'ask': 603.49}","{'bid': 602.93, 'ask': 603.05}",1662,603.05,603.36,602.93,603.04
2025-06-12 18:15:00,2025-06-12T19:15:00,2025-06-12T18:15:00,"{'bid': 603.04, 'ask': 603.16}","{'bid': 602.75, 'ask': 602.87}","{'bid': 603.25, 'ask': 603.38}","{'bid': 602.36, 'ask': 602.49}",2007,603.04,603.25,602.36,602.75
2025-06-12 18:30:00,2025-06-12T19:30:00,2025-06-12T18:30:00,"{'bid': 602.76, 'ask': 602.89}","{'bid': 602.72, 'ask': 602.85}","{'bid': 603.09, 'ask': 603.22}","{'bid': 602.4, 'ask': 602.53}",2466,602.76,603.09,602.4,602.72
2025-06-12 18:45:00,2025-06-12T19:45:00,2025-06-12T18:45:00,"{'bid': 602.73, 'ask': 602.86}","{'bid': 603.27, 'ask': 603.39}","{'bid': 603.3, 'ask': 603.43}","{'bid': 602.56, 'ask': 602.68}",1872,602.73,603.3,602.56,603.27
2025-06-12 19:00:00,2025-06-12T20:00:00,2025-06-12T19:00:00,"{'bid': 603.26, 'ask': 603.39}","{'bid': 603.19, 'ask': 603.32}","{'bid': 603.43, 'ask': 603.56}","{'bid': 603.11, 'ask': 603.23}",1599,603.26,603.43,603.11,603.19
2025-06-12 19:15:00,2025-06-12T20:15:00,2025-06-12T19:15:00,"{'bid': 603.2, 'ask': 603.32}","{'bid': 603.23, 'ask': 603.36}","{'bid': 603.5, 'ask': 603.63}","{'bid': 603.02, 'ask': 603.14}",1649,603.2,603.5,603.02,603.23
2025-06-12 19:30:00,2025-06-12T20:30:00,2025-06-12T19:30:00,"{'bid': 603.22, 'ask': 603.35}","{'bid': 602.7, 'ask': 602.83}","{'bid': 603.22, 'ask': 603.35}","{'bid': 602.67, 'ask': 602.8}",1965,603.22,603.22,602.67,602.7
2025-06-12 19:45:00,2025-06-12T20:45:00,2025-06-12T19:45:00,"{'bid': 602.68, 'ask': 602.81}","{'bid': 603.65, 'ask': 603.78}","{'bid': 603.65, 'ask': 603.78}","{'bid': 602.33, 'ask': 602.45}",3222,602.68,603.65,602.33,603.65
2025-06-12 20:00:00,2025-06-12T21:00:00,2025-06-12T20:00:00,"{'bid': 603.64, 'ask': 603.77}","{'bid': 603.36, 'ask': 603.5}","{'bid': 603.65, 'ask': 603.77}","{'bid': 603.33, 'ask': 603.46}",1311,603.64,603.65,603.33,603.36
2025-06-12 20:15:00,2025-06-12T21:15:00,2025-06-12T20:15:00,"{'bid': 603.36, 'ask': 603.49}","{'bid': 602.96, 'ask': 603.1}","{'bid': 603.38, 'ask': 603.61}","{'bid': 602.95, 'ask': 603.09}",352,603.36,603.38,602.95,602.96
2025-06-12 20:30:00,2025-06-12T21:30:00,2025-06-12T20:30:00,"{'bid': 602.98, 'ask': 603.11}","{'bid': 602.95, 'ask': 603.1}","{'bid': 603.11, 'ask': 603.3}","{'bid': 602.35, 'ask': 603.03}",262,602.98,603.11,602.35,602.95
2025-06-12 20:45:00,2025-06-12T21:45:00,2025-06-12T20:45:00,"{'bid': 602.95, 'ask': 603.09}","{'bid': 602.05, 'ask': 603.02}","{'bid': 602.99, 'ask': 603.3}","{'bid': 602.05, 'ask': 602.97}",270,602.95,602.99,602.05,602.05
2025-06-12 21:00:00,2025-06-12T22:00:00,2025-06-12T21:00:00,"{'bid': 601.45, 'ask': 603.02}","{'bid': 602.89, 'ask': 603.16}","{'bid': 603.01, 'ask': 603.2}","{'bid': 601.45, 'ask': 603.02}",22,601.45,603.01,601.45,602.89
2025-06-12 21:15:00,2025-06-12T22:15:00,2025-06-12T21:15:00,"{'bid': 602.89, 'ask': 603.2}","{'bid': 602.8, 'ask': 603.1}","{'bid': 602.96, 'ask': 603.2}","{'bid': 602.8, 'ask': 603.08}",18,602.89,602.96,602.8,602.8
2025-06-12 21:30:00,2025-06-12T22:30:00,2025-06-12T21:30:00,"{'bid': 602.8, 'ask': 603.14}","{'bid': 602.8, 'ask': 603.24}","{'bid': 603.0, 'ask': 603.25}","{'bid': 602.8, 'ask': 603.14}",11,602.8,603.0,602.8,602.8
2025-06-12 21:45:00,2025-06-12T22:45:00,2025-06-12T21:45:00,"{'bid': 602.8, 'ask': 603.25}","{'bid': 602.97, 'ask': 603.3}","{'bid': 603.11, 'ask': 603.37}","{'bid': 601.75, 'ask': 603.25}",14,602.8,603.11,601.75,602.97
2025-06-12 22:00:00,2025-06-12T23:00:00,2025-06-12T22:00:00,"{'bid': 602.97, 'ask': 603.16}","{'bid': 602.57, 'ask': 602.75}","{'bid': 602.97, 'ask': 603.29}","{'bid': 602.29, 'ask': 602.53}",482,602.97,602.97,602.29,602.57
2025-06-12 22:15:00,2025-06-12T23:15:00,2025-06-12T22:15:00,"{'bid': 602.6, 'ask': 602.75}","{'bid': 602.19, 'ask': 602.37}","{'bid': 602.6, 'ask': 602.8}","{'bid': 602.05, 'ask': 602.29}",179,602.6,602.6,602.05,602.19
2025-06-12 22:30:00,2025-06-12T23:30:00,2025-06-12T22:30:00,"{'bid': 602.16, 'ask': 602.37}","{'bid': 602.04, 'ask': 602.23}","{'bid': 602.17, 'ask': 602.37}","{'bid': 601.71, 'ask': 601.99}",277,602.16,602.17,601.71,602.04
2025-06-12 22:45:00,2025-06-12T23:45:00,2025-06-12T22:45:00,"{'bid': 602.04, 'ask': 602.24}","{'bid': 602.3, 'ask': 602.46}","{'bid': 602.37, 'ask': 602.57}","{'bid': 602.04, 'ask': 602.24}",201,602.04,602.37,602.04,602.3
2025-06-12 23:00:00,2025-06-13T00:00:00,2025-06-12T23:00:00,"{'bid': 602.29, 'ask': 602.45}","{'bid': 602.29, 'ask': 602.47}","{'bid': 602.36, 'ask': 602.57}","{'bid': 602.11, 'ask': 602.27}",342,602.29,602.36,602.11,602.29
2025-06-12 23:15:00,2025-06-13T00:15:00,2025-06-12T23:15:00,"{'bid': 602.3, 'ask': 602.47}","{'bid': 602.23, 'ask': 602.38}","{'bid': 602.38, 'ask': 602.64}","{'bid': 602.12, 'ask': 602.38}",207,602.3,602.38,602.12,602.23
2025-06-12 23:30:00,2025-06-13T00:30:00,2025-06-12T23:30:00,"{'bid': 602.22, 'ask': 602.4}","{'bid': 601.98, 'ask': 602.28}","{'bid': 602.3, 'ask': 602.64}","{'bid': 601.45, 'ask': 601.95}",463,602.22,602.3,601.45,601.98
2025-06-12 23:45:00,2025-06-13T00:45:00,2025-06-12T23:45:00,"{'bid': 601.97, 'ask': 602.18}","{'bid': 600.09, 'ask': 600.26}","{'bid': 602.13, 'ask': 602.75}","{'bid': 599.43, 'ask': 600.21}",925,601.97,602.13,599.43,600.09
2025-06-13 08:00:00,2025-06-13T09:00:00,2025-06-13T08:00:00,"{'bid': 595.75, 'ask': 597.05}","{'bid': 597.29, 'ask': 597.47}","{'bid': 597.4, 'ask': 598.25}","{'bid': 595.75, 'ask': 596.43}",1666,595.75,597.4,595.75,597.29
2025-06-13 08:15:00,2025-06-13T09:15:00,2025-06-13T08:15:00,"{'bid': 597.3, 'ask': 597.47}","{'bid': 596.77, 'ask': 596.94}","{'bid': 597.46, 'ask': 598.25}","{'bid': 596.25, 'ask': 596.52}",1472,597.3,597.46,596.25,596.77
2025-06-13 08:30:00,2025-06-13T09:30:00,2025-06-13T08:30:00,"{'bid': 596.77, 'ask': 596.93}","{'bid': 596.32, 'ask': 596.5}","{'bid': 596.86, 'ask': 597.65}","{'bid': 596.2, 'ask': 596.4}",1402,596.77,596.86,596.2,596.32
2025-06-13 08:45:00,2025-06-13T09:45:00,2025-06-13T08:45:00,"{'bid': 596.35, 'ask': 596.51}","{'bid': 596.35, 'ask': 596.51}","{'bid': 596.82, 'ask': 597.65}","{'bid': 595.83, 'ask': 596.03}",1490,596.35,596.82,595.83,596.35
2025-06-13 09:00:00,2025-06-13T10:00:00,2025-06-13T09:00:00,"{'bid': 596.33, 'ask': 596.5}","{'bid': 596.41, 'ask': 596.58}","{'bid': 597.05, 'ask': 597.95}","{'bid': 595.45, 'ask': 595.92}",1887,596.33,597.05,595.45,596.41
2025-06-13 09:15:00,2025-06-13T10:15:00,2025-06-13T09:15:00,"{'bid': 596.42, 'ask': 596.58}","{'bid': 596.95, 'ask': 597.12}","{'bid': 597.36, 'ask': 598.25}","{'bid': 596.05, 'ask': 596.41}",2182,596.42,597.36,596.05,596.95
2025-06-13 09:30:00,2025-06-13T10:30:00,2025-06-13T09:30:00,"{'bid': 596.95, 'ask': 597.14}","{'bid': 596.59, 'ask': 596.75}","{'bid': 597.03, 'ask': 597.95}","{'bid': 596.24, 'ask': 596.51}",1398,596.95,597.03,596.24,596.59
2025-06-13 09:45:00,2025-06-13T10:45:00,2025-06-13T09:45:00,"{'bid': 596.58, 'ask': 596.76}","{'bid': 596.75, 'ask': 596.94}","{'bid': 597.11, 'ask': 597.95}","{'bid': 596.18, 'ask': 596.51}",1359,596.58,597.11,596.18,596.75
2025-06-13 10:00:00,2025-06-13T11:00:00,2025-06-13T10:00:00,"{'bid': 596.75, 'ask': 596.93}","{'bid': 596.87, 'ask': 597.03}","{'bid': 597.08, 'ask': 597.94}","{'bid': 596.15, 'ask': 596.42}",1380,596.75,597.08,596.15,596.87
2025-06-13 10:15:00,2025-06-13T11:15:00,2025-06-13T10:15:00,"{'bid': 596.88, 'ask': 597.05}","{'bid': 597.02, 'ask': 597.22}","{'bid': 597.36, 'ask': 598.0}","{'bid': 596.36, 'ask': 596.55}",1429,596.88,597.36,596.36,597.02
2025-06-13 10:30:00,2025-06-13T11:30:00,2025-06-13T10:30:00,"{'bid': 597.02, 'ask': 597.21}","{'bid': 596.97, 'ask': 597.13}","{'bid': 597.12, 'ask': 597.95}","{'bid': 596.69, 'ask': 596.95}",947,597.02,597.12,596.69,596.97
2025-06-13 10:45:00,2025-06-13T11:45:00,2025-06-13T10:45:00,"{'bid': 596.96, 'ask': 597.13}","{'bid': 597.61, 'ask': 597.79}","{'bid': 597.69, 'ask': 598.01}","{'bid': 596.84, 'ask': 597.13}",1204,596.96,597.69,596.84,597.61
2025-06-13 11:00:00,2025-06-13T12:00:00,2025-06-13T11:00:00,"{'bid': 597.64, 'ask': 597.99}","{'bid': 597.76, 'ask': 597.92}","{'bid': 598.55, 'ask': 599.15}","{'bid': 597.34, 'ask': 597.7}",1619,597.64,598.55,597.34,597.76
2025-06-13 11:15:00,2025-06-13T12:15:00,2025-06-13T11:15:00,"{'bid': 597.72, 'ask': 597.9}","{'bid': 597.53, 'ask': 597.7}","{'bid': 597.95, 'ask': 598.33}","{'bid': 597.25, 'ask': 597.62}",1303,597.72,597.95,597.25,597.53
2025-06-13 11:30:00,2025-06-13T12:30:00,2025-06-13T11:30:00,"{'bid': 597.52, 'ask': 597.69}","{'bid': 598.47, 'ask': 598.64}","{'bid': 598.49, 'ask': 598.7}","{'bid': 597.49, 'ask': 597.66}",1222,597.52,598.49,597.49,598.47
2025-06-13 11:45:00,2025-06-13T12:45:00,2025-06-13T11:45:00,"{'bid': 598.46, 'ask': 598.61}","{'bid': 598.41, 'ask': 598.56}","{'bid': 598.61, 'ask': 599.38}","{'bid': 598.22, 'ask': 598.5}",940,598.46,598.61,598.22,598.41
2025-06-13 12:00:00,2025-06-13T13:00:00,2025-06-13T12:00:00,"{'bid': 598.4, 'ask': 598.56}","{'bid': 597.98, 'ask': 598.15}","{'bid': 598.5, 'ask': 598.67}","{'bid': 597.87, 'ask': 598.09}",936,598.4,598.5,597.87,597.98
2025-06-13 12:15:00,2025-06-13T13:15:00,2025-06-13T12:15:00,"{'bid': 598.0, 'ask': 598.13}","{'bid': 598.56, 'ask': 598.71}","{'bid': 598.91, 'ask': 599.38}","{'bid': 597.88, 'ask': 598.05}",1255,598.0,598.91,597.88,598.56
2025-06-13 12:30:00,2025-06-13T13:30:00,2025-06-13T12:30:00,"{'bid': 598.57, 'ask': 598.72}","{'bid': 598.16, 'ask': 598.32}","{'bid': 599.01, 'ask': 599.38}","{'bid': 598.05, 'ask': 598.27}",1221,598.57,599.01,598.05,598.16
2025-06-13 12:45:00,2025-06-13T13:45:00,2025-06-13T12:45:00,"{'bid': 598.17, 'ask': 598.33}","{'bid': 598.03, 'ask': 598.18}","{'bid': 598.38, 'ask': 598.72}","{'bid': 597.78, 'ask': 597.93}",1132,598.17,598.38,597.78,598.03
2025-06-13 13:00:00,2025-06-13T14:00:00,2025-06-13T13:00:00,"{'bid': 598.06, 'ask': 598.2}","{'bid': 597.86, 'ask': 598.0}","{'bid': 598.06, 'ask': 598.79}","{'bid': 597.53, 'ask': 597.68}",1096,598.06,598.06,597.53,597.86
2025-06-13 13:15:00,2025-06-13T14:15:00,2025-06-13T13:15:00,"{'bid': 597.85, 'ask': 598.0}","{'bid': 598.46, 'ask': 598.6}","{'bid': 598.49, 'ask': 599.15}","{'bid': 597.2, 'ask': 597.33}",1784,597.85,598.49,597.2,598.46
2025-06-13 13:30:00,2025-06-13T14:30:00,2025-06-13T13:30:00,"{'bid': 598.47, 'ask': 598.6}","{'bid': 599.6, 'ask': 599.72}","{'bid': 600.31, 'ask': 600.43}","{'bid': 598.11, 'ask': 598.24}",7185,598.47,600.31,598.11,599.6
2025-06-13 13:45:00,2025-06-13T14:45:00,2025-06-13T13:45:00,"{'bid': 599.61, 'ask': 599.74}","{'bid': 597.83, 'ask': 598.22}","{'bid': 599.66, 'ask': 599.78}","{'bid': 597.81, 'ask': 597.94}",5726,599.61,599.66,597.81,597.83
2025-06-13 14:00:00,2025-06-13T15:00:00,2025-06-13T14:00:00,"{'bid': 598.04, 'ask': 598.24}","{'bid': 597.91, 'ask': 598.04}","{'bid': 599.07, 'ask': 599.23}","{'bid': 597.47, 'ask': 597.59}",6245,598.04,599.07,597.47,597.91
2025-06-13 14:15:00,2025-06-13T15:15:00,2025-06-13T14:15:00,"{'bid': 597.93, 'ask': 598.05}","{'bid': 596.73, 'ask': 596.85}","{'bid': 598.14, 'ask': 598.26}","{'bid': 596.56, 'ask': 596.69}",5680,597.93,598.14,596.56,596.73
2025-06-13 14:30:00,2025-06-13T15:30:00,2025-06-13T14:30:00,"{'bid': 596.71, 'ask': 596.84}","{'bid': 597.91, 'ask': 598.04}","{'bid': 598.88, 'ask': 599.01}","{'bid': 596.59, 'ask': 596.72}",5105,596.71,598.88,596.59,597.91
2025-06-13 14:45:00,2025-06-13T15:45:00,2025-06-13T14:45:00,"{'bid': 597.94, 'ask': 598.07}","{'bid': 599.08, 'ask': 599.21}","{'bid': 599.36, 'ask': 599.49}","{'bid': 597.34, 'ask': 597.47}",5105,597.94,599.36,597.34,599.08
2025-06-13 15:00:00,2025-06-13T16:00:00,2025-06-13T15:00:00,"{'bid': 599.07, 'ask': 599.2}","{'bid': 599.56, 'ask': 599.69}","{'bid': 599.7, 'ask': 599.83}","{'bid': 598.85, 'ask': 598.98}",4269,599.07,599.7,598.85,599.56
2025-06-13 15:15:00,2025-06-13T16:15:00,2025-06-13T15:15:00,"{'bid': 599.57, 'ask': 599.69}","{'bid': 600.51, 'ask': 600.64}","{'bid': 600.6, 'ask': 600.76}","{'bid': 599.36, 'ask': 599.48}",3731,599.57,600.6,599.36,600.51
2025-06-13 15:30:00,2025-06-13T16:30:00,2025-06-13T15:30:00,"{'bid': 600.51, 'ask': 600.63}","{'bid': 600.84, 'ask': 600.97}","{'bid': 600.96, 'ask': 601.09}","{'bid': 600.23, 'ask': 600.36}",3364,600.51,600.96,600.23,600.84
2025-06-13 15:45:00,2025-06-13T16:45:00,2025-06-13T15:45:00,"{'bid': 600.83, 'ask': 600.96}","{'bid': 601.2, 'ask': 601.32}","{'bid': 601.64, 'ask': 601.77}","{'bid': 600.73, 'ask': 600.86}",3015,600.83,601.64,600.73,601.2
2025-06-13 16:00:00,2025-06-13T17:00:00,2025-06-13T16:00:00,"{'bid': 601.19, 'ask': 601.31}","{'bid': 601.59, 'ask': 601.71}","{'bid': 601.73, 'ask': 601.85}","{'bid': 600.84, 'ask': 600.96}",2783,601.19,601.73,600.84,601.59
2025-06-13 16:15:00,2025-06-13T17:15:00,2025-06-13T16:15:00,"{'bid': 601.59, 'ask': 601.72}","{'bid': 600.82, 'ask': 600.95}","{'bid': 601.78, 'ask': 601.91}","{'bid': 600.69, 'ask': 600.81}",2704,601.59,601.78,600.69,600.82
2025-06-13 16:30:00,2025-06-13T17:30:00,2025-06-13T16:30:00,"{'bid': 600.83, 'ask': 600.96}","{'bid': 600.59, 'ask': 600.72}","{'bid': 601.3, 'ask': 601.43}","{'bid': 600.46, 'ask': 600.59}",2810,600.83,601.3,600.46,600.59
2025-06-13 16:45:00,2025-06-13T17:45:00,2025-06-13T16:45:00,"{'bid': 600.59, 'ask': 600.71}","{'bid': 600.99, 'ask': 601.12}","{'bid': 601.42, 'ask': 601.55}","{'bid': 600.21, 'ask': 600.34}",2667,600.59,601.42,600.21,600.99
2025-06-13 17:00:00,2025-06-13T18:00:00,2025-06-13T17:00:00,"{'bid': 600.98, 'ask': 601.11}","{'bid': 599.99, 'ask': 600.11}","{'bid': 601.12, 'ask': 601.24}","{'bid': 599.73, 'ask': 599.86}",3490,600.98,601.12,599.73,599.99
2025-06-13 17:15:00,2025-06-13T18:15:00,2025-06-13T17:15:00,"{'bid': 599.98, 'ask': 600.11}","{'bid': 599.46, 'ask': 599.59}","{'bid': 600.58, 'ask': 600.77}","{'bid': 599.16, 'ask': 599.29}",3989,599.98,600.58,599.16,599.46
2025-06-13 17:30:00,2025-06-13T18:30:00,2025-06-13T17:30:00,"{'bid': 599.45, 'ask': 599.58}","{'bid': 599.35, 'ask': 599.48}","{'bid': 600.04, 'ask': 600.17}","{'bid': 598.9, 'ask': 599.03}",3675,599.45,600.04,598.9,599.35
2025-06-13 17:45:00,2025-06-13T18:45:00,2025-06-13T17:45:00,"{'bid': 599.36, 'ask': 599.49}","{'bid': 599.73, 'ask': 599.85}","{'bid': 600.09, 'ask': 600.21}","{'bid': 599.16, 'ask': 599.29}",3310,599.36,600.09,599.16,599.73
2025-06-13 18:00:00,2025-06-13T19:00:00,2025-06-13T18:00:00,"{'bid': 599.74, 'ask': 599.87}","{'bid': 598.55, 'ask': 598.68}","{'bid': 600.23, 'ask': 600.35}","{'bid': 598.53, 'ask': 598.66}",4937,599.74,600.23,598.53,598.55
2025-06-13 18:15:00,2025-06-13T19:15:00,2025-06-13T18:15:00,"{'bid': 598.57, 'ask': 598.69}","{'bid': 597.07, 'ask': 597.19}","{'bid': 598.64, 'ask': 598.76}","{'bid': 596.95, 'ask': 597.08}",5164,598.57,598.64,596.95,597.07
2025-06-13 18:30:00,2025-06-13T19:30:00,2025-06-13T18:30:00,"{'bid': 597.06, 'ask': 597.18}","{'bid': 596.12, 'ask': 596.25}","{'bid': 597.27, 'ask': 597.39}","{'bid': 595.52, 'ask': 595.65}",6548,597.06,597.27,595.52,596.12
2025-06-13 18:45:00,2025-06-13T19:45:00,2025-06-13T18:45:00,"{'bid': 596.14, 'ask': 596.26}","{'bid': 597.15, 'ask': 597.27}","{'bid': 597.29, 'ask': 597.41}","{'bid': 595.99, 'ask': 596.12}",5805,596.14,597.29,595.99,597.15
2025-06-13 19:00:00,2025-06-13T20:00:00,2025-06-13T19:00:00,"{'bid': 597.13, 'ask': 597.26}","{'bid': 597.36, 'ask': 597.49}","{'bid': 597.63, 'ask': 597.75}","{'bid': 596.2, 'ask': 596.32}",5367,597.13,597.63,596.2,597.36
2025-06-13 19:15:00,2025-06-13T20:15:00,2025-06-13T19:15:00,"{'bid': 597.37, 'ask': 597.5}","{'bid': 596.21, 'ask': 596.33}","{'bid': 597.54, 'ask': 597.67}","{'bid': 595.99, 'ask': 596.11}",5190,597.37,597.54,595.99,596.21
2025-06-13 19:30:00,2025-06-13T20:30:00,2025-06-13T19:30:00,"{'bid': 596.19, 'ask': 596.32}","{'bid': 596.08, 'ask': 596.21}","{'bid': 597.18, 'ask': 597.3}","{'bid': 595.87, 'ask': 595.99}",5346,596.19,597.18,595.87,596.08
2025-06-13 19:45:00,2025-06-13T20:45:00,2025-06-13T19:45:00,"{'bid': 596.07, 'ask': 596.19}","{'bid': 596.87, 'ask': 596.99}","{'bid': 597.0, 'ask': 597.12}","{'bid': 595.43, 'ask': 595.55}",7120,596.07,597.0,595.43,596.87
2025-06-13 20:00:00,2025-06-13T21:00:00,2025-06-13T20:00:00,"{'bid': 596.88, 'ask': 597.0}","{'bid': 597.62, 'ask': 597.75}","{'bid': 597.62, 'ask': 597.75}","{'bid': 596.55, 'ask': 596.69}",2313,596.88,597.62,596.55,597.62
2025-06-13 20:15:00,2025-06-13T21:15:00,2025-06-13T20:15:00,"{'bid': 597.65, 'ask': 597.78}","{'bid': 597.02, 'ask': 597.18}","{'bid': 597.65, 'ask': 597.78}","{'bid': 596.89, 'ask': 597.05}",1060,597.65,597.65,596.89,597.02
2025-06-13 20:30:00,2025-06-13T21:30:00,2025-06-13T20:30:00,"{'bid': 597.04, 'ask': 597.18}","{'bid': 597.19, 'ask': 597.33}","{'bid': 597.41, 'ask': 597.95}","{'bid': 596.89, 'ask': 597.12}",765,597.04,597.41,596.89,597.19
2025-06-13 20:45:00,2025-06-13T21:45:00,2025-06-13T20:45:00,"{'bid': 597.19, 'ask': 597.34}","{'bid': 596.64, 'ask': 596.92}","{'bid': 597.23, 'ask': 597.45}","{'bid': 596.39, 'ask': 596.7}",704,597.19,597.23,596.39,596.64
2025-06-16 08:00:00,2025-06-16T09:00:00,2025-06-16T08:00:00,"{'bid': 600.27, 'ask': 600.5}","{'bid': 599.64, 'ask': 599.83}","{'bid': 600.28, 'ask': 601.46}","{'bid': 599.5, 'ask': 599.69}",1356,600.27,600.28,599.5,599.64
2025-06-16 08:15:00,2025-06-16T09:15:00,2025-06-16T08:15:00,"{'bid': 599.65, 'ask': 599.83}","{'bid': 599.83, 'ask': 600.0}","{'bid': 599.86, 'ask': 600.2}","{'bid': 599.42, 'ask': 599.59}",787,599.65,599.86,599.42,599.83
2025-06-16 08:30:00,2025-06-16T09:30:00,2025-06-16T08:30:00,"{'bid': 599.82, 'ask': 600.0}","{'bid': 600.17, 'ask': 600.36}","{'bid': 600.21, 'ask': 600.65}","{'bid': 599.54, 'ask': 599.84}",850,599.82,600.21,599.54,600.17
2025-06-16 08:45:00,2025-06-16T09:45:00,2025-06-16T08:45:00,"{'bid': 600.17, 'ask': 600.35}","{'bid': 600.17, 'ask': 600.34}","{'bid': 600.26, 'ask': 600.8}","{'bid': 599.8, 'ask': 600.24}",641,600.17,600.26,599.8,600.17
2025-06-16 09:00:00,2025-06-16T10:00:00,2025-06-16T09:00:00,"{'bid': 600.15, 'ask': 600.33}","{'bid': 599.35, 'ask': 599.51}","{'bid': 600.27, 'ask': 600.65}","{'bid': 599.05, 'ask': 599.48}",710,600.15,600.27,599.05,599.35
2025-06-16 09:15:00,2025-06-16T10:15:00,2025-06-16T09:15:00,"{'bid': 599.37, 'ask': 599.53}","{'bid': 599.42, 'ask': 599.6}","{'bid': 599.69, 'ask': 600.05}","{'bid': 599.05, 'ask': 599.41}",653,599.37,599.69,599.05,599.42
2025-06-16 09:30:00,2025-06-16T10:30:00,2025-06-16T09:30:00,"{'bid': 599.43, 'ask': 599.6}","{'bid': 599.1, 'ask': 599.27}","{'bid': 599.48, 'ask': 599.75}","{'bid': 598.45, 'ask': 599.14}",721,599.43,599.48,598.45,599.1
2025-06-16 09:45:00,2025-06-16T10:45:00,2025-06-16T09:45:00,"{'bid': 599.09, 'ask': 599.26}","{'bid': 599.31, 'ask': 599.47}","{'bid': 599.46, 'ask': 600.05}","{'bid': 598.75, 'ask': 599.2}",644,599.09,599.46,598.75,599.31
2025-06-16 10:00:00,2025-06-16T11:00:00,2025-06-16T10:00:00,"{'bid': 599.3, 'ask': 599.46}","{'bid': 599.53, 'ask': 599.7}","{'bid': 599.62, 'ask': 600.05}","{'bid': 598.75, 'ask': 599.37}",572,599.3,599.62,598.75,599.53
2025-06-16 10:15:00,2025-06-16T11:15:00,2025-06-16T10:15:00,"{'bid': 599.5, 'ask': 599.68}","{'bid': 599.6, 'ask': 599.75}","{'bid': 599.71, 'ask': 600.26}","{'bid': 599.35, 'ask': 599.68}",307,599.5,599.71,599.35,599.6
2025-06-16 10:30:00,2025-06-16T11:30:00,2025-06-16T10:30:00,"{'bid': 599.63, 'ask': 599.76}","{'bid': 599.26, 'ask': 599.41}","{'bid': 599.7, 'ask': 599.87}","{'bid': 598.75, 'ask': 599.37}",527,599.63,599.7,598.75,599.26
2025-06-16 10:45:00,2025-06-16T11:45:00,2025-06-16T10:45:00,"{'bid': 599.26, 'ask': 599.42}","{'bid': 600.13, 'ask': 600.26}","{'bid': 600.14, 'ask': 600.26}","{'bid': 599.05, 'ask': 599.41}",612,599.26,600.14,599.05,600.13
2025-06-16 11:00:00,2025-06-16T12:00:00,2025-06-16T11:00:00,"{'bid': 599.65, 'ask': 600.24}","{'bid': 599.53, 'ask': 599.65}","{'bid': 600.03, 'ask': 600.24}","{'bid': 599.05, 'ask': 599.58}",862,599.65,600.03,599.05,599.53
2025-06-16 11:15:00,2025-06-16T12:15:00,2025-06-16T11:15:00,"{'bid': 599.55, 'ask': 600.05}","{'bid': 599.79, 'ask': 599.96}","{'bid': 599.89, 'ask': 600.05}","{'bid': 599.35, 'ask': 599.71}",673,599.55,599.89,599.35,599.79
2025-06-16 11:30:00,2025-06-16T12:30:00,2025-06-16T11:30:00,"{'bid': 599.81, 'ask': 599.97}","{'bid': 600.41, 'ask': 600.58}","{'bid': 600.45, 'ask': 600.95}","{'bid': 599.35, 'ask': 599.96}",670,599.81,600.45,599.35,600.41
2025-06-16 11:45:00,2025-06-16T12:45:00,2025-06-16T11:45:00,"{'bid': 600.4, 'ask': 600.58}","{'bid': 600.69, 'ask': 600.84}","{'bid': 600.82, 'ask': 601.03}","{'bid': 600.33, 'ask': 600.57}",709,600.4,600.82,600.33,600.69
2025-06-16 12:00:00,2025-06-16T13:00:00,2025-06-16T12:00:00,"{'bid': 600.69, 'ask': 600.85}","{'bid': 600.71, 'ask': 600.86}","{'bid': 600.86, 'ask': 601.03}","{'bid': 600.45, 'ask': 600.65}",797,600.69,600.86,600.45,600.71
2025-06-16 12:15:00,2025-06-16T13:15:00,2025-06-16T12:15:00,"{'bid': 600.71, 'ask': 600.85}","{'bid': 601.08, 'ask': 601.29}","{'bid': 601.33, 'ask': 601.85}","{'bid': 600.55, 'ask': 600.83}",811,600.71,601.33,600.55,601.08
2025-06-16 12:30:00,2025-06-16T13:30:00,2025-06-16T12:30:00,"{'bid': 601.09, 'ask': 601.29}","{'bid': 600.8, 'ask': 600.96}","{'bid': 601.28, 'ask': 602.17}","{'bid': 600.63, 'ask': 600.78}",879,601.09,601.28,600.63,600.8
2025-06-16 12:45:00,2025-06-16T13:45:00,2025-06-16T12:45:00,"{'bid': 600.8, 'ask': 600.95}","{'bid': 600.67, 'ask': 600.82}","{'bid': 600.93, 'ask': 601.05}","{'bid': 600.61, 'ask': 600.8}",612,600.8,600.93,600.61,600.67
2025-06-16 13:00:00,2025-06-16T14:00:00,2025-06-16T13:00:00,"{'bid': 600.64, 'ask': 600.82}","{'bid': 600.86, 'ask': 601.01}","{'bid': 600.92, 'ask': 601.13}","{'bid': 600.49, 'ask': 600.63}",896,600.64,600.92,600.49,600.86
2025-06-16 13:15:00,2025-06-16T14:15:00,2025-06-16T13:15:00,"{'bid': 600.86, 'ask': 601.0}","{'bid': 600.35, 'ask': 600.49}","{'bid': 600.86, 'ask': 601.0}","{'bid': 600.29, 'ask': 600.44}",1147,600.86,600.86,600.29,600.35
2025-06-16 13:30:00,2025-06-16T14:30:00,2025-06-16T13:30:00,"{'bid': 600.22, 'ask': 600.48}","{'bid': 601.3, 'ask': 601.43}","{'bid': 601.65, 'ask': 601.77}","{'bid': 600.16, 'ask': 600.3}",5665,600.22,601.65,600.16,601.3
2025-06-16 13:45:00,2025-06-16T14:45:00,2025-06-16T13:45:00,"{'bid': 601.32, 'ask': 601.45}","{'bid': 602.99, 'ask': 603.12}","{'bid': 603.32, 'ask': 603.45}","{'bid': 601.2, 'ask': 601.34}",5436,601.32,603.32,601.2,602.99
2025-06-16 14:00:00,2025-06-16T15:00:00,2025-06-16T14:00:00,"{'bid': 603.0, 'ask': 603.13}","{'bid': 603.6, 'ask': 603.73}","{'bid': 603.65, 'ask': 603.78}","{'bid': 602.9, 'ask': 603.03}",3904,603.0,603.65,602.9,603.6
2025-06-16 14:15:00,2025-06-16T15:15:00,2025-06-16T14:15:00,"{'bid': 603.6, 'ask': 603.72}","{'bid': 604.01, 'ask': 604.14}","{'bid': 604.12, 'ask': 604.25}","{'bid': 603.42, 'ask': 603.54}",3139,603.6,604.12,603.42,604.01
2025-06-16 14:30:00,2025-06-16T15:30:00,2025-06-16T14:30:00,"{'bid': 604.02, 'ask': 604.15}","{'bid': 604.13, 'ask': 604.26}","{'bid': 604.35, 'ask': 604.5}","{'bid': 603.65, 'ask': 603.78}",2813,604.02,604.35,603.65,604.13
2025-06-16 14:45:00,2025-06-16T15:45:00,2025-06-16T14:45:00,"{'bid': 604.14, 'ask': 604.27}","{'bid': 603.85, 'ask': 603.98}","{'bid': 604.28, 'ask': 604.41}","{'bid': 603.64, 'ask': 603.77}",2458,604.14,604.28,603.64,603.85
2025-06-16 15:00:00,2025-06-16T16:00:00,2025-06-16T15:00:00,"{'bid': 603.84, 'ask': 603.97}","{'bid': 603.61, 'ask': 603.74}","{'bid': 604.03, 'ask': 604.15}","{'bid': 603.38, 'ask': 603.51}",2794,603.84,604.03,603.38,603.61
2025-06-16 15:15:00,2025-06-16T16:15:00,2025-06-16T15:15:00,"{'bid': 603.62, 'ask': 603.75}","{'bid': 603.32, 'ask': 603.45}","{'bid': 604.02, 'ask': 604.14}","{'bid': 603.2, 'ask': 603.33}",2759,603.62,604.02,603.2,603.32
2025-06-16 15:30:00,2025-06-16T16:30:00,2025-06-16T15:30:00,"{'bid': 603.31, 'ask': 603.44}","{'bid': 603.47, 'ask': 603.6}","{'bid': 603.67, 'ask': 603.8}","{'bid': 603.16, 'ask': 603.29}",2756,603.31,603.67,603.16,603.47
2025-06-16 15:45:00,2025-06-16T16:45:00,2025-06-16T15:45:00,"{'bid': 603.47, 'ask': 603.59}","{'bid': 603.07, 'ask': 603.2}","{'bid': 603.78, 'ask': 603.91}","{'bid': 602.71, 'ask': 602.87}",2632,603.47,603.78,602.71,603.07
2025-06-16 16:00:00,2025-06-16T17:00:00,2025-06-16T16:00:00,"{'bid': 603.09, 'ask': 603.21}","{'bid': 603.23, 'ask': 603.36}","{'bid': 603.38, 'ask': 603.5}","{'bid': 602.76, 'ask': 602.89}",1966,603.09,603.38,602.76,603.23
2025-06-16 16:15:00,2025-06-16T17:15:00,2025-06-16T16:15:00,"{'bid': 603.22, 'ask': 603.35}","{'bid': 602.96, 'ask': 603.09}","{'bid': 603.6, 'ask': 603.72}","{'bid': 602.84, 'ask': 602.97}",1913,603.22,603.6,602.84,602.96
2025-06-16 16:30:00,2025-06-16T17:30:00,2025-06-16T16:30:00,"{'bid': 602.95, 'ask': 603.08}","{'bid': 602.53, 'ask': 602.66}","{'bid': 603.14, 'ask': 603.27}","{'bid': 602.44, 'ask': 602.57}",2120,602.95,603.14,602.44,602.53
2025-06-16 16:45:00,2025-06-16T17:45:00,2025-06-16T16:45:00,"{'bid': 602.54, 'ask': 602.66}","{'bid': 602.68, 'ask': 602.8}","{'bid': 603.12, 'ask': 603.24}","{'bid': 602.41, 'ask': 602.54}",1958,602.54,603.12,602.41,602.68
2025-06-16 17:00:00,2025-06-16T18:00:00,2025-06-16T17:00:00,"{'bid': 602.67, 'ask': 602.8}","{'bid': 602.37, 'ask': 602.49}","{'bid': 602.78, 'ask': 602.9}","{'bid': 602.29, 'ask': 602.42}",2135,602.67,602.78,602.29,602.37
2025-06-16 17:15:00,2025-06-16T18:15:00,2025-06-16T17:15:00,"{'bid': 602.36, 'ask': 602.48}","{'bid': 603.32, 'ask': 603.45}","{'bid': 603.5, 'ask': 603.63}","{'bid': 602.27, 'ask': 602.4}",2456,602.36,603.5,602.27,603.32
2025-06-16 17:30:00,2025-06-16T18:30:00,2025-06-16T17:30:00,"{'bid': 603.33, 'ask': 603.45}","{'bid': 603.06, 'ask': 603.18}","{'bid': 603.64, 'ask': 603.76}","{'bid': 603.01, 'ask': 603.13}",2397,603.33,603.64,603.01,603.06
2025-06-16 17:45:00,2025-06-16T18:45:00,2025-06-16T17:45:00,"{'bid': 603.04, 'ask': 603.17}","{'bid': 602.25, 'ask': 602.37}","{'bid': 603.19, 'ask': 603.32}","{'bid': 602.07, 'ask': 602.2}",2116,603.04,603.19,602.07,602.25
2025-06-16 18:00:00,2025-06-16T19:00:00,2025-06-16T18:00:00,"{'bid': 602.26, 'ask': 602.39}","{'bid': 602.58, 'ask': 602.7}","{'bid': 602.8, 'ask': 602.93}","{'bid': 602.19, 'ask': 602.32}",2113,602.26,602.8,602.19,602.58
2025-06-16 18:15:00,2025-06-16T19:15:00,2025-06-16T18:15:00,"{'bid': 602.58, 'ask': 602.71}","{'bid': 602.5, 'ask': 602.63}","{'bid': 602.68, 'ask': 602.81}","{'bid': 602.2, 'ask': 602.33}",1678,602.58,602.68,602.2,602.5
2025-06-16 18:30:00,2025-06-16T19:30:00,2025-06-16T18:30:00,"{'bid': 602.51, 'ask': 602.63}","{'bid': 602.23, 'ask': 602.36}","{'bid': 602.59, 'ask': 602.72}","{'bid': 602.09, 'ask': 602.22}",1799,602.51,602.59,602.09,602.23
2025-06-16 18:45:00,2025-06-16T19:45:00,2025-06-16T18:45:00,"{'bid': 602.22, 'ask': 602.35}","{'bid': 602.45, 'ask': 602.58}","{'bid': 602.7, 'ask': 602.83}","{'bid': 601.79, 'ask': 601.92}",1636,602.22,602.7,601.79,602.45
2025-06-16 19:00:00,2025-06-16T20:00:00,2025-06-16T19:00:00,"{'bid': 602.44, 'ask': 602.57}","{'bid': 601.89, 'ask': 602.01}","{'bid': 602.56, 'ask': 602.69}","{'bid': 601.67, 'ask': 601.79}",2179,602.44,602.56,601.67,601.89
2025-06-16 19:15:00,2025-06-16T20:15:00,2025-06-16T19:15:00,"{'bid': 601.89, 'ask': 602.02}","{'bid': 601.98, 'ask': 602.11}","{'bid': 602.41, 'ask': 602.71}","{'bid': 601.58, 'ask': 601.7}",3042,601.89,602.41,601.58,601.98
2025-06-16 19:30:00,2025-06-16T20:30:00,2025-06-16T19:30:00,"{'bid': 602.0, 'ask': 602.12}","{'bid': 602.19, 'ask': 602.31}","{'bid': 602.2, 'ask': 602.33}","{'bid': 601.73, 'ask': 601.85}",2322,602.0,602.2,601.73,602.19
2025-06-16 19:45:00,2025-06-16T20:45:00,2025-06-16T19:45:00,"{'bid': 602.17, 'ask': 602.3}","{'bid': 602.61, 'ask': 602.74}","{'bid': 602.73, 'ask': 602.89}","{'bid': 601.73, 'ask': 601.86}",4364,602.17,602.73,601.73,602.61
2025-06-16 20:00:00,2025-06-16T21:00:00,2025-06-16T20:00:00,"{'bid': 602.63, 'ask': 602.75}","{'bid': 602.84, 'ask': 602.98}","{'bid': 603.14, 'ask': 603.35}","{'bid': 602.51, 'ask': 602.64}",1789,602.63,603.14,602.51,602.84
2025-06-16 20:15:00,2025-06-16T21:15:00,2025-06-16T20:15:00,"{'bid': 602.84, 'ask': 602.97}","{'bid': 602.8, 'ask': 602.93}","{'bid': 602.88, 'ask': 603.01}","{'bid': 602.61, 'ask': 602.75}",357,602.84,602.88,602.61,602.8
2025-06-16 20:30:00,2025-06-16T21:30:00,2025-06-16T20:30:00,"{'bid': 602.79, 'ask': 602.93}","{'bid': 602.83, 'ask': 602.98}","{'bid': 602.97, 'ask': 603.17}","{'bid': 602.67, 'ask': 602.83}",426,602.79,602.97,602.67,602.83
2025-06-16 20:45:00,2025-06-16T21:45:00,2025-06-16T20:45:00,"{'bid': 602.82, 'ask': 602.98}","{'bid': 602.45, 'ask': 602.78}","{'bid': 602.85, 'ask': 603.0}","{'bid': 602.45, 'ask': 602.66}",525,602.82,602.85,602.45,602.45
2025-06-16 21:00:00,2025-06-16T22:00:00,2025-06-16T21:00:00,"{'bid': 602.45, 'ask': 603.17}","{'bid': 602.76, 'ask': 603.03}","{'bid': 602.9, 'ask': 603.17}","{'bid': 602.45, 'ask': 602.85}",59,602.45,602.9,602.45,602.76
2025-06-16 21:15:00,2025-06-16T22:15:00,2025-06-16T21:15:00,"{'bid': 602.76, 'ask': 602.92}","{'bid': 602.9, 'ask': 603.13}","{'bid': 602.98, 'ask': 603.17}","{'bid': 602.76, 'ask': 602.92}",50,602.76,602.98,602.76,602.9
2025-06-16 21:30:00,2025-06-16T22:30:00,2025-06-16T21:30:00,"{'bid': 602.89, 'ask': 603.02}","{'bid': 603.07, 'ask': 603.19}","{'bid': 603.07, 'ask': 603.22}","{'bid': 602.89, 'ask': 603.02}",42,602.89,603.07,602.89,603.07
2025-06-16 21:45:00,2025-06-16T22:45:00,2025-06-16T21:45:00,"{'bid': 602.98, 'ask': 603.2}","{'bid': 602.8, 'ask': 603.18}","{'bid': 603.04, 'ask': 603.32}","{'bid': 602.67, 'ask': 603.02}",71,602.98,603.04,602.67,602.8
2025-06-16 22:00:00,2025-06-16T23:00:00,2025-06-16T22:00:00,"{'bid': 602.67, 'ask': 602.97}","{'bid': 602.36, 'ask': 602.54}","{'bid': 602.83, 'ask': 603.18}","{'bid': 602.09, 'ask': 602.35}",488,602.67,602.83,602.09,602.36
2025-06-16 22:15:00,2025-06-16T23:15:00,2025-06-16T22:15:00,"{'bid': 602.37, 'ask': 602.54}","{'bid': 602.17, 'ask': 602.34}","{'bid': 602.39, 'ask': 602.75}","{'bid': 602.14, 'ask': 602.31}",208,602.37,602.39,602.14,602.17
2025-06-16 22:30:00,2025-06-16T23:30:00,2025-06-16T22:30:00,"{'bid': 602.16, 'ask': 602.32}","{'bid': 601.07, 'ask': 601.26}","{'bid': 602.16, 'ask': 602.32}","{'bid': 600.83, 'ask': 601.03}",1150,602.16,602.16,600.83,601.07
2025-06-16 22:45:00,2025-06-16T23:45:00,2025-06-16T22:45:00,"{'bid': 601.08, 'ask': 601.26}","{'bid': 600.64, 'ask': 600.86}","{'bid': 601.12, 'ask': 601.54}","{'bid': 600.17, 'ask': 600.37}",1513,601.08,601.12,600.17,600.64
2025-06-16 23:00:00,2025-06-17T00:00:00,2025-06-16T23:00:00,"{'bid': 600.65, 'ask': 600.86}","{'bid': 600.89, 'ask': 601.07}","{'bid': 601.31, 'ask': 601.85}","{'bid': 600.25, 'ask': 600.73}",1059,600.65,601.31,600.25,600.89
2025-06-16 23:15:00,2025-06-17T00:15:00,2025-06-16T23:15:00,"{'bid': 600.89, 'ask': 601.1}","{'bid': 600.41, 'ask': 600.59}","{'bid': 601.42, 'ask': 602.15}","{'bid': 600.2, 'ask': 600.41}",1213,600.89,601.42,600.2,600.41
2025-06-16 23:30:00,2025-06-17T00:30:00,2025-06-16T23:30:00,"{'bid': 600.38, 'ask': 600.57}","{'bid': 600.01, 'ask': 600.23}","{'bid': 600.54, 'ask': 601.05}","{'bid': 599.48, 'ask': 599.79}",1656,600.38,600.54,599.48,600.01
2025-06-16 23:45:00,2025-06-17T00:45:00,2025-06-16T23:45:00,"{'bid': 600.01, 'ask': 600.24}","{'bid': 598.81, 'ask': 599.03}","{'bid': 600.2, 'ask': 600.55}","{'bid': 598.45, 'ask': 598.97}",2096,600.01,600.2,598.45,598.81
2025-06-17 08:00:00,2025-06-17T09:00:00,2025-06-17T08:00:00,"{'bid': 598.91, 'ask': 599.13}","{'bid': 599.61, 'ask': 599.78}","{'bid': 599.82, 'ask': 600.35}","{'bid': 598.52, 'ask': 598.85}",1422,598.91,599.82,598.52,599.61
2025-06-17 08:15:00,2025-06-17T09:15:00,2025-06-17T08:15:00,"{'bid': 599.6, 'ask': 599.77}","{'bid': 599.59, 'ask': 599.75}","{'bid': 599.79, 'ask': 600.35}","{'bid': 599.17, 'ask': 599.47}",1015,599.6,599.79,599.17,599.59
2025-06-17 08:30:00,2025-06-17T09:30:00,2025-06-17T08:30:00,"{'bid': 599.58, 'ask': 599.75}","{'bid': 599.4, 'ask': 599.57}","{'bid': 599.81, 'ask': 600.05}","{'bid': 599.3, 'ask': 599.45}",874,599.58,599.81,599.3,599.4
2025-06-17 08:45:00,2025-06-17T09:45:00,2025-06-17T08:45:00,"{'bid': 599.4, 'ask': 599.58}","{'bid': 599.78, 'ask': 599.96}","{'bid': 600.23, 'ask': 600.65}","{'bid': 598.78, 'ask': 599.15}",1480,599.4,600.23,598.78,599.78
2025-06-17 09:00:00,2025-06-17T10:00:00,2025-06-17T09:00:00,"{'bid': 599.77, 'ask': 600.0}","{'bid': 599.27, 'ask': 599.44}","{'bid': 600.2, 'ask': 600.65}","{'bid': 599.13, 'ask': 599.3}",1159,599.77,600.2,599.13,599.27
2025-06-17 09:15:00,2025-06-17T10:15:00,2025-06-17T09:15:00,"{'bid': 599.3, 'ask': 599.46}","{'bid': 599.17, 'ask': 599.33}","{'bid': 599.38, 'ask': 599.75}","{'bid': 598.45, 'ask': 598.9}",1239,599.3,599.38,598.45,599.17
2025-06-17 09:30:00,2025-06-17T10:30:00,2025-06-17T09:30:00,"{'bid': 599.16, 'ask': 599.33}","{'bid': 599.21, 'ask': 599.38}","{'bid': 599.28, 'ask': 599.75}","{'bid': 598.51, 'ask': 598.99}",834,599.16,599.28,598.51,599.21
2025-06-17 09:45:00,2025-06-17T10:45:00,2025-06-17T09:45:00,"{'bid': 599.23, 'ask': 599.4}","{'bid': 599.05, 'ask': 599.22}","{'bid': 599.36, 'ask': 599.75}","{'bid': 598.75, 'ask': 598.97}",724,599.23,599.36,598.75,599.05
2025-06-17 10:00:00,2025-06-17T11:00:00,2025-06-17T10:00:00,"{'bid': 599.06, 'ask': 599.22}","{'bid': 599.34, 'ask': 599.5}","{'bid': 599.57, 'ask': 600.05}","{'bid': 598.5, 'ask': 599.03}",723,599.06,599.57,598.5,599.34
2025-06-17 10:15:00,2025-06-17T11:15:00,2025-06-17T10:15:00,"{'bid': 599.3, 'ask': 599.48}","{'bid': 599.04, 'ask': 599.23}","{'bid': 599.35, 'ask': 599.75}","{'bid': 598.75, 'ask': 599.08}",672,599.3,599.35,598.75,599.04
2025-06-17 10:30:00,2025-06-17T11:30:00,2025-06-17T10:30:00,"{'bid': 599.03, 'ask': 599.23}","{'bid': 598.32, 'ask': 598.47}","{'bid': 599.17, 'ask': 599.45}","{'bid': 597.95, 'ask': 598.45}",972,599.03,599.17,597.95,598.32
2025-06-17 10:45:00,2025-06-17T11:45:00,2025-06-17T10:45:00,"{'bid': 598.32, 'ask': 598.48}","{'bid': 599.26, 'ask': 599.42}","{'bid': 599.28, 'ask': 599.75}","{'bid': 597.95, 'ask': 598.35}",931,598.32,599.28,597.95,599.26
2025-06-17 11:00:00,2025-06-17T12:00:00,2025-06-17T11:00:00,"{'bid': 598.75, 'ask': 599.38}","{'bid': 599.62, 'ask': 599.79}","{'bid': 599.74, 'ask': 600.0}","{'bid': 598.75, 'ask': 599.26}",691,598.75,599.74,598.75,599.62
2025-06-17 11:15:00,2025-06-17T12:15:00,2025-06-17T11:15:00,"{'bid': 599.62, 'ask': 599.8}","{'bid': 599.89, 'ask': 600.07}","{'bid': 600.11, 'ask': 600.65}","{'bid': 599.62, 'ask': 599.79}",649,599.62,600.11,599.62,599.89
2025-06-17 11:30:00,2025-06-17T12:30:00,2025-06-17T11:30:00,"{'bid': 599.88, 'ask': 600.06}","{'bid': 599.66, 'ask': 599.9}","{'bid': 600.12, 'ask': 600.55}","{'bid': 599.35, 'ask': 599.79}",836,599.88,600.12,599.35,599.66
2025-06-17 11:45:00,2025-06-17T12:45:00,2025-06-17T11:45:00,"{'bid': 599.66, 'ask': 599.89}","{'bid': 600.32, 'ask': 600.45}","{'bid': 600.34, 'ask': 600.55}","{'bid': 599.55, 'ask': 599.74}",782,599.66,600.34,599.55,600.32
2025-06-17 12:00:00,2025-06-17T13:00:00,2025-06-17T12:00:00,"{'bid': 600.31, 'ask': 600.45}","{'bid': 600.47, 'ask': 600.61}","{'bid': 600.66, 'ask': 601.24}","{'bid': 599.67, 'ask': 600.23}",960,600.31,600.66,599.67,600.47
2025-06-17 12:15:00,2025-06-17T13:15:00,2025-06-17T12:15:00,"{'bid': 600.48, 'ask': 600.61}","{'bid': 600.32, 'ask': 600.56}","{'bid': 600.7, 'ask': 600.84}","{'bid': 600.12, 'ask': 600.3}",836,600.48,600.7,600.12,600.32
2025-06-17 12:30:00,2025-06-17T13:30:00,2025-06-17T12:30:00,"{'bid': 600.18, 'ask': 600.73}","{'bid': 600.38, 'ask': 600.53}","{'bid': 600.68, 'ask': 600.84}","{'bid': 599.55, 'ask': 599.99}",1713,600.18,600.68,599.55,600.38
2025-06-17 12:45:00,2025-06-17T13:45:00,2025-06-17T12:45:00,"{'bid': 600.4, 'ask': 600.57}","{'bid': 599.61, 'ask': 599.75}","{'bid': 600.45, 'ask': 600.64}","{'bid': 599.45, 'ask': 599.58}",1318,600.4,600.45,599.45,599.61
2025-06-17 13:00:00,2025-06-17T14:00:00,2025-06-17T13:00:00,"{'bid': 599.61, 'ask': 599.76}","{'bid': 599.48, 'ask': 599.61}","{'bid': 599.81, 'ask': 599.99}","{'bid': 599.41, 'ask': 599.53}",1091,599.61,599.81,599.41,599.48
2025-06-17 13:15:00,2025-06-17T14:15:00,2025-06-17T13:15:00,"{'bid': 599.49, 'ask': 599.62}","{'bid': 600.13, 'ask': 600.27}","{'bid': 600.2, 'ask': 600.74}","{'bid': 599.29, 'ask': 599.44}",1446,599.49,600.2,599.29,600.13
2025-06-17 13:30:00,2025-06-17T14:30:00,2025-06-17T13:30:00,"{'bid': 600.13, 'ask': 600.28}","{'bid': 599.93, 'ask': 600.06}","{'bid': 600.82, 'ask': 600.95}","{'bid': 599.71, 'ask': 599.84}",6042,600.13,600.82,599.71,599.93
2025-06-17 13:45:00,2025-06-17T14:45:00,2025-06-17T13:45:00,"{'bid': 599.93, 'ask': 600.05}","{'bid': 600.8, 'ask': 600.92}","{'bid': 600.86, 'ask': 600.99}","{'bid': 599.8, 'ask': 599.92}",9030,599.93,600.86,599.8,600.8
2025-06-17 14:00:00,2025-06-17T15:00:00,2025-06-17T14:00:00,"{'bid': 600.8, 'ask': 600.93}","{'bid': 601.46, 'ask': 601.59}","{'bid': 601.57, 'ask': 601.7}","{'bid': 600.27, 'ask': 600.4}",3553,600.8,601.57,600.27,601.46
2025-06-17 14:15:00,2025-06-17T15:15:00,2025-06-17T14:15:00,"{'bid': 601.47, 'ask': 601.59}","{'bid': 601.09, 'ask': 601.22}","{'bid': 601.54, 'ask': 601.66}","{'bid': 600.94, 'ask': 601.07}",2905,601.47,601.54,600.94,601.09
2025-06-17 14:30:00,2025-06-17T15:30:00,2025-06-17T14:30:00,"{'bid': 601.09, 'ask': 601.21}","{'bid': 600.55, 'ask': 600.67}","{'bid': 601.33, 'ask': 601.46}","{'bid': 600.42, 'ask': 600.55}",3176,601.09,601.33,600.42,600.55
2025-06-17 14:45:00,2025-06-17T15:45:00,2025-06-17T14:45:00,"{'bid': 600.54, 'ask': 600.67}","{'bid': 600.42, 'ask': 600.54}","{'bid': 601.11, 'ask': 601.24}","{'bid': 600.3, 'ask': 600.43}",3026,600.54,601.11,600.3,600.42
2025-06-17 15:00:00,2025-06-17T16:00:00,2025-06-17T15:00:00,"{'bid': 600.41, 'ask': 600.53}","{'bid': 601.59, 'ask': 601.71}","{'bid': 601.67, 'ask': 601.79}","{'bid': 600.33, 'ask': 600.46}",2615,600.41,601.67,600.33,601.59
2025-06-17 15:15:00,2025-06-17T16:15:00,2025-06-17T15:15:00,"{'bid': 601.6, 'ask': 601.73}","{'bid': 600.41, 'ask': 600.54}","{'bid': 601.61, 'ask': 601.73}","{'bid': 600.33, 'ask': 600.46}",2810,601.6,601.61,600.33,600.41
2025-06-17 15:30:00,2025-06-17T16:30:00,2025-06-17T15:30:00,"{'bid': 600.42, 'ask': 600.54}","{'bid': 600.99, 'ask': 601.11}","{'bid': 601.06, 'ask': 601.19}","{'bid': 600.15, 'ask': 600.28}",2644,600.42,601.06,600.15,600.99
2025-06-17 15:45:00,2025-06-17T16:45:00,2025-06-17T15:45:00,"{'bid': 600.99, 'ask': 601.12}","{'bid': 600.64, 'ask': 600.77}","{'bid': 601.16, 'ask': 601.29}","{'bid': 600.44, 'ask': 600.57}",2471,600.99,601.16,600.44,600.64
2025-06-17 16:00:00,2025-06-17T17:00:00,2025-06-17T16:00:00,"{'bid': 600.65, 'ask': 600.78}","{'bid': 601.36, 'ask': 601.48}","{'bid': 601.41, 'ask': 601.53}","{'bid': 600.48, 'ask': 600.62}",2810,600.65,601.41,600.48,601.36
2025-06-17 16:15:00,2025-06-17T17:15:00,2025-06-17T16:15:00,"{'bid': 601.34, 'ask': 601.47}","{'bid': 601.09, 'ask': 601.22}","{'bid': 601.52, 'ask': 601.65}","{'bid': 601.04, 'ask': 601.17}",2033,601.34,601.52,601.04,601.09
2025-06-17 16:30:00,2025-06-17T17:30:00,2025-06-17T16:30:00,"{'bid': 601.08, 'ask': 601.21}","{'bid': 600.56, 'ask': 600.69}","{'bid': 601.53, 'ask': 601.66}","{'bid': 600.41, 'ask': 600.54}",2033,601.08,601.53,600.41,600.56
2025-06-17 16:45:00,2025-06-17T17:45:00,2025-06-17T16:45:00,"{'bid': 600.58, 'ask': 600.7}","{'bid': 599.72, 'ask': 599.85}","{'bid': 601.04, 'ask': 601.16}","{'bid': 599.45, 'ask': 599.58}",4251,600.58,601.04,599.45,599.72
2025-06-17 17:00:00,2025-06-17T18:00:00,2025-06-17T17:00:00,"{'bid': 599.72, 'ask': 599.84}","{'bid': 599.92, 'ask': 600.04}","{'bid': 600.14, 'ask': 600.26}","{'bid': 599.39, 'ask': 599.51}",3261,599.72,600.14,599.39,599.92
2025-06-17 17:15:00,2025-06-17T18:15:00,2025-06-17T17:15:00,"{'bid': 599.91, 'ask': 600.03}","{'bid': 598.94, 'ask': 599.07}","{'bid': 599.97, 'ask': 600.1}","{'bid': 598.93, 'ask': 599.06}",3308,599.91,599.97,598.93,598.94
2025-06-17 17:30:00,2025-06-17T18:30:00,2025-06-17T17:30:00,"{'bid': 598.93, 'ask': 599.05}","{'bid': 598.82, 'ask': 598.94}","{'bid': 599.83, 'ask': 599.96}","{'bid': 598.51, 'ask': 598.63}",3692,598.93,599.83,598.51,598.82
2025-06-17 17:45:00,2025-06-17T18:45:00,2025-06-17T17:45:00,"{'bid': 598.8, 'ask': 598.93}","{'bid': 597.95, 'ask': 598.08}","{'bid': 599.0, 'ask': 599.13}","{'bid': 597.48, 'ask': 597.6}",5381,598.8,599.0,597.48,597.95
2025-06-17 18:00:00,2025-06-17T19:00:00,2025-06-17T18:00:00,"{'bid': 597.96, 'ask': 598.08}","{'bid': 597.64, 'ask': 597.77}","{'bid': 598.12, 'ask': 598.25}","{'bid': 597.1, 'ask': 597.22}",4579,597.96,598.12,597.1,597.64
2025-06-17 18:15:00,2025-06-17T19:15:00,2025-06-17T18:15:00,"{'bid': 597.63, 'ask': 597.76}","{'bid': 597.33, 'ask': 597.45}","{'bid': 597.85, 'ask': 597.97}","{'bid': 596.89, 'ask': 597.02}",4127,597.63,597.85,596.89,597.33
2025-06-17 18:30:00,2025-06-17T19:30:00,2025-06-17T18:30:00,"{'bid': 597.35, 'ask': 597.47}","{'bid': 597.18, 'ask': 597.31}","{'bid': 597.94, 'ask': 598.07}","{'bid': 596.69, 'ask': 596.82}",4138,597.35,597.94,596.69,597.18
2025-06-17 18:45:00,2025-06-17T19:45:00,2025-06-17T18:45:00,"{'bid': 597.2, 'ask': 597.32}","{'bid': 598.05, 'ask': 598.18}","{'bid': 598.1, 'ask': 598.22}","{'bid': 597.09, 'ask': 597.21}",3187,597.2,598.1,597.09,598.05
2025-06-17 19:00:00,2025-06-17T20:00:00,2025-06-17T19:00:00,"{'bid': 598.06, 'ask': 598.19}","{'bid': 597.86, 'ask': 597.98}","{'bid': 598.15, 'ask': 598.28}","{'bid': 597.32, 'ask': 597.45}",3147,598.06,598.15,597.32,597.86
2025-06-17 19:15:00,2025-06-17T20:15:00,2025-06-17T19:15:00,"{'bid': 597.85, 'ask': 597.98}","{'bid': 598.17, 'ask': 598.3}","{'bid': 598.31, 'ask': 598.44}","{'bid': 597.59, 'ask': 597.71}",2345,597.85,598.31,597.59,598.17
2025-06-17 19:30:00,2025-06-17T20:30:00,2025-06-17T19:30:00,"{'bid': 598.18, 'ask': 598.3}","{'bid': 597.82, 'ask': 597.95}","{'bid': 598.31, 'ask': 598.44}","{'bid': 597.49, 'ask': 597.62}",3042,598.18,598.31,597.49,597.82
2025-06-17 19:45:00,2025-06-17T20:45:00,2025-06-17T19:45:00,"{'bid': 597.83, 'ask': 597.96}","{'bid': 597.58, 'ask': 597.7}","{'bid': 598.48, 'ask': 598.71}","{'bid': 597.24, 'ask': 597.36}",5370,597.83,598.48,597.24,597.58
2025-06-17 20:00:00,2025-06-17T21:00:00,2025-06-17T20:00:00,"{'bid': 597.56, 'ask': 597.69}","{'bid': 597.41, 'ask': 597.54}","{'bid': 598.08, 'ask': 598.55}","{'bid': 597.23, 'ask': 597.38}",1784,597.56,598.08,597.23,597.41
2025-06-17 20:15:00,2025-06-17T21:15:00,2025-06-17T20:15:00,"{'bid': 597.43, 'ask': 597.56}","{'bid': 597.47, 'ask': 597.61}","{'bid': 597.64, 'ask': 598.25}","{'bid': 597.04, 'ask': 597.16}",607,597.43,597.64,597.04,597.47
2025-06-17 20:30:00,2025-06-17T21:30:00,2025-06-17T20:30:00,"{'bid': 597.47, 'ask': 597.59}","{'bid': 597.66, 'ask': 597.79}","{'bid': 597.68, 'ask': 598.25}","{'bid': 597.44, 'ask': 597.58}",417,597.47,597.68,597.44,597.66
2025-06-17 20:45:00,2025-06-17T21:45:00,2025-06-17T20:45:00,"{'bid': 597.66, 'ask': 597.8}","{'bid': 597.42, 'ask': 597.61}","{'bid': 597.73, 'ask': 598.24}","{'bid': 596.95, 'ask': 597.3}",699,597.66,597.73,596.95,597.42
2025-06-17 21:00:00,2025-06-17T22:00:00,2025-06-17T21:00:00,"{'bid': 596.85, 'ask': 597.61}","{'bid': 597.05, 'ask': 597.61}","{'bid': 597.3, 'ask': 597.61}","{'bid': 596.82, 'ask': 597.51}",15,596.85,597.3,596.82,597.05
2025-06-17 21:15:00,2025-06-17T22:15:00,2025-06-17T21:15:00,"{'bid': 597.05, 'ask': 597.75}","{'bid': 597.05, 'ask': 597.55}","{'bid': 597.47, 'ask': 597.75}","{'bid': 597.05, 'ask': 597.2}",52,597.05,597.47,597.05,597.05
2025-06-17 21:30:00,2025-06-17T22:30:00,2025-06-17T21:30:00,"{'bid': 597.3, 'ask': 597.55}","{'bid': 597.2, 'ask': 597.58}","{'bid': 597.43, 'ask': 597.75}","{'bid': 596.75, 'ask': 597.19}",75,597.3,597.43,596.75,597.2
2025-06-17 21:45:00,2025-06-17T22:45:00,2025-06-17T21:45:00,"{'bid': 597.2, 'ask': 597.44}","{'bid': 596.96, 'ask': 597.34}","{'bid': 597.3, 'ask': 597.75}","{'bid': 596.96, 'ask': 597.25}",35,597.2,597.3,596.96,596.96
2025-06-17 22:00:00,2025-06-17T23:00:00,2025-06-17T22:00:00,"{'bid': 596.75, 'ask': 597.18}","{'bid': 596.76, 'ask': 596.97}","{'bid': 597.15, 'ask': 597.65}","{'bid': 596.19, 'ask': 596.42}",870,596.75,597.15,596.19,596.76
2025-06-17 22:15:00,2025-06-17T23:15:00,2025-06-17T22:15:00,"{'bid': 596.77, 'ask': 596.98}","{'bid': 596.29, 'ask': 596.48}","{'bid': 596.77, 'ask': 596.98}","{'bid': 596.25, 'ask': 596.44}",508,596.77,596.77,596.25,596.29
2025-06-17 22:30:00,2025-06-17T23:30:00,2025-06-17T22:30:00,"{'bid': 596.29, 'ask': 596.46}","{'bid': 596.05, 'ask': 596.27}","{'bid': 596.42, 'ask': 596.63}","{'bid': 595.74, 'ask': 596.02}",705,596.29,596.42,595.74,596.05
2025-06-17 22:45:00,2025-06-17T23:45:00,2025-06-17T22:45:00,"{'bid': 596.01, 'ask': 596.22}","{'bid': 595.65, 'ask': 595.82}","{'bid': 596.05, 'ask': 596.31}","{'bid': 595.15, 'ask': 595.67}",615,596.01,596.05,595.15,595.65
2025-06-17 23:00:00,2025-06-18T00:00:00,2025-06-17T23:00:00,"{'bid': 595.63, 'ask': 595.81}","{'bid': 595.68, 'ask': 595.85}","{'bid': 596.21, 'ask': 596.41}","{'bid': 595.45, 'ask': 595.67}",889,595.63,596.21,595.45,595.68
2025-06-17 23:15:00,2025-06-18T00:15:00,2025-06-17T23:15:00,"{'bid': 595.68, 'ask': 595.86}","{'bid': 596.02, 'ask': 596.21}","{'bid': 596.14, 'ask': 596.36}","{'bid': 595.68, 'ask': 595.83}",620,595.68,596.14,595.68,596.02
2025-06-17 23:30:00,2025-06-18T00:30:00,2025-06-17T23:30:00,"{'bid': 595.98, 'ask': 596.17}","{'bid': 596.32, 'ask': 596.51}","{'bid': 596.45, 'ask': 597.05}","{'bid': 595.83, 'ask': 596.0}",472,595.98,596.45,595.83,596.32
2025-06-17 23:45:00,2025-06-18T00:45:00,2025-06-17T23:45:00,"{'bid': 596.33, 'ask': 596.51}","{'bid': 596.07, 'ask': 596.26}","{'bid': 596.61, 'ask': 597.03}","{'bid': 595.82, 'ask': 596.09}",925,596.33,596.61,595.82,596.07
2025-06-18 08:00:00,2025-06-18T09:00:00,2025-06-18T08:00:00,"{'bid': 598.92, 'ask': 599.14}","{'bid': 599.13, 'ask': 599.28}","{'bid': 599.4, 'ask': 599.75}","{'bid': 598.78, 'ask': 598.97}",924,598.92,599.4,598.78,599.13
2025-06-18 08:15:00,2025-06-18T09:15:00,2025-06-18T08:15:00,"{'bid': 599.1, 'ask': 599.28}","{'bid': 598.84, 'ask': 599.04}","{'bid': 599.13, 'ask': 599.4}","{'bid': 598.55, 'ask': 598.79}",778,599.1,599.13,598.55,598.84
2025-06-18 08:30:00,2025-06-18T09:30:00,2025-06-18T08:30:00,"{'bid': 598.85, 'ask': 599.04}","{'bid': 598.95, 'ask': 599.11}","{'bid': 599.01, 'ask': 599.19}","{'bid': 598.74, 'ask': 598.97}",510,598.85,599.01,598.74,598.95
2025-06-18 08:45:00,2025-06-18T09:45:00,2025-06-18T08:45:00,"{'bid': 598.96, 'ask': 599.12}","{'bid': 599.28, 'ask': 599.45}","{'bid': 599.4, 'ask': 599.55}","{'bid': 598.94, 'ask': 599.09}",470,598.96,599.4,598.94,599.28
2025-06-18 09:00:00,2025-06-18T10:00:00,2025-06-18T09:00:00,"{'bid': 599.29, 'ask': 599.45}","{'bid': 599.6, 'ask': 599.75}","{'bid': 599.97, 'ask': 600.35}","{'bid': 599.29, 'ask': 599.45}",610,599.29,599.97,599.29,599.6
2025-06-18 09:15:00,2025-06-18T10:15:00,2025-06-18T09:15:00,"{'bid': 599.59, 'ask': 599.75}","{'bid': 599.55, 'ask': 599.71}","{'bid': 599.74, 'ask': 600.35}","{'bid': 599.37, 'ask': 599.63}",403,599.59,599.74,599.37,599.55
2025-06-18 09:30:00,2025-06-18T10:30:00,2025-06-18T09:30:00,"{'bid': 599.53, 'ask': 599.69}","{'bid': 599.41, 'ask': 599.56}","{'bid': 599.67, 'ask': 600.05}","{'bid': 599.13, 'ask': 599.43}",457,599.53,599.67,599.13,599.41
2025-06-18 09:45:00,2025-06-18T10:45:00,2025-06-18T09:45:00,"{'bid': 599.4, 'ask': 599.56}","{'bid': 599.27, 'ask': 599.46}","{'bid': 599.52, 'ask': 600.05}","{'bid': 599.13, 'ask': 599.41}",370,599.4,599.52,599.13,599.27
2025-06-18 10:00:00,2025-06-18T11:00:00,2025-06-18T10:00:00,"{'bid': 599.26, 'ask': 599.45}","{'bid': 598.92, 'ask': 599.09}","{'bid': 599.33, 'ask': 599.5}","{'bid': 598.45, 'ask': 598.82}",553,599.26,599.33,598.45,598.92
2025-06-18 10:15:00,2025-06-18T11:15:00,2025-06-18T10:15:00,"{'bid': 598.93, 'ask': 599.09}","{'bid': 598.54, 'ask': 598.72}","{'bid': 599.11, 'ask': 599.45}","{'bid': 598.0, 'ask': 598.34}",881,598.93,599.11,598.0,598.54
2025-06-18 10:30:00,2025-06-18T11:30:00,2025-06-18T10:30:00,"{'bid': 598.54, 'ask': 598.71}","{'bid': 598.36, 'ask': 598.53}","{'bid': 598.66, 'ask': 599.15}","{'bid': 597.91, 'ask': 598.23}",951,598.54,598.66,597.91,598.36
2025-06-18 10:45:00,2025-06-18T11:45:00,2025-06-18T10:45:00,"{'bid': 598.35, 'ask': 598.52}","{'bid': 597.41, 'ask': 597.58}","{'bid': 598.6, 'ask': 598.85}","{'bid': 597.3, 'ask': 597.46}",957,598.35,598.6,597.3,597.41
2025-06-18 11:00:00,2025-06-18T12:00:00,2025-06-18T11:00:00,"{'bid': 597.42, 'ask': 597.58}","{'bid': 597.64, 'ask': 597.8}","{'bid': 597.78, 'ask': 598.05}","{'bid': 597.1, 'ask': 597.44}",852,597.42,597.78,597.1,597.64
2025-06-18 11:15:00,2025-06-18T12:15:00,2025-06-18T11:15:00,"{'bid': 597.66, 'ask': 597.82}","{'bid': 597.99, 'ask': 598.15}","{'bid': 598.14, 'ask': 598.5}","{'bid': 597.25, 'ask': 597.67}",728,597.66,598.14,597.25,597.99
2025-06-18 11:30:00,2025-06-18T12:30:00,2025-06-18T11:30:00,"{'bid': 598.01, 'ask': 598.18}","{'bid': 598.53, 'ask': 598.66}","{'bid': 598.56, 'ask': 599.15}","{'bid': 597.55, 'ask': 598.04}",596,598.01,598.56,597.55,598.53
2025-06-18 11:45:00,2025-06-18T12:45:00,2025-06-18T11:45:00,"{'bid': 598.5, 'ask': 598.67}","{'bid': 598.62, 'ask': 598.77}","{'bid': 599.17, 'ask': 599.5}","{'bid': 598.15, 'ask': 598.64}",838,598.5,599.17,598.15,598.62
2025-06-18 12:00:00,2025-06-18T13:00:00,2025-06-18T12:00:00,"{'bid': 598.59, 'ask': 598.74}","{'bid': 598.61, 'ask': 598.77}","{'bid': 598.64, 'ask': 598.8}","{'bid': 598.0, 'ask': 598.46}",688,598.59,598.64,598.0,598.61
2025-06-18 12:15:00,2025-06-18T13:15:00,2025-06-18T12:15:00,"{'bid': 598.62, 'ask': 598.77}","{'bid': 598.46, 'ask': 598.75}","{'bid': 598.84, 'ask': 599.2}","{'bid': 598.33, 'ask': 598.47}",671,598.62,598.84,598.33,598.46
2025-06-18 12:30:00,2025-06-18T13:30:00,2025-06-18T12:30:00,"{'bid': 598.47, 'ask': 598.75}","{'bid': 598.22, 'ask': 598.37}","{'bid': 598.69, 'ask': 598.84}","{'bid': 597.95, 'ask': 598.09}",951,598.47,598.69,597.95,598.22
2025-06-18 12:45:00,2025-06-18T13:45:00,2025-06-18T12:45:00,"{'bid': 598.24, 'ask': 598.4}","{'bid': 598.01, 'ask': 598.18}","{'bid': 598.48, 'ask': 598.63}","{'bid': 597.98, 'ask': 598.13}",898,598.24,598.48,597.98,598.01
2025-06-18 13:00:00,2025-06-18T14:00:00,2025-06-18T13:00:00,"{'bid': 598.03, 'ask': 598.17}","{'bid': 598.47, 'ask': 598.6}","{'bid': 598.6, 'ask': 598.9}","{'bid': 597.85, 'ask': 598.13}",801,598.03,598.6,597.85,598.47
2025-06-18 13:15:00,2025-06-18T14:15:00,2025-06-18T13:15:00,"{'bid': 598.47, 'ask': 598.62}","{'bid': 598.34, 'ask': 598.48}","{'bid': 598.73, 'ask': 599.01}","{'bid': 597.95, 'ask': 598.43}",999,598.47,598.73,597.95,598.34
2025-06-18 13:30:00,2025-06-18T14:30:00,2025-06-18T13:30:00,"{'bid': 598.36, 'ask': 598.5}","{'bid': 598.12, 'ask': 598.24}","{'bid': 598.38, 'ask': 598.5}","{'bid': 597.3, 'ask': 597.43}",5024,598.36,598.38,597.3,598.12
2025-06-18 13:45:00,2025-06-18T14:45:00,2025-06-18T13:45:00,"{'bid': 598.14, 'ask': 598.27}","{'bid': 599.06, 'ask': 599.19}","{'bid': 599.53, 'ask': 599.65}","{'bid': 598.05, 'ask': 598.18}",3317,598.14,599.53,598.05,599.06
2025-06-18 14:00:00,2025-06-18T15:00:00,2025-06-18T14:00:00,"{'bid': 599.08, 'ask': 599.21}","{'bid': 600.02, 'ask': 600.15}","{'bid': 600.16, 'ask': 600.28}","{'bid': 598.67, 'ask': 598.8}",4017,599.08,600.16,598.67,600.02
2025-06-18 14:15:00,2025-06-18T15:15:00,2025-06-18T14:15:00,"{'bid': 600.03, 'ask': 600.16}","{'bid': 600.71, 'ask': 600.84}","{'bid': 600.98, 'ask': 601.1}","{'bid': 599.96, 'ask': 600.08}",3306,600.03,600.98,599.96,600.71
2025-06-18 14:30:00,2025-06-18T15:30:00,2025-06-18T14:30:00,"{'bid': 600.7, 'ask': 600.83}","{'bid': 600.95, 'ask': 601.08}","{'bid': 601.14, 'ask': 601.26}","{'bid': 600.58, 'ask': 600.71}",2886,600.7,601.14,600.58,600.95
2025-06-18 14:45:00,2025-06-18T15:45:00,2025-06-18T14:45:00,"{'bid': 600.96, 'ask': 601.08}","{'bid': 600.77, 'ask': 600.9}","{'bid': 601.14, 'ask': 601.27}","{'bid': 600.48, 'ask': 600.6}",2251,600.96,601.14,600.48,600.77
2025-06-18 15:00:00,2025-06-18T16:00:00,2025-06-18T15:00:00,"{'bid': 600.76, 'ask': 600.89}","{'bid': 600.3, 'ask': 600.43}","{'bid': 600.83, 'ask': 600.96}","{'bid': 600.25, 'ask': 600.38}",2056,600.76,600.83,600.25,600.3
2025-06-18 15:15:00,2025-06-18T16:15:00,2025-06-18T15:15:00,"{'bid': 600.31, 'ask': 600.43}","{'bid': 600.06, 'ask': 600.19}","{'bid': 600.42, 'ask': 600.55}","{'bid': 599.83, 'ask': 599.96}",2165,600.31,600.42,599.83,600.06
2025-06-18 15:30:00,2025-06-18T16:30:00,2025-06-18T15:30:00,"{'bid': 600.08, 'ask': 600.2}","{'bid': 599.9, 'ask': 600.03}","{'bid': 600.29, 'ask': 600.42}","{'bid': 599.62, 'ask': 599.75}",2541,600.08,600.29,599.62,599.9
2025-06-18 15:45:00,2025-06-18T16:45:00,2025-06-18T15:45:00,"{'bid': 599.9, 'ask': 600.02}","{'bid': 599.67, 'ask': 599.79}","{'bid': 600.45, 'ask': 600.58}","{'bid': 599.56, 'ask': 599.69}",2180,599.9,600.45,599.56,599.67
2025-06-18 16:00:00,2025-06-18T17:00:00,2025-06-18T16:00:00,"{'bid': 599.65, 'ask': 599.78}","{'bid': 600.12, 'ask': 600.24}","{'bid': 600.25, 'ask': 600.38}","{'bid': 599.37, 'ask': 599.49}",2558,599.65,600.25,599.37,600.12
2025-06-18 16:15:00,2025-06-18T17:15:00,2025-06-18T16:15:00,"{'bid': 600.11, 'ask': 600.24}","{'bid': 599.43, 'ask': 599.56}","{'bid': 600.17, 'ask': 600.3}","{'bid': 599.34, 'ask': 599.47}",2087,600.11,600.17,599.34,599.43
2025-06-18 16:30:00,2025-06-18T17:30:00,2025-06-18T16:30:00,"{'bid': 599.41, 'ask': 599.54}","{'bid': 599.68, 'ask': 599.81}","{'bid': 599.72, 'ask': 599.85}","{'bid': 599.34, 'ask': 599.47}",1970,599.41,599.72,599.34,599.68
2025-06-18 16:45:00,2025-06-18T17:45:00,2025-06-18T16:45:00,"{'bid': 599.67, 'ask': 599.8}","{'bid': 599.4, 'ask': 599.52}","{'bid': 600.04, 'ask': 600.16}","{'bid': 599.36, 'ask': 599.49}",2126,599.67,600.04,599.36,599.4
2025-06-18 17:00:00,2025-06-18T18:00:00,2025-06-18T17:00:00,"{'bid': 599.39, 'ask': 599.52}","{'bid': 599.34, 'ask': 599.47}","{'bid': 599.64, 'ask': 599.77}","{'bid': 599.25, 'ask': 599.38}",2133,599.39,599.64,599.25,599.34
2025-06-18 17:15:00,2025-06-18T18:15:00,2025-06-18T17:15:00,"{'bid': 599.36, 'ask': 599.48}","{'bid': 598.81, 'ask': 598.94}","{'bid': 599.56, 'ask': 599.69}","{'bid': 598.76, 'ask': 598.89}",2124,599.36,599.56,598.76,598.81
2025-06-18 17:30:00,2025-06-18T18:30:00,2025-06-18T17:30:00,"{'bid': 598.83, 'ask': 598.95}","{'bid': 599.22, 'ask': 599.35}","{'bid': 599.26, 'ask': 599.39}","{'bid': 597.98, 'ask': 598.1}",3078,598.83,599.26,597.98,599.22
2025-06-18 17:45:00,2025-06-18T18:45:00,2025-06-18T17:45:00,"{'bid': 599.22, 'ask': 599.34}","{'bid': 599.3, 'ask': 599.67}","{'bid': 599.9, 'ask': 600.03}","{'bid': 599.19, 'ask': 599.32}",2081,599.22,599.9,599.19,599.3
2025-06-18 18:00:00,2025-06-18T19:00:00,2025-06-18T18:00:00,"{'bid': 599.52, 'ask': 599.69}","{'bid': 599.35, 'ask': 599.48}","{'bid': 600.89, 'ask': 601.03}","{'bid': 598.4, 'ask': 598.52}",5815,599.52,600.89,598.4,599.35
2025-06-18 18:15:00,2025-06-18T19:15:00,2025-06-18T18:15:00,"{'bid': 599.37, 'ask': 599.49}","{'bid': 599.28, 'ask': 599.4}","{'bid': 599.64, 'ask': 599.77}","{'bid': 598.64, 'ask': 598.76}",4252,599.37,599.64,598.64,599.28
2025-06-18 18:30:00,2025-06-18T19:30:00,2025-06-18T18:30:00,"{'bid': 599.28, 'ask': 599.41}","{'bid': 600.28, 'ask': 600.41}","{'bid': 600.71, 'ask': 600.87}","{'bid': 598.82, 'ask': 598.95}",5048,599.28,600.71,598.82,600.28
2025-06-18 18:45:00,2025-06-18T19:45:00,2025-06-18T18:45:00,"{'bid': 600.29, 'ask': 600.41}","{'bid': 597.17, 'ask': 597.29}","{'bid': 600.31, 'ask': 600.44}","{'bid': 596.61, 'ask': 596.73}",6716,600.29,600.31,596.61,597.17
2025-06-18 19:00:00,2025-06-18T20:00:00,2025-06-18T19:00:00,"{'bid': 597.19, 'ask': 597.33}","{'bid': 598.33, 'ask': 598.45}","{'bid': 598.72, 'ask': 598.84}","{'bid': 596.42, 'ask': 596.54}",7384,597.19,598.72,596.42,598.33
2025-06-18 19:15:00,2025-06-18T20:15:00,2025-06-18T19:15:00,"{'bid': 598.31, 'ask': 598.44}","{'bid': 596.85, 'ask': 596.97}","{'bid': 598.86, 'ask': 598.99}","{'bid': 596.81, 'ask': 596.94}",6032,598.31,598.86,596.81,596.85
2025-06-18 19:30:00,2025-06-18T20:30:00,2025-06-18T19:30:00,"{'bid': 596.84, 'ask': 596.97}","{'bid': 598.69, 'ask': 598.82}","{'bid': 598.71, 'ask': 598.84}","{'bid': 596.56, 'ask': 596.68}",4921,596.84,598.71,596.56,598.69
2025-06-18 19:45:00,2025-06-18T20:45:00,2025-06-18T19:45:00,"{'bid': 598.69, 'ask': 598.81}","{'bid': 597.42, 'ask': 597.54}","{'bid': 598.73, 'ask': 598.86}","{'bid': 596.97, 'ask': 597.1}",5992,598.69,598.73,596.97,597.42
2025-06-18 20:00:00,2025-06-18T21:00:00,2025-06-18T20:00:00,"{'bid': 597.4, 'ask': 597.53}","{'bid': 597.86, 'ask': 597.99}","{'bid': 598.16, 'ask': 598.35}","{'bid': 597.33, 'ask': 597.46}",1528,597.4,598.16,597.33,597.86
2025-06-18 20:15:00,2025-06-18T21:15:00,2025-06-18T20:15:00,"{'bid': 597.86, 'ask': 598.0}","{'bid': 597.78, 'ask': 597.92}","{'bid': 598.02, 'ask': 598.15}","{'bid': 597.26, 'ask': 597.65}",433,597.86,598.02,597.26,597.78
2025-06-18 20:30:00,2025-06-18T21:30:00,2025-06-18T20:30:00,"{'bid': 597.8, 'ask': 597.95}","{'bid': 597.75, 'ask': 597.89}","{'bid': 597.94, 'ask': 598.13}","{'bid': 597.25, 'ask': 597.7}",318,597.8,597.94,597.25,597.75
2025-06-18 20:45:00,2025-06-18T21:45:00,2025-06-18T20:45:00,"{'bid': 597.75, 'ask': 597.88}","{'bid': 597.4, 'ask': 597.74}","{'bid': 597.87, 'ask': 598.13}","{'bid': 597.25, 'ask': 597.55}",539,597.75,597.87,597.25,597.4
2025-06-18 21:00:00,2025-06-18T22:00:00,2025-06-18T21:00:00,"{'bid': 597.4, 'ask': 597.73}","{'bid': 597.15, 'ask': 597.75}","{'bid': 597.51, 'ask': 597.85}","{'bid': 595.75, 'ask': 597.19}",67,597.4,597.51,595.75,597.15
2025-06-18 21:15:00,2025-06-18T22:15:00,2025-06-18T21:15:00,"{'bid': 597.36, 'ask': 597.75}","{'bid': 596.95, 'ask': 597.35}","{'bid': 597.36, 'ask': 597.75}","{'bid': 596.83, 'ask': 597.12}",36,597.36,597.36,596.83,596.95
2025-06-18 21:30:00,2025-06-18T22:30:00,2025-06-18T21:30:00,"{'bid': 597.18, 'ask': 597.35}","{'bid': 597.15, 'ask': 597.39}","{'bid': 597.18, 'ask': 597.41}","{'bid': 596.95, 'ask': 597.16}",9,597.18,597.18,596.95,597.15
2025-06-18 21:45:00,2025-06-18T22:45:00,2025-06-18T21:45:00,"{'bid': 597.25, 'ask': 597.39}","{'bid': 597.29, 'ask': 597.42}","{'bid': 597.29, 'ask': 597.42}","{'bid': 596.91, 'ask': 597.2}",48,597.25,597.29,596.91,597.29
2025-06-18 22:00:00,2025-06-18T23:00:00,2025-06-18T22:00:00,"{'bid': 597.3, 'ask': 597.44}","{'bid': 596.86, 'ask': 597.06}","{'bid': 597.49, 'ask': 597.87}","{'bid': 596.8, 'ask': 596.97}",423,597.3,597.49,596.8,596.86
2025-06-18 22:15:00,2025-06-18T23:15:00,2025-06-18T22:15:00,"{'bid': 596.86, 'ask': 597.35}","{'bid': 596.91, 'ask': 597.09}","{'bid': 597.14, 'ask': 597.6}","{'bid': 596.35, 'ask': 596.66}",423,596.86,597.14,596.35,596.91
2025-06-18 22:30:00,2025-06-18T23:30:00,2025-06-18T22:30:00,"{'bid': 596.91, 'ask': 597.35}","{'bid': 596.6, 'ask': 596.78}","{'bid': 597.0, 'ask': 597.35}","{'bid': 596.45, 'ask': 596.6}",476,596.91,597.0,596.45,596.6
2025-06-18 22:45:00,2025-06-18T23:45:00,2025-06-18T22:45:00,"{'bid': 596.6, 'ask': 596.77}","{'bid': 596.92, 'ask': 597.08}","{'bid': 596.92, 'ask': 597.25}","{'bid': 596.55, 'ask': 596.73}",294,596.6,596.92,596.55,596.92
2025-06-18 23:00:00,2025-06-19T00:00:00,2025-06-18T23:00:00,"{'bid': 596.91, 'ask': 597.07}","{'bid': 596.83, 'ask': 597.03}","{'bid': 597.21, 'ask': 597.6}","{'bid': 596.61, 'ask': 596.98}",352,596.91,597.21,596.61,596.83
2025-06-18 23:15:00,2025-06-19T00:15:00,2025-06-18T23:15:00,"{'bid': 596.83, 'ask': 597.02}","{'bid': 596.86, 'ask': 597.06}","{'bid': 596.96, 'ask': 597.34}","{'bid': 596.73, 'ask': 596.91}",216,596.83,596.96,596.73,596.86
2025-06-18 23:30:00,2025-06-19T00:30:00,2025-06-18T23:30:00,"{'bid': 596.86, 'ask': 597.04}","{'bid': 596.79, 'ask': 596.97}","{'bid': 596.96, 'ask': 597.15}","{'bid': 596.6, 'ask': 596.86}",331,596.86,596.96,596.6,596.79
2025-06-18 23:45:00,2025-06-19T00:45:00,2025-06-18T23:45:00,"{'bid': 596.79, 'ask': 596.98}","{'bid': 597.18, 'ask': 597.37}","{'bid': 597.26, 'ask': 597.6}","{'bid': 596.6, 'ask': 596.92}",372,596.79,597.26,596.6,597.18
2025-06-20 08:00:00,2025-06-20T09:00:00,2025-06-20T08:00:00,"{'bid': 595.06, 'ask': 595.24}","{'bid': 595.53, 'ask': 595.68}","{'bid': 595.7, 'ask': 596.0}","{'bid': 595.03, 'ask': 595.22}",1009,595.06,595.7,595.03,595.53
2025-06-20 08:15:00,2025-06-20T09:15:00,2025-06-20T08:15:00,"{'bid': 595.56, 'ask': 595.74}","{'bid': 595.05, 'ask': 595.23}","{'bid': 595.67, 'ask': 596.0}","{'bid': 594.98, 'ask': 595.15}",621,595.56,595.67,594.98,595.05
2025-06-20 08:30:00,2025-06-20T09:30:00,2025-06-20T08:30:00,"{'bid': 595.05, 'ask': 595.22}","{'bid': 594.38, 'ask': 594.53}","{'bid': 595.06, 'ask': 595.25}","{'bid': 594.27, 'ask': 594.52}",703,595.05,595.06,594.27,594.38
2025-06-20 08:45:00,2025-06-20T09:45:00,2025-06-20T08:45:00,"{'bid': 594.39, 'ask': 594.53}","{'bid': 593.69, 'ask': 593.87}","{'bid': 594.43, 'ask': 594.8}","{'bid': 593.54, 'ask': 593.73}",843,594.39,594.43,593.54,593.69
2025-06-20 09:00:00,2025-06-20T10:00:00,2025-06-20T09:00:00,"{'bid': 593.7, 'ask': 593.88}","{'bid': 594.35, 'ask': 594.54}","{'bid': 594.36, 'ask': 594.64}","{'bid': 593.67, 'ask': 593.85}",863,593.7,594.36,593.67,594.35
2025-06-20 09:15:00,2025-06-20T10:15:00,2025-06-20T09:15:00,"{'bid': 594.36, 'ask': 594.54}","{'bid': 594.27, 'ask': 594.43}","{'bid': 594.6, 'ask': 594.95}","{'bid': 594.14, 'ask': 594.41}",518,594.36,594.6,594.14,594.27
2025-06-20 09:30:00,2025-06-20T10:30:00,2025-06-20T09:30:00,"{'bid': 594.25, 'ask': 594.43}","{'bid': 594.37, 'ask': 594.54}","{'bid': 594.38, 'ask': 594.95}","{'bid': 594.0, 'ask': 594.26}",528,594.25,594.38,594.0,594.37
2025-06-20 09:45:00,2025-06-20T10:45:00,2025-06-20T09:45:00,"{'bid': 594.38, 'ask': 594.55}","{'bid': 594.78, 'ask': 594.93}","{'bid': 594.93, 'ask': 595.75}","{'bid': 594.0, 'ask': 594.37}",685,594.38,594.93,594.0,594.78
2025-06-20 10:00:00,2025-06-20T11:00:00,2025-06-20T10:00:00,"{'bid': 594.76, 'ask': 594.93}","{'bid': 594.44, 'ask': 594.62}","{'bid': 594.97, 'ask': 595.55}","{'bid': 594.44, 'ask': 594.62}",569,594.76,594.97,594.44,594.44
2025-06-20 10:15:00,2025-06-20T11:15:00,2025-06-20T10:15:00,"{'bid': 594.46, 'ask': 594.62}","{'bid': 594.28, 'ask': 594.45}","{'bid': 594.46, 'ask': 594.95}","{'bid': 594.17, 'ask': 594.35}",467,594.46,594.46,594.17,594.28
2025-06-20 10:30:00,2025-06-20T11:30:00,2025-06-20T10:30:00,"{'bid': 594.29, 'ask': 594.45}","{'bid': 594.75, 'ask': 594.93}","{'bid': 594.85, 'ask': 595.25}","{'bid': 594.18, 'ask': 594.35}",466,594.29,594.85,594.18,594.75
2025-06-20 10:45:00,2025-06-20T11:45:00,2025-06-20T10:45:00,"{'bid': 594.73, 'ask': 594.91}","{'bid': 594.67, 'ask': 594.82}","{'bid': 594.9, 'ask': 595.05}","{'bid': 594.49, 'ask': 594.67}",564,594.73,594.9,594.49,594.67
2025-06-20 11:00:00,2025-06-20T12:00:00,2025-06-20T11:00:00,"{'bid': 594.63, 'ask': 594.81}","{'bid': 594.84, 'ask': 594.99}","{'bid': 595.08, 'ask': 595.55}","{'bid': 594.56, 'ask': 594.76}",781,594.63,595.08,594.56,594.84
2025-06-20 11:15:00,2025-06-20T12:15:00,2025-06-20T11:15:00,"{'bid': 594.83, 'ask': 594.99}","{'bid': 594.9, 'ask': 595.08}","{'bid': 595.18, 'ask': 595.55}","{'bid': 594.79, 'ask': 594.97}",541,594.83,595.18,594.79,594.9
2025-06-20 11:30:00,2025-06-20T12:30:00,2025-06-20T11:30:00,"{'bid': 594.91, 'ask': 595.08}","{'bid': 596.34, 'ask': 596.52}","{'bid': 596.39, 'ask': 597.04}","{'bid': 594.84, 'ask': 594.97}",575,594.91,596.39,594.84,596.34
2025-06-20 11:45:00,2025-06-20T12:45:00,2025-06-20T11:45:00,"{'bid': 596.38, 'ask': 597.05}","{'bid': 596.05, 'ask': 596.2}","{'bid': 597.27, 'ask': 597.95}","{'bid': 595.89, 'ask': 596.17}",2385,596.38,597.27,595.89,596.05
2025-06-20 12:00:00,2025-06-20T13:00:00,2025-06-20T12:00:00,"{'bid': 596.05, 'ask': 596.19}","{'bid': 596.44, 'ask': 596.61}","{'bid': 596.61, 'ask': 596.75}","{'bid': 595.89, 'ask': 596.16}",1213,596.05,596.61,595.89,596.44
2025-06-20 12:15:00,2025-06-20T13:15:00,2025-06-20T12:15:00,"{'bid': 596.42, 'ask': 596.61}","{'bid': 596.59, 'ask': 596.86}","{'bid': 596.78, 'ask': 596.99}","{'bid': 596.18, 'ask': 596.38}",1053,596.42,596.78,596.18,596.59
2025-06-20 12:30:00,2025-06-20T13:30:00,2025-06-20T12:30:00,"{'bid': 596.6, 'ask': 596.86}","{'bid': 597.13, 'ask': 597.29}","{'bid': 597.49, 'ask': 597.82}","{'bid': 596.59, 'ask': 596.75}",1840,596.6,597.49,596.59,597.13
2025-06-20 12:45:00,2025-06-20T13:45:00,2025-06-20T12:45:00,"{'bid': 597.13, 'ask': 597.3}","{'bid': 597.65, 'ask': 597.77}","{'bid': 597.81, 'ask': 598.08}","{'bid': 597.13, 'ask': 597.28}",914,597.13,597.81,597.13,597.65
2025-06-20 13:00:00,2025-06-20T14:00:00,2025-06-20T13:00:00,"{'bid': 597.64, 'ask': 597.79}","{'bid': 597.89, 'ask': 598.04}","{'bid': 598.01, 'ask': 598.16}","{'bid': 597.58, 'ask': 597.79}",846,597.64,598.01,597.58,597.89
2025-06-20 13:15:00,2025-06-20T14:15:00,2025-06-20T13:15:00,"{'bid': 597.89, 'ask': 598.03}","{'bid': 598.33, 'ask': 598.48}","{'bid': 599.25, 'ask': 600.05}","{'bid': 597.68, 'ask': 597.86}",1747,597.89,599.25,597.68,598.33
2025-06-20 13:30:00,2025-06-20T14:30:00,2025-06-20T13:30:00,"{'bid': 598.31, 'ask': 598.48}","{'bid': 599.26, 'ask': 599.39}","{'bid': 599.39, 'ask': 599.52}","{'bid': 597.58, 'ask': 597.71}",6671,598.31,599.39,597.58,599.26
2025-06-20 13:45:00,2025-06-20T14:45:00,2025-06-20T13:45:00,"{'bid': 599.27, 'ask': 599.39}","{'bid': 597.25, 'ask': 597.37}","{'bid': 599.4, 'ask': 599.52}","{'bid': 597.11, 'ask': 597.23}",5599,599.27,599.4,597.11,597.25
2025-06-20 14:00:00,2025-06-20T15:00:00,2025-06-20T14:00:00,"{'bid': 597.26, 'ask': 597.38}","{'bid': 597.0, 'ask': 597.13}","{'bid': 597.52, 'ask': 597.65}","{'bid': 596.57, 'ask': 596.7}",4925,597.26,597.52,596.57,597.0
2025-06-20 14:15:00,2025-06-20T15:15:00,2025-06-20T14:15:00,"{'bid': 597.01, 'ask': 597.13}","{'bid': 596.09, 'ask': 596.21}","{'bid': 597.35, 'ask': 597.48}","{'bid': 595.26, 'ask': 595.38}",5380,597.01,597.35,595.26,596.09
2025-06-20 14:30:00,2025-06-20T15:30:00,2025-06-20T14:30:00,"{'bid': 596.11, 'ask': 596.23}","{'bid': 595.24, 'ask': 595.36}","{'bid': 596.52, 'ask': 596.65}","{'bid': 594.68, 'ask': 594.8}",5762,596.11,596.52,594.68,595.24
2025-06-20 14:45:00,2025-06-20T15:45:00,2025-06-20T14:45:00,"{'bid': 595.22, 'ask': 595.34}","{'bid': 594.34, 'ask': 594.46}","{'bid': 595.23, 'ask': 595.36}","{'bid': 593.93, 'ask': 594.06}",6218,595.22,595.23,593.93,594.34
2025-06-20 15:00:00,2025-06-20T16:00:00,2025-06-20T15:00:00,"{'bid': 594.33, 'ask': 594.45}","{'bid': 595.06, 'ask': 595.19}","{'bid': 595.09, 'ask': 595.22}","{'bid': 593.45, 'ask': 593.57}",5531,594.33,595.09,593.45,595.06
2025-06-20 15:15:00,2025-06-20T16:15:00,2025-06-20T15:15:00,"{'bid': 595.06, 'ask': 595.18}","{'bid': 595.04, 'ask': 595.17}","{'bid': 595.57, 'ask': 595.7}","{'bid': 594.88, 'ask': 595.01}",3577,595.06,595.57,594.88,595.04
2025-06-20 15:30:00,2025-06-20T16:30:00,2025-06-20T15:30:00,"{'bid': 595.03, 'ask': 595.15}","{'bid': 596.24, 'ask': 596.37}","{'bid': 596.31, 'ask': 596.44}","{'bid': 594.98, 'ask': 595.11}",3241,595.03,596.31,594.98,596.24
2025-06-20 15:45:00,2025-06-20T16:45:00,2025-06-20T15:45:00,"{'bid': 596.24, 'ask': 596.36}","{'bid': 594.64, 'ask': 594.77}","{'bid': 596.27, 'ask': 596.4}","{'bid': 594.53, 'ask': 594.66}",3560,596.24,596.27,594.53,594.64
2025-06-20 16:00:00,2025-06-20T17:00:00,2025-06-20T16:00:00,"{'bid': 594.66, 'ask': 594.79}","{'bid': 594.53, 'ask': 594.65}","{'bid': 595.29, 'ask': 595.42}","{'bid': 594.38, 'ask': 594.51}",3678,594.66,595.29,594.38,594.53
2025-06-20 16:15:00,2025-06-20T17:15:00,2025-06-20T16:15:00,"{'bid': 594.53, 'ask': 594.66}","{'bid': 594.86, 'ask': 594.98}","{'bid': 595.07, 'ask': 595.2}","{'bid': 594.16, 'ask': 594.28}",3639,594.53,595.07,594.16,594.86
2025-06-20 16:30:00,2025-06-20T17:30:00,2025-06-20T16:30:00,"{'bid': 594.87, 'ask': 594.99}","{'bid': 595.18, 'ask': 595.31}","{'bid': 595.48, 'ask': 595.61}","{'bid': 594.82, 'ask': 594.94}",2851,594.87,595.48,594.82,595.18
2025-06-20 16:45:00,2025-06-20T17:45:00,2025-06-20T16:45:00,"{'bid': 595.19, 'ask': 595.31}","{'bid': 595.26, 'ask': 595.39}","{'bid': 595.63, 'ask': 595.76}","{'bid': 594.86, 'ask': 594.98}",2805,595.19,595.63,594.86,595.26
2025-06-20 17:00:00,2025-06-20T18:00:00,2025-06-20T17:00:00,"{'bid': 595.27, 'ask': 595.39}","{'bid': 595.27, 'ask': 595.4}","{'bid': 595.78, 'ask': 595.91}","{'bid': 594.69, 'ask': 594.82}",3038,595.27,595.78,594.69,595.27
2025-06-20 17:15:00,2025-06-20T18:15:00,2025-06-20T17:15:00,"{'bid': 595.28, 'ask': 595.4}","{'bid': 593.48, 'ask': 593.61}","{'bid': 595.82, 'ask': 595.96}","{'bid': 593.48, 'ask': 593.61}",3417,595.28,595.82,593.48,593.48
2025-06-20 17:30:00,2025-06-20T18:30:00,2025-06-20T17:30:00,"{'bid': 593.5, 'ask': 593.63}","{'bid': 593.35, 'ask': 593.48}","{'bid': 593.84, 'ask': 593.97}","{'bid': 592.8, 'ask': 592.93}",4139,593.5,593.84,592.8,593.35
2025-06-20 17:45:00,2025-06-20T18:45:00,2025-06-20T17:45:00,"{'bid': 593.34, 'ask': 593.46}","{'bid': 593.98, 'ask': 594.11}","{'bid': 594.03, 'ask': 594.16}","{'bid': 593.25, 'ask': 593.38}",2710,593.34,594.03,593.25,593.98
2025-06-20 18:00:00,2025-06-20T19:00:00,2025-06-20T18:00:00,"{'bid': 593.97, 'ask': 594.1}","{'bid': 594.31, 'ask': 594.44}","{'bid': 594.39, 'ask': 594.52}","{'bid': 593.83, 'ask': 593.96}",2270,593.97,594.39,593.83,594.31
2025-06-20 18:15:00,2025-06-20T19:15:00,2025-06-20T18:15:00,"{'bid': 594.3, 'ask': 594.43}","{'bid': 594.8, 'ask': 594.93}","{'bid': 595.29, 'ask': 595.41}","{'bid': 594.27, 'ask': 594.4}",2490,594.3,595.29,594.27,594.8
2025-06-20 18:30:00,2025-06-20T19:30:00,2025-06-20T18:30:00,"{'bid': 594.81, 'ask': 594.93}","{'bid': 594.55, 'ask': 594.67}","{'bid': 595.16, 'ask': 595.29}","{'bid': 594.46, 'ask': 594.59}",2319,594.81,595.16,594.46,594.55
2025-06-20 18:45:00,2025-06-20T19:45:00,2025-06-20T18:45:00,"{'bid': 594.55, 'ask': 594.68}","{'bid': 593.55, 'ask': 593.67}","{'bid': 594.73, 'ask': 594.86}","{'bid': 593.3, 'ask': 593.43}",2972,594.55,594.73,593.3,593.55
2025-06-20 19:00:00,2025-06-20T20:00:00,2025-06-20T19:00:00,"{'bid': 593.56, 'ask': 593.69}","{'bid': 593.61, 'ask': 593.74}","{'bid': 593.95, 'ask': 594.08}","{'bid': 593.28, 'ask': 593.41}",3787,593.56,593.95,593.28,593.61
2025-06-20 19:15:00,2025-06-20T20:15:00,2025-06-20T19:15:00,"{'bid': 593.6, 'ask': 593.72}","{'bid': 593.41, 'ask': 593.54}","{'bid': 593.88, 'ask': 594.01}","{'bid': 593.19, 'ask': 593.31}",2969,593.6,593.88,593.19,593.41
2025-06-20 19:30:00,2025-06-20T20:30:00,2025-06-20T19:30:00,"{'bid': 593.4, 'ask': 593.53}","{'bid': 593.62, 'ask': 593.75}","{'bid': 593.85, 'ask': 593.97}","{'bid': 593.26, 'ask': 593.39}",3348,593.4,593.85,593.26,593.62
2025-06-20 19:45:00,2025-06-20T20:45:00,2025-06-20T19:45:00,"{'bid': 593.6, 'ask': 593.73}","{'bid': 594.16, 'ask': 594.28}","{'bid': 594.9, 'ask': 595.03}","{'bid': 593.26, 'ask': 593.4}",5014,593.6,594.9,593.26,594.16
2025-06-20 20:00:00,2025-06-20T21:00:00,2025-06-20T20:00:00,"{'bid': 594.17, 'ask': 594.29}","{'bid': 594.66, 'ask': 594.79}","{'bid': 595.67, 'ask': 595.8}","{'bid': 594.01, 'ask': 594.15}",2233,594.17,595.67,594.01,594.66
2025-06-20 20:15:00,2025-06-20T21:15:00,2025-06-20T20:15:00,"{'bid': 594.63, 'ask': 594.78}","{'bid': 594.78, 'ask': 594.92}","{'bid': 594.83, 'ask': 595.0}","{'bid': 594.25, 'ask': 594.45}",715,594.63,594.83,594.25,594.78
2025-06-20 20:30:00,2025-06-20T21:30:00,2025-06-20T20:30:00,"{'bid': 594.75, 'ask': 594.9}","{'bid': 594.88, 'ask': 595.02}","{'bid': 595.04, 'ask': 595.32}","{'bid': 594.55, 'ask': 594.8}",475,594.75,595.04,594.55,594.88
2025-06-20 20:45:00,2025-06-20T21:45:00,2025-06-20T20:45:00,"{'bid': 594.91, 'ask': 595.05}","{'bid': 594.55, 'ask': 595.11}","{'bid': 595.08, 'ask': 595.32}","{'bid': 594.55, 'ask': 595.02}",384,594.91,595.08,594.55,594.55
2025-06-23 08:00:00,2025-06-23T09:00:00,2025-06-23T08:00:00,"{'bid': 595.28, 'ask': 595.54}","{'bid': 595.79, 'ask': 595.95}","{'bid': 596.35, 'ask': 596.9}","{'bid': 595.0, 'ask': 595.19}",1271,595.28,596.35,595.0,595.79
2025-06-23 08:15:00,2025-06-23T09:15:00,2025-06-23T08:15:00,"{'bid': 595.78, 'ask': 595.95}","{'bid': 595.66, 'ask': 595.84}","{'bid': 595.94, 'ask': 596.45}","{'bid': 595.39, 'ask': 595.57}",879,595.78,595.94,595.39,595.66
2025-06-23 08:30:00,2025-06-23T09:30:00,2025-06-23T08:30:00,"{'bid': 595.65, 'ask': 595.84}","{'bid': 595.82, 'ask': 595.99}","{'bid': 595.84, 'ask': 596.3}","{'bid': 595.44, 'ask': 595.67}",678,595.65,595.84,595.44,595.82
2025-06-23 08:45:00,2025-06-23T09:45:00,2025-06-23T08:45:00,"{'bid': 595.83, 'ask': 595.99}","{'bid': 595.73, 'ask': 595.89}","{'bid': 595.88, 'ask': 596.3}","{'bid': 595.51, 'ask': 595.65}",670,595.83,595.88,595.51,595.73
2025-06-23 09:00:00,2025-06-23T10:00:00,2025-06-23T09:00:00,"{'bid': 595.73, 'ask': 595.9}","{'bid': 595.59, 'ask': 595.74}","{'bid': 595.84, 'ask': 596.45}","{'bid': 595.08, 'ask': 595.32}",868,595.73,595.84,595.08,595.59
2025-06-23 09:15:00,2025-06-23T10:15:00,2025-06-23T09:15:00,"{'bid': 595.6, 'ask': 595.76}","{'bid': 595.55, 'ask': 595.71}","{'bid': 596.26, 'ask': 596.75}","{'bid': 595.52, 'ask': 595.67}",836,595.6,596.26,595.52,595.55
2025-06-23 09:30:00,2025-06-23T10:30:00,2025-06-23T09:30:00,"{'bid': 595.54, 'ask': 595.71}","{'bid': 595.51, 'ask': 595.67}","{'bid': 595.75, 'ask': 596.13}","{'bid': 595.47, 'ask': 595.64}",480,595.54,595.75,595.47,595.51
2025-06-23 09:45:00,2025-06-23T10:45:00,2025-06-23T09:45:00,"{'bid': 595.52, 'ask': 595.69}","{'bid': 595.36, 'ask': 595.52}","{'bid': 595.64, 'ask': 596.13}","{'bid': 595.35, 'ask': 595.52}",356,595.52,595.64,595.35,595.36
2025-06-23 10:00:00,2025-06-23T11:00:00,2025-06-23T10:00:00,"{'bid': 595.35, 'ask': 595.52}","{'bid': 595.53, 'ask': 595.7}","{'bid': 596.2, 'ask': 596.75}","{'bid': 595.0, 'ask': 595.23}",1303,595.35,596.2,595.0,595.53
2025-06-23 10:15:00,2025-06-23T11:15:00,2025-06-23T10:15:00,"{'bid': 595.53, 'ask': 595.71}","{'bid': 594.93, 'ask': 595.09}","{'bid': 595.59, 'ask': 596.15}","{'bid': 594.55, 'ask': 595.09}",759,595.53,595.59,594.55,594.93
2025-06-23 10:30:00,2025-06-23T11:30:00,2025-06-23T10:30:00,"{'bid': 594.95, 'ask': 595.11}","{'bid': 594.64, 'ask': 594.81}","{'bid': 595.19, 'ask': 595.55}","{'bid': 594.55, 'ask': 594.72}",763,594.95,595.19,594.55,594.64
2025-06-23 10:45:00,2025-06-23T11:45:00,2025-06-23T10:45:00,"{'bid': 594.66, 'ask': 594.82}","{'bid': 594.61, 'ask': 594.78}","{'bid': 594.78, 'ask': 595.25}","{'bid': 594.25, 'ask': 594.67}",626,594.66,594.78,594.25,594.61
2025-06-23 11:00:00,2025-06-23T12:00:00,2025-06-23T11:00:00,"{'bid': 594.61, 'ask': 594.79}","{'bid': 593.99, 'ask': 594.14}","{'bid': 594.78, 'ask': 595.25}","{'bid': 593.35, 'ask': 593.94}",837,594.61,594.78,593.35,593.99
2025-06-23 11:15:00,2025-06-23T12:15:00,2025-06-23T11:15:00,"{'bid': 593.96, 'ask': 594.13}","{'bid': 593.5, 'ask': 593.67}","{'bid': 593.96, 'ask': 594.27}","{'bid': 592.95, 'ask': 593.3}",915,593.96,593.96,592.95,593.5
2025-06-23 11:30:00,2025-06-23T12:30:00,2025-06-23T11:30:00,"{'bid': 593.49, 'ask': 593.65}","{'bid': 593.17, 'ask': 593.33}","{'bid': 593.73, 'ask': 594.05}","{'bid': 592.95, 'ask': 593.21}",994,593.49,593.73,592.95,593.17
2025-06-23 11:45:00,2025-06-23T12:45:00,2025-06-23T11:45:00,"{'bid': 593.17, 'ask': 593.3}","{'bid': 593.79, 'ask': 593.92}","{'bid': 593.81, 'ask': 594.05}","{'bid': 592.45, 'ask': 592.9}",1201,593.17,593.81,592.45,593.79
2025-06-23 12:00:00,2025-06-23T13:00:00,2025-06-23T12:00:00,"{'bid': 593.79, 'ask': 593.94}","{'bid': 594.17, 'ask': 594.53}","{'bid': 594.17, 'ask': 594.55}","{'bid': 593.59, 'ask': 593.75}",1026,593.79,594.17,593.59,594.17
2025-06-23 12:15:00,2025-06-23T13:15:00,2025-06-23T12:15:00,"{'bid': 594.16, 'ask': 594.37}","{'bid': 593.98, 'ask': 594.14}","{'bid': 594.31, 'ask': 594.55}","{'bid': 593.85, 'ask': 593.99}",848,594.16,594.31,593.85,593.98
2025-06-23 12:30:00,2025-06-23T13:30:00,2025-06-23T12:30:00,"{'bid': 593.95, 'ask': 594.12}","{'bid': 594.69, 'ask': 594.83}","{'bid': 594.76, 'ask': 595.05}","{'bid': 593.75, 'ask': 594.07}",842,593.95,594.76,593.75,594.69
2025-06-23 12:45:00,2025-06-23T13:45:00,2025-06-23T12:45:00,"{'bid': 594.67, 'ask': 594.83}","{'bid': 595.13, 'ask': 595.27}","{'bid': 595.18, 'ask': 595.32}","{'bid': 594.51, 'ask': 594.73}",642,594.67,595.18,594.51,595.13
2025-06-23 13:00:00,2025-06-23T14:00:00,2025-06-23T13:00:00,"{'bid': 595.12, 'ask': 595.27}","{'bid': 594.77, 'ask': 594.91}","{'bid': 595.18, 'ask': 595.32}","{'bid': 594.39, 'ask': 594.52}",1226,595.12,595.18,594.39,594.77
2025-06-23 13:15:00,2025-06-23T14:15:00,2025-06-23T13:15:00,"{'bid': 594.77, 'ask': 594.9}","{'bid': 594.98, 'ask': 595.12}","{'bid': 595.29, 'ask': 595.85}","{'bid': 594.62, 'ask': 594.77}",1298,594.77,595.29,594.62,594.98
2025-06-23 13:30:00,2025-06-23T14:30:00,2025-06-23T13:30:00,"{'bid': 594.97, 'ask': 595.1}","{'bid': 595.38, 'ask': 595.56}","{'bid': 595.72, 'ask': 595.84}","{'bid': 593.53, 'ask': 593.66}",6299,594.97,595.72,593.53,595.38
2025-06-23 13:45:00,2025-06-23T14:45:00,2025-06-23T13:45:00,"{'bid': 595.45, 'ask': 595.65}","{'bid': 596.59, 'ask': 596.71}","{'bid': 596.6, 'ask': 596.73}","{'bid': 595.38, 'ask': 595.51}",3986,595.45,596.6,595.38,596.59
2025-06-23 14:00:00,2025-06-23T15:00:00,2025-06-23T14:00:00,"{'bid': 596.61, 'ask': 596.74}","{'bid': 597.55, 'ask': 597.68}","{'bid': 597.91, 'ask': 598.04}","{'bid': 596.61, 'ask': 596.74}",4379,596.61,597.91,596.61,597.55
2025-06-23 14:15:00,2025-06-23T15:15:00,2025-06-23T14:15:00,"{'bid': 597.57, 'ask': 597.69}","{'bid': 597.48, 'ask': 597.6}","{'bid': 598.2, 'ask': 598.32}","{'bid': 597.29, 'ask': 597.42}",3625,597.57,598.2,597.29,597.48
2025-06-23 14:30:00,2025-06-23T15:30:00,2025-06-23T14:30:00,"{'bid': 597.49, 'ask': 597.62}","{'bid': 597.39, 'ask': 597.51}","{'bid': 597.7, 'ask': 597.83}","{'bid': 597.11, 'ask': 597.23}",3485,597.49,597.7,597.11,597.39
2025-06-23 14:45:00,2025-06-23T15:45:00,2025-06-23T14:45:00,"{'bid': 597.39, 'ask': 597.52}","{'bid': 596.4, 'ask': 596.53}","{'bid': 597.67, 'ask': 597.79}","{'bid': 596.36, 'ask': 596.48}",3290,597.39,597.67,596.36,596.4
2025-06-23 15:00:00,2025-06-23T16:00:00,2025-06-23T15:00:00,"{'bid': 596.42, 'ask': 596.54}","{'bid': 597.49, 'ask': 597.61}","{'bid': 597.52, 'ask': 597.65}","{'bid': 596.34, 'ask': 596.47}",2919,596.42,597.52,596.34,597.49
2025-06-23 15:15:00,2025-06-23T16:15:00,2025-06-23T15:15:00,"{'bid': 597.48, 'ask': 597.61}","{'bid': 596.33, 'ask': 596.46}","{'bid': 597.59, 'ask': 597.71}","{'bid': 596.28, 'ask': 596.41}",2805,597.48,597.59,596.28,596.33
2025-06-23 15:30:00,2025-06-23T16:30:00,2025-06-23T15:30:00,"{'bid': 596.31, 'ask': 596.44}","{'bid': 596.01, 'ask': 596.14}","{'bid': 596.67, 'ask': 596.8}","{'bid': 595.74, 'ask': 595.86}",3700,596.31,596.67,595.74,596.01
2025-06-23 15:45:00,2025-06-23T16:45:00,2025-06-23T15:45:00,"{'bid': 596.03, 'ask': 596.15}","{'bid': 595.8, 'ask': 595.92}","{'bid': 596.3, 'ask': 596.42}","{'bid': 595.68, 'ask': 595.81}",3341,596.03,596.3,595.68,595.8
2025-06-23 16:00:00,2025-06-23T17:00:00,2025-06-23T16:00:00,"{'bid': 595.81, 'ask': 595.93}","{'bid': 595.69, 'ask': 595.82}","{'bid': 596.02, 'ask': 596.14}","{'bid': 595.34, 'ask': 595.47}",3320,595.81,596.02,595.34,595.69
2025-06-23 16:15:00,2025-06-23T17:15:00,2025-06-23T16:15:00,"{'bid': 595.71, 'ask': 595.83}","{'bid': 594.24, 'ask': 594.37}","{'bid': 595.9, 'ask': 596.02}","{'bid': 594.1, 'ask': 594.22}",3919,595.71,595.9,594.1,594.24
2025-06-23 16:30:00,2025-06-23T17:30:00,2025-06-23T16:30:00,"{'bid': 594.23, 'ask': 594.35}","{'bid': 594.59, 'ask': 594.71}","{'bid': 594.93, 'ask': 595.05}","{'bid': 591.83, 'ask': 591.96}",8008,594.23,594.93,591.83,594.59
2025-06-23 16:45:00,2025-06-23T17:45:00,2025-06-23T16:45:00,"{'bid': 594.58, 'ask': 594.71}","{'bid': 593.52, 'ask': 593.65}","{'bid': 595.38, 'ask': 595.51}","{'bid': 593.42, 'ask': 593.54}",7428,594.58,595.38,593.42,593.52
2025-06-23 17:00:00,2025-06-23T18:00:00,2025-06-23T17:00:00,"{'bid': 593.53, 'ask': 593.65}","{'bid': 595.52, 'ask': 595.64}","{'bid': 595.98, 'ask': 596.11}","{'bid': 593.14, 'ask': 593.26}",6880,593.53,595.98,593.14,595.52
2025-06-23 17:15:00,2025-06-23T18:15:00,2025-06-23T17:15:00,"{'bid': 595.51, 'ask': 595.63}","{'bid': 597.65, 'ask': 597.77}","{'bid': 597.92, 'ask': 598.04}","{'bid': 595.51, 'ask': 595.63}",5245,595.51,597.92,595.51,597.65
2025-06-23 17:30:00,2025-06-23T18:30:00,2025-06-23T17:30:00,"{'bid': 597.65, 'ask': 597.78}","{'bid': 598.65, 'ask': 598.77}","{'bid': 599.12, 'ask': 599.32}","{'bid': 597.65, 'ask': 597.78}",5335,597.65,599.12,597.65,598.65
2025-06-23 17:45:00,2025-06-23T18:45:00,2025-06-23T17:45:00,"{'bid': 598.66, 'ask': 598.79}","{'bid': 598.47, 'ask': 598.59}","{'bid': 599.08, 'ask': 599.24}","{'bid': 598.12, 'ask': 598.24}",3606,598.66,599.08,598.12,598.47
2025-06-23 18:00:00,2025-06-23T19:00:00,2025-06-23T18:00:00,"{'bid': 598.48, 'ask': 598.61}","{'bid': 598.78, 'ask': 598.9}","{'bid': 599.06, 'ask': 599.19}","{'bid': 598.32, 'ask': 598.45}",3273,598.48,599.06,598.32,598.78
2025-06-23 18:15:00,2025-06-23T19:15:00,2025-06-23T18:15:00,"{'bid': 598.77, 'ask': 598.9}","{'bid': 598.3, 'ask': 598.42}","{'bid': 599.01, 'ask': 599.14}","{'bid': 598.26, 'ask': 598.39}",2755,598.77,599.01,598.26,598.3
2025-06-23 18:30:00,2025-06-23T19:30:00,2025-06-23T18:30:00,"{'bid': 598.32, 'ask': 598.45}","{'bid': 598.46, 'ask': 598.58}","{'bid': 598.71, 'ask': 598.83}","{'bid': 598.2, 'ask': 598.33}",2948,598.32,598.71,598.2,598.46
2025-06-23 18:45:00,2025-06-23T19:45:00,2025-06-23T18:45:00,"{'bid': 598.44, 'ask': 598.57}","{'bid': 598.45, 'ask': 598.58}","{'bid': 598.49, 'ask': 598.62}","{'bid': 597.94, 'ask': 598.06}",2239,598.44,598.49,597.94,598.45
2025-06-23 19:00:00,2025-06-23T20:00:00,2025-06-23T19:00:00,"{'bid': 598.44, 'ask': 598.56}","{'bid': 598.85, 'ask': 598.98}","{'bid': 599.37, 'ask': 599.49}","{'bid': 598.34, 'ask': 598.47}",3035,598.44,599.37,598.34,598.85
2025-06-23 19:15:00,2025-06-23T20:15:00,2025-06-23T19:15:00,"{'bid': 598.85, 'ask': 598.97}","{'bid': 599.18, 'ask': 599.31}","{'bid': 599.28, 'ask': 599.4}","{'bid': 598.48, 'ask': 598.61}",2219,598.85,599.28,598.48,599.18
2025-06-23 19:30:00,2025-06-23T20:30:00,2025-06-23T19:30:00,"{'bid': 599.17, 'ask': 599.3}","{'bid': 599.04, 'ask': 599.17}","{'bid': 599.31, 'ask': 599.44}","{'bid': 598.86, 'ask': 598.99}",2208,599.17,599.31,598.86,599.04
2025-06-23 19:45:00,2025-06-23T20:45:00,2025-06-23T19:45:00,"{'bid': 599.02, 'ask': 599.15}","{'bid': 600.1, 'ask': 600.22}","{'bid': 600.48, 'ask': 600.61}","{'bid': 598.9, 'ask': 599.02}",3834,599.02,600.48,598.9,600.1
2025-06-23 20:00:00,2025-06-23T21:00:00,2025-06-23T20:00:00,"{'bid': 600.04, 'ask': 600.17}","{'bid': 600.06, 'ask': 600.19}","{'bid': 600.12, 'ask': 600.25}","{'bid': 599.59, 'ask': 599.72}",1528,600.04,600.12,599.59,600.06
2025-06-23 20:15:00,2025-06-23T21:15:00,2025-06-23T20:15:00,"{'bid': 600.05, 'ask': 600.19}","{'bid': 600.0, 'ask': 600.13}","{'bid': 600.06, 'ask': 600.21}","{'bid': 599.73, 'ask': 599.91}",376,600.05,600.06,599.73,600.0
2025-06-23 20:30:00,2025-06-23T21:30:00,2025-06-23T20:30:00,"{'bid': 600.0, 'ask': 600.14}","{'bid': 600.19, 'ask': 600.33}","{'bid': 600.27, 'ask': 600.4}","{'bid': 599.75, 'ask': 600.07}",341,600.0,600.27,599.75,600.19
2025-06-23 20:45:00,2025-06-23T21:45:00,2025-06-23T20:45:00,"{'bid': 600.18, 'ask': 600.33}","{'bid': 600.07, 'ask': 600.24}","{'bid': 600.25, 'ask': 600.38}","{'bid': 599.97, 'ask': 600.14}",369,600.18,600.25,599.97,600.07
2025-06-23 21:00:00,2025-06-23T22:00:00,2025-06-23T21:00:00,"{'bid': 599.97, 'ask': 600.24}","{'bid': 600.02, 'ask': 600.24}","{'bid': 600.08, 'ask': 600.24}","{'bid': 599.97, 'ask': 600.2}",18,599.97,600.08,599.97,600.02
2025-06-23 21:15:00,2025-06-23T22:15:00,2025-06-23T21:15:00,"{'bid': 599.97, 'ask': 600.2}","{'bid': 600.03, 'ask': 600.2}","{'bid': 600.05, 'ask': 600.2}","{'bid': 599.96, 'ask': 600.09}",15,599.97,600.05,599.96,600.03
2025-06-23 21:30:00,2025-06-23T22:30:00,2025-06-23T21:30:00,"{'bid': 600.04, 'ask': 600.2}","{'bid': 599.98, 'ask': 600.2}","{'bid': 600.07, 'ask': 600.24}","{'bid': 599.98, 'ask': 600.2}",19,600.04,600.07,599.98,599.98
2025-06-23 21:45:00,2025-06-23T22:45:00,2025-06-23T21:45:00,"{'bid': 600.06, 'ask': 600.2}","{'bid': 600.03, 'ask': 600.2}","{'bid': 600.08, 'ask': 600.21}","{'bid': 599.98, 'ask': 600.15}",25,600.06,600.08,599.98,600.03
2025-06-23 22:00:00,2025-06-23T23:00:00,2025-06-23T22:00:00,"{'bid': 600.04, 'ask': 600.27}","{'bid': 601.93, 'ask': 602.2}","{'bid': 602.03, 'ask': 602.2}","{'bid': 599.86, 'ask': 600.05}",1353,600.04,602.03,599.86,601.93
2025-06-23 22:15:00,2025-06-23T23:15:00,2025-06-23T22:15:00,"{'bid': 601.96, 'ask': 602.2}","{'bid': 602.39, 'ask': 602.56}","{'bid': 602.86, 'ask': 603.35}","{'bid': 601.89, 'ask': 602.14}",1340,601.96,602.86,601.89,602.39
2025-06-23 22:30:00,2025-06-23T23:30:00,2025-06-23T22:30:00,"{'bid': 602.4, 'ask': 602.56}","{'bid': 601.93, 'ask': 602.25}","{'bid': 602.62, 'ask': 602.88}","{'bid': 601.9, 'ask': 602.18}",660,602.4,602.62,601.9,601.93
2025-06-23 22:45:00,2025-06-23T23:45:00,2025-06-23T22:45:00,"{'bid': 601.93, 'ask': 602.22}","{'bid': 602.51, 'ask': 602.67}","{'bid': 602.51, 'ask': 602.67}","{'bid': 601.57, 'ask': 601.92}",528,601.93,602.51,601.57,602.51
2025-06-23 23:00:00,2025-06-24T00:00:00,2025-06-23T23:00:00,"{'bid': 602.54, 'ask': 602.67}","{'bid': 602.98, 'ask': 603.17}","{'bid': 603.06, 'ask': 603.65}","{'bid': 602.44, 'ask': 602.66}",832,602.54,603.06,602.44,602.98
2025-06-23 23:15:00,2025-06-24T00:15:00,2025-06-23T23:15:00,"{'bid': 602.99, 'ask': 603.16}","{'bid': 603.28, 'ask': 603.46}","{'bid': 603.62, 'ask': 603.92}","{'bid': 602.95, 'ask': 603.13}",710,602.99,603.62,602.95,603.28
2025-06-23 23:30:00,2025-06-24T00:30:00,2025-06-23T23:30:00,"{'bid': 603.26, 'ask': 603.46}","{'bid': 603.45, 'ask': 603.63}","{'bid': 603.55, 'ask': 603.74}","{'bid': 602.65, 'ask': 603.05}",632,603.26,603.55,602.65,603.45
2025-06-23 23:45:00,2025-06-24T00:45:00,2025-06-23T23:45:00,"{'bid': 603.45, 'ask': 603.65}","{'bid': 603.21, 'ask': 603.41}","{'bid': 603.5, 'ask': 603.92}","{'bid': 602.95, 'ask': 603.31}",408,603.45,603.5,602.95,603.21
2025-06-24 08:00:00,2025-06-24T09:00:00,2025-06-24T08:00:00,"{'bid': 604.91, 'ask': 605.45}","{'bid': 604.75, 'ask': 604.91}","{'bid': 605.42, 'ask': 605.75}","{'bid': 604.34, 'ask': 604.56}",1642,604.91,605.42,604.34,604.75
2025-06-24 08:15:00,2025-06-24T09:15:00,2025-06-24T08:15:00,"{'bid': 604.76, 'ask': 604.93}","{'bid': 605.44, 'ask': 605.6}","{'bid': 605.49, 'ask': 605.75}","{'bid': 604.55, 'ask': 604.68}",1278,604.76,605.49,604.55,605.44
2025-06-24 08:30:00,2025-06-24T09:30:00,2025-06-24T08:30:00,"{'bid': 605.45, 'ask': 605.61}","{'bid': 604.9, 'ask': 605.08}","{'bid': 605.45, 'ask': 605.62}","{'bid': 604.67, 'ask': 604.83}",891,605.45,605.45,604.67,604.9
2025-06-24 08:45:00,2025-06-24T09:45:00,2025-06-24T08:45:00,"{'bid': 604.91, 'ask': 605.07}","{'bid': 604.89, 'ask': 605.05}","{'bid': 605.1, 'ask': 605.6}","{'bid': 604.73, 'ask': 604.9}",552,604.91,605.1,604.73,604.89
2025-06-24 09:00:00,2025-06-24T10:00:00,2025-06-24T09:00:00,"{'bid': 604.87, 'ask': 605.06}","{'bid': 604.94, 'ask': 605.11}","{'bid': 605.13, 'ask': 605.75}","{'bid': 604.84, 'ask': 605.0}",639,604.87,605.13,604.84,604.94
2025-06-24 09:15:00,2025-06-24T10:15:00,2025-06-24T09:15:00,"{'bid': 604.95, 'ask': 605.12}","{'bid': 605.58, 'ask': 605.75}","{'bid': 605.64, 'ask': 606.05}","{'bid': 604.85, 'ask': 605.04}",564,604.95,605.64,604.85,605.58
2025-06-24 09:30:00,2025-06-24T10:30:00,2025-06-24T09:30:00,"{'bid': 605.57, 'ask': 605.75}","{'bid': 605.68, 'ask': 605.83}","{'bid': 605.9, 'ask': 606.35}","{'bid': 605.52, 'ask': 605.69}",550,605.57,605.9,605.52,605.68
2025-06-24 09:45:00,2025-06-24T10:45:00,2025-06-24T09:45:00,"{'bid': 605.69, 'ask': 605.85}","{'bid': 605.09, 'ask': 605.25}","{'bid': 605.72, 'ask': 605.88}","{'bid': 604.99, 'ask': 605.15}",448,605.69,605.72,604.99,605.09
2025-06-24 10:00:00,2025-06-24T11:00:00,2025-06-24T10:00:00,"{'bid': 605.08, 'ask': 605.24}","{'bid': 604.67, 'ask': 604.85}","{'bid': 605.33, 'ask': 605.75}","{'bid': 604.56, 'ask': 604.75}",738,605.08,605.33,604.56,604.67
2025-06-24 10:15:00,2025-06-24T11:15:00,2025-06-24T10:15:00,"{'bid': 604.68, 'ask': 604.85}","{'bid': 604.72, 'ask': 604.89}","{'bid': 605.01, 'ask': 605.45}","{'bid': 604.55, 'ask': 604.75}",557,604.68,605.01,604.55,604.72
2025-06-24 10:30:00,2025-06-24T11:30:00,2025-06-24T10:30:00,"{'bid': 604.74, 'ask': 604.92}","{'bid': 604.78, 'ask': 604.91}","{'bid': 604.94, 'ask': 605.45}","{'bid': 604.43, 'ask': 604.58}",856,604.74,604.94,604.43,604.78
2025-06-24 10:45:00,2025-06-24T11:45:00,2025-06-24T10:45:00,"{'bid': 604.76, 'ask': 604.93}","{'bid': 604.64, 'ask': 604.8}","{'bid': 605.0, 'ask': 605.45}","{'bid': 604.53, 'ask': 604.71}",535,604.76,605.0,604.53,604.64
2025-06-24 11:00:00,2025-06-24T12:00:00,2025-06-24T11:00:00,"{'bid': 604.63, 'ask': 604.8}","{'bid': 604.37, 'ask': 604.54}","{'bid': 604.91, 'ask': 605.45}","{'bid': 604.12, 'ask': 604.4}",845,604.63,604.91,604.12,604.37
2025-06-24 11:15:00,2025-06-24T12:15:00,2025-06-24T11:15:00,"{'bid': 604.38, 'ask': 604.54}","{'bid': 604.93, 'ask': 605.1}","{'bid': 605.02, 'ask': 605.45}","{'bid': 603.95, 'ask': 604.1}",965,604.38,605.02,603.95,604.93
2025-06-24 11:30:00,2025-06-24T12:30:00,2025-06-24T11:30:00,"{'bid': 604.92, 'ask': 605.08}","{'bid': 604.62, 'ask': 604.79}","{'bid': 605.15, 'ask': 605.33}","{'bid': 604.45, 'ask': 604.6}",1013,604.92,605.15,604.45,604.62
2025-06-24 11:45:00,2025-06-24T12:45:00,2025-06-24T11:45:00,"{'bid': 604.65, 'ask': 604.79}","{'bid': 604.79, 'ask': 604.94}","{'bid': 604.95, 'ask': 605.33}","{'bid': 604.62, 'ask': 604.75}",720,604.65,604.95,604.62,604.79
2025-06-24 12:00:00,2025-06-24T13:00:00,2025-06-24T12:00:00,"{'bid': 604.76, 'ask': 604.91}","{'bid': 604.38, 'ask': 604.54}","{'bid': 605.03, 'ask': 605.32}","{'bid': 604.37, 'ask': 604.51}",759,604.76,605.03,604.37,604.38
2025-06-24 12:15:00,2025-06-24T13:15:00,2025-06-24T12:15:00,"{'bid': 604.39, 'ask': 604.54}","{'bid': 604.36, 'ask': 604.54}","{'bid': 604.51, 'ask': 604.85}","{'bid': 604.13, 'ask': 604.26}",797,604.39,604.51,604.13,604.36
2025-06-24 12:30:00,2025-06-24T13:30:00,2025-06-24T12:30:00,"{'bid': 604.35, 'ask': 604.54}","{'bid': 604.55, 'ask': 604.72}","{'bid': 604.69, 'ask': 605.02}","{'bid': 603.45, 'ask': 603.92}",1328,604.35,604.69,603.45,604.55
2025-06-24 12:45:00,2025-06-24T13:45:00,2025-06-24T12:45:00,"{'bid': 604.57, 'ask': 604.72}","{'bid': 604.3, 'ask': 604.45}","{'bid': 604.74, 'ask': 604.89}","{'bid': 604.06, 'ask': 604.19}",805,604.57,604.74,604.06,604.3
2025-06-24 13:00:00,2025-06-24T14:00:00,2025-06-24T13:00:00,"{'bid': 604.28, 'ask': 604.45}","{'bid': 604.41, 'ask': 604.55}","{'bid': 604.46, 'ask': 604.61}","{'bid': 604.07, 'ask': 604.32}",741,604.28,604.46,604.07,604.41
2025-06-24 13:15:00,2025-06-24T14:15:00,2025-06-24T13:15:00,"{'bid': 604.41, 'ask': 604.56}","{'bid': 604.25, 'ask': 604.38}","{'bid': 604.94, 'ask': 605.45}","{'bid': 604.21, 'ask': 604.37}",1416,604.41,604.94,604.21,604.25
2025-06-24 13:30:00,2025-06-24T14:30:00,2025-06-24T13:30:00,"{'bid': 604.24, 'ask': 604.38}","{'bid': 604.91, 'ask': 605.04}","{'bid': 605.32, 'ask': 605.45}","{'bid': 603.87, 'ask': 604.0}",4917,604.24,605.32,603.87,604.91
2025-06-24 13:45:00,2025-06-24T14:45:00,2025-06-24T13:45:00,"{'bid': 604.9, 'ask': 605.03}","{'bid': 603.89, 'ask': 604.13}","{'bid': 605.38, 'ask': 605.51}","{'bid': 603.74, 'ask': 603.87}",3733,604.9,605.38,603.74,603.89
2025-06-24 14:00:00,2025-06-24T15:00:00,2025-06-24T14:00:00,"{'bid': 603.94, 'ask': 604.13}","{'bid': 604.0, 'ask': 604.13}","{'bid': 604.5, 'ask': 604.63}","{'bid': 603.4, 'ask': 603.55}",4137,603.94,604.5,603.4,604.0
2025-06-24 14:15:00,2025-06-24T15:15:00,2025-06-24T14:15:00,"{'bid': 604.01, 'ask': 604.14}","{'bid': 604.53, 'ask': 604.66}","{'bid': 604.89, 'ask': 605.02}","{'bid': 603.99, 'ask': 604.12}",2751,604.01,604.89,603.99,604.53
2025-06-24 14:30:00,2025-06-24T15:30:00,2025-06-24T14:30:00,"{'bid': 604.54, 'ask': 604.67}","{'bid': 605.17, 'ask': 605.3}","{'bid': 605.27, 'ask': 605.4}","{'bid': 604.48, 'ask': 604.61}",2151,604.54,605.27,604.48,605.17
2025-06-24 14:45:00,2025-06-24T15:45:00,2025-06-24T14:45:00,"{'bid': 605.18, 'ask': 605.31}","{'bid': 604.89, 'ask': 605.02}","{'bid': 605.29, 'ask': 605.42}","{'bid': 604.53, 'ask': 604.67}",2088,605.18,605.29,604.53,604.89
2025-06-24 15:00:00,2025-06-24T16:00:00,2025-06-24T15:00:00,"{'bid': 604.88, 'ask': 605.0}","{'bid': 605.32, 'ask': 605.45}","{'bid': 605.47, 'ask': 605.61}","{'bid': 604.88, 'ask': 605.0}",2187,604.88,605.47,604.88,605.32
2025-06-24 15:15:00,2025-06-24T16:15:00,2025-06-24T15:15:00,"{'bid': 605.31, 'ask': 605.44}","{'bid': 605.69, 'ask': 605.82}","{'bid': 605.75, 'ask': 605.88}","{'bid': 605.23, 'ask': 605.36}",1574,605.31,605.75,605.23,605.69
2025-06-24 15:30:00,2025-06-24T16:30:00,2025-06-24T15:30:00,"{'bid': 605.71, 'ask': 605.84}","{'bid': 605.92, 'ask': 606.05}","{'bid': 606.06, 'ask': 606.18}","{'bid': 605.59, 'ask': 605.72}",1521,605.71,606.06,605.59,605.92
2025-06-24 15:45:00,2025-06-24T16:45:00,2025-06-24T15:45:00,"{'bid': 605.93, 'ask': 606.06}","{'bid': 605.7, 'ask': 605.83}","{'bid': 606.1, 'ask': 606.23}","{'bid': 605.6, 'ask': 605.73}",1422,605.93,606.1,605.6,605.7
2025-06-24 16:00:00,2025-06-24T17:00:00,2025-06-24T16:00:00,"{'bid': 605.71, 'ask': 605.83}","{'bid': 606.03, 'ask': 606.16}","{'bid': 606.13, 'ask': 606.26}","{'bid': 605.59, 'ask': 605.72}",1561,605.71,606.13,605.59,606.03
2025-06-24 16:15:00,2025-06-24T17:15:00,2025-06-24T16:15:00,"{'bid': 606.04, 'ask': 606.17}","{'bid': 606.42, 'ask': 606.55}","{'bid': 606.53, 'ask': 606.66}","{'bid': 605.99, 'ask': 606.12}",1380,606.04,606.53,605.99,606.42
2025-06-24 16:30:00,2025-06-24T17:30:00,2025-06-24T16:30:00,"{'bid': 606.43, 'ask': 606.56}","{'bid': 607.06, 'ask': 607.19}","{'bid': 607.1, 'ask': 607.23}","{'bid': 606.42, 'ask': 606.54}",1603,606.43,607.1,606.42,607.06
2025-06-24 16:45:00,2025-06-24T17:45:00,2025-06-24T16:45:00,"{'bid': 607.07, 'ask': 607.2}","{'bid': 606.58, 'ask': 606.7}","{'bid': 607.11, 'ask': 607.24}","{'bid': 606.27, 'ask': 606.39}",1629,607.07,607.11,606.27,606.58
2025-06-24 17:00:00,2025-06-24T18:00:00,2025-06-24T17:00:00,"{'bid': 606.57, 'ask': 606.69}","{'bid': 606.74, 'ask': 606.87}","{'bid': 606.86, 'ask': 606.99}","{'bid': 606.49, 'ask': 606.62}",1373,606.57,606.86,606.49,606.74
2025-06-24 17:15:00,2025-06-24T18:15:00,2025-06-24T17:15:00,"{'bid': 606.75, 'ask': 606.88}","{'bid': 606.27, 'ask': 606.4}","{'bid': 606.9, 'ask': 607.03}","{'bid': 606.24, 'ask': 606.37}",1912,606.75,606.9,606.24,606.27
2025-06-24 17:30:00,2025-06-24T18:30:00,2025-06-24T17:30:00,"{'bid': 606.27, 'ask': 606.39}","{'bid': 606.8, 'ask': 606.93}","{'bid': 606.89, 'ask': 607.02}","{'bid': 606.27, 'ask': 606.39}",1390,606.27,606.89,606.27,606.8
2025-06-24 17:45:00,2025-06-24T18:45:00,2025-06-24T17:45:00,"{'bid': 606.79, 'ask': 606.91}","{'bid': 607.11, 'ask': 607.23}","{'bid': 607.29, 'ask': 607.42}","{'bid': 606.7, 'ask': 606.83}",1311,606.79,607.29,606.7,607.11
2025-06-24 18:00:00,2025-06-24T19:00:00,2025-06-24T18:00:00,"{'bid': 607.11, 'ask': 607.24}","{'bid': 606.89, 'ask': 607.02}","{'bid': 607.4, 'ask': 607.53}","{'bid': 606.88, 'ask': 607.01}",1350,607.11,607.4,606.88,606.89
2025-06-24 18:15:00,2025-06-24T19:15:00,2025-06-24T18:15:00,"{'bid': 606.9, 'ask': 607.03}","{'bid': 606.94, 'ask': 607.07}","{'bid': 607.15, 'ask': 607.28}","{'bid': 606.9, 'ask': 607.03}",985,606.9,607.15,606.9,606.94
2025-06-24 18:30:00,2025-06-24T19:30:00,2025-06-24T18:30:00,"{'bid': 606.96, 'ask': 607.08}","{'bid': 607.09, 'ask': 607.22}","{'bid': 607.26, 'ask': 607.39}","{'bid': 606.81, 'ask': 606.93}",1066,606.96,607.26,606.81,607.09
2025-06-24 18:45:00,2025-06-24T19:45:00,2025-06-24T18:45:00,"{'bid': 607.09, 'ask': 607.21}","{'bid': 607.24, 'ask': 607.37}","{'bid': 607.27, 'ask': 607.4}","{'bid': 606.96, 'ask': 607.09}",1048,607.09,607.27,606.96,607.24
2025-06-24 19:00:00,2025-06-24T20:00:00,2025-06-24T19:00:00,"{'bid': 607.25, 'ask': 607.38}","{'bid': 607.48, 'ask': 607.61}","{'bid': 607.58, 'ask': 607.7}","{'bid': 607.23, 'ask': 607.36}",1346,607.25,607.58,607.23,607.48
2025-06-24 19:15:00,2025-06-24T20:15:00,2025-06-24T19:15:00,"{'bid': 607.47, 'ask': 607.6}","{'bid': 607.44, 'ask': 607.57}","{'bid': 607.62, 'ask': 607.74}","{'bid': 607.39, 'ask': 607.52}",1136,607.47,607.62,607.39,607.44
2025-06-24 19:30:00,2025-06-24T20:30:00,2025-06-24T19:30:00,"{'bid': 607.43, 'ask': 607.56}","{'bid': 607.61, 'ask': 607.74}","{'bid': 607.77, 'ask': 607.9}","{'bid': 607.36, 'ask': 607.49}",1463,607.43,607.77,607.36,607.61
2025-06-24 19:45:00,2025-06-24T20:45:00,2025-06-24T19:45:00,"{'bid': 607.6, 'ask': 607.72}","{'bid': 606.72, 'ask': 606.85}","{'bid': 607.73, 'ask': 607.86}","{'bid': 606.69, 'ask': 606.81}",2592,607.6,607.73,606.69,606.72
2025-06-24 20:00:00,2025-06-24T21:00:00,2025-06-24T20:00:00,"{'bid': 606.69, 'ask': 606.82}","{'bid': 606.69, 'ask': 606.82}","{'bid': 606.86, 'ask': 607.0}","{'bid': 606.61, 'ask': 606.74}",1172,606.69,606.86,606.61,606.69
2025-06-24 20:15:00,2025-06-24T21:15:00,2025-06-24T20:15:00,"{'bid': 606.67, 'ask': 606.8}","{'bid': 606.65, 'ask': 606.79}","{'bid': 606.73, 'ask': 606.85}","{'bid': 606.26, 'ask': 606.66}",319,606.67,606.73,606.26,606.65
2025-06-24 20:30:00,2025-06-24T21:30:00,2025-06-24T20:30:00,"{'bid': 606.65, 'ask': 606.77}","{'bid': 606.68, 'ask': 606.82}","{'bid': 606.74, 'ask': 606.9}","{'bid': 606.25, 'ask': 606.76}",172,606.65,606.74,606.25,606.68
2025-06-24 20:45:00,2025-06-24T21:45:00,2025-06-24T20:45:00,"{'bid': 606.7, 'ask': 606.84}","{'bid': 606.26, 'ask': 606.82}","{'bid': 606.91, 'ask': 607.07}","{'bid': 606.26, 'ask': 606.81}",370,606.7,606.91,606.26,606.26
2025-06-24 21:00:00,2025-06-24T22:00:00,2025-06-24T21:00:00,"{'bid': 606.15, 'ask': 606.82}","{'bid': 606.87, 'ask': 607.1}","{'bid': 607.07, 'ask': 607.21}","{'bid': 606.15, 'ask': 606.82}",55,606.15,607.07,606.15,606.87
2025-06-24 21:15:00,2025-06-24T22:15:00,2025-06-24T21:15:00,"{'bid': 606.83, 'ask': 607.1}","{'bid': 606.7, 'ask': 606.92}","{'bid': 606.91, 'ask': 607.1}","{'bid': 606.69, 'ask': 606.92}",28,606.83,606.91,606.69,606.7
2025-06-24 21:30:00,2025-06-24T22:30:00,2025-06-24T21:30:00,"{'bid': 606.7, 'ask': 607.03}","{'bid': 606.62, 'ask': 606.83}","{'bid': 606.74, 'ask': 607.03}","{'bid': 606.45, 'ask': 606.7}",61,606.7,606.74,606.45,606.62
2025-06-24 21:45:00,2025-06-24T22:45:00,2025-06-24T21:45:00,"{'bid': 606.63, 'ask': 606.83}","{'bid': 606.61, 'ask': 606.83}","{'bid': 606.65, 'ask': 606.83}","{'bid': 606.61, 'ask': 606.75}",11,606.63,606.65,606.61,606.61
2025-06-24 22:00:00,2025-06-24T23:00:00,2025-06-24T22:00:00,"{'bid': 606.28, 'ask': 606.76}","{'bid': 606.35, 'ask': 606.52}","{'bid': 606.57, 'ask': 606.83}","{'bid': 606.15, 'ask': 606.35}",322,606.28,606.57,606.15,606.35
2025-06-24 22:15:00,2025-06-24T23:15:00,2025-06-24T22:15:00,"{'bid': 606.34, 'ask': 606.52}","{'bid': 606.47, 'ask': 606.63}","{'bid': 606.51, 'ask': 606.69}","{'bid': 606.15, 'ask': 606.34}",309,606.34,606.51,606.15,606.47
2025-06-24 22:30:00,2025-06-24T23:30:00,2025-06-24T22:30:00,"{'bid': 606.49, 'ask': 606.68}","{'bid': 606.4, 'ask': 606.59}","{'bid': 606.51, 'ask': 606.68}","{'bid': 606.21, 'ask': 606.35}",270,606.49,606.51,606.21,606.4
2025-06-24 22:45:00,2025-06-24T23:45:00,2025-06-24T22:45:00,"{'bid': 606.39, 'ask': 606.59}","{'bid': 606.34, 'ask': 606.52}","{'bid': 606.46, 'ask': 606.66}","{'bid': 606.28, 'ask': 606.48}",57,606.39,606.46,606.28,606.34
2025-06-24 23:00:00,2025-06-25T00:00:00,2025-06-24T23:00:00,"{'bid': 606.34, 'ask': 606.56}","{'bid': 606.36, 'ask': 606.52}","{'bid': 606.71, 'ask': 606.95}","{'bid': 606.22, 'ask': 606.51}",223,606.34,606.71,606.22,606.36
2025-06-24 23:15:00,2025-06-25T00:15:00,2025-06-24T23:15:00,"{'bid': 606.36, 'ask': 606.53}","{'bid': 606.4, 'ask': 606.58}","{'bid': 606.45, 'ask': 606.7}","{'bid': 606.15, 'ask': 606.35}",135,606.36,606.45,606.15,606.4
2025-06-24 23:30:00,2025-06-25T00:30:00,2025-06-24T23:30:00,"{'bid': 606.39, 'ask': 606.58}","{'bid': 606.48, 'ask': 606.67}","{'bid': 606.51, 'ask': 606.95}","{'bid': 606.28, 'ask': 606.49}",152,606.39,606.51,606.28,606.48
2025-06-24 23:45:00,2025-06-25T00:45:00,2025-06-24T23:45:00,"{'bid': 606.48, 'ask': 606.72}","{'bid': 606.87, 'ask': 607.04}","{'bid': 607.02, 'ask': 607.36}","{'bid': 606.42, 'ask': 606.58}",280,606.48,607.02,606.42,606.87
2025-06-25 08:00:00,2025-06-25T09:00:00,2025-06-25T08:00:00,"{'bid': 606.95, 'ask': 607.21}","{'bid': 606.98, 'ask': 607.15}","{'bid': 607.11, 'ask': 607.55}","{'bid': 606.61, 'ask': 606.81}",643,606.95,607.11,606.61,606.98
2025-06-25 08:15:00,2025-06-25T09:15:00,2025-06-25T08:15:00,"{'bid': 606.97, 'ask': 607.14}","{'bid': 606.77, 'ask': 606.94}","{'bid': 607.15, 'ask': 607.54}","{'bid': 606.55, 'ask': 606.9}",427,606.97,607.15,606.55,606.77
2025-06-25 08:30:00,2025-06-25T09:30:00,2025-06-25T08:30:00,"{'bid': 606.77, 'ask': 606.93}","{'bid': 606.92, 'ask': 607.06}","{'bid': 606.94, 'ask': 607.25}","{'bid': 606.5, 'ask': 606.65}",404,606.77,606.94,606.5,606.92
2025-06-25 08:45:00,2025-06-25T09:45:00,2025-06-25T08:45:00,"{'bid': 606.92, 'ask': 607.08}","{'bid': 607.13, 'ask': 607.28}","{'bid': 607.14, 'ask': 607.4}","{'bid': 606.87, 'ask': 607.01}",224,606.92,607.14,606.87,607.13
2025-06-25 09:00:00,2025-06-25T10:00:00,2025-06-25T09:00:00,"{'bid': 607.14, 'ask': 607.32}","{'bid': 607.2, 'ask': 607.37}","{'bid': 607.32, 'ask': 607.85}","{'bid': 606.99, 'ask': 607.15}",370,607.14,607.32,606.99,607.2
2025-06-25 09:15:00,2025-06-25T10:15:00,2025-06-25T09:15:00,"{'bid': 607.21, 'ask': 607.37}","{'bid': 607.07, 'ask': 607.22}","{'bid': 607.51, 'ask': 607.85}","{'bid': 606.99, 'ask': 607.19}",367,607.21,607.51,606.99,607.07
2025-06-25 09:30:00,2025-06-25T10:30:00,2025-06-25T09:30:00,"{'bid': 607.07, 'ask': 607.21}","{'bid': 606.92, 'ask': 607.06}","{'bid': 607.13, 'ask': 607.54}","{'bid': 606.89, 'ask': 607.04}",148,607.07,607.13,606.89,606.92
2025-06-25 09:45:00,2025-06-25T10:45:00,2025-06-25T09:45:00,"{'bid': 606.94, 'ask': 607.07}","{'bid': 606.8, 'ask': 606.96}","{'bid': 606.95, 'ask': 607.55}","{'bid': 606.75, 'ask': 606.92}",208,606.94,606.95,606.75,606.8
2025-06-25 10:00:00,2025-06-25T11:00:00,2025-06-25T10:00:00,"{'bid': 606.8, 'ask': 606.97}","{'bid': 606.58, 'ask': 606.73}","{'bid': 606.87, 'ask': 607.02}","{'bid': 606.5, 'ask': 606.66}",195,606.8,606.87,606.5,606.58
2025-06-25 10:15:00,2025-06-25T11:15:00,2025-06-25T10:15:00,"{'bid': 606.58, 'ask': 606.75}","{'bid': 606.84, 'ask': 607.0}","{'bid': 606.89, 'ask': 607.53}","{'bid': 606.58, 'ask': 606.75}",312,606.58,606.89,606.58,606.84
2025-06-25 10:30:00,2025-06-25T11:30:00,2025-06-25T10:30:00,"{'bid': 606.85, 'ask': 607.0}","{'bid': 607.09, 'ask': 607.25}","{'bid': 607.2, 'ask': 607.55}","{'bid': 606.74, 'ask': 606.89}",374,606.85,607.2,606.74,607.09
2025-06-25 10:45:00,2025-06-25T11:45:00,2025-06-25T10:45:00,"{'bid': 607.09, 'ask': 607.26}","{'bid': 607.11, 'ask': 607.26}","{'bid': 607.27, 'ask': 607.85}","{'bid': 606.87, 'ask': 607.09}",320,607.09,607.27,606.87,607.11
2025-06-25 11:00:00,2025-06-25T12:00:00,2025-06-25T11:00:00,"{'bid': 607.1, 'ask': 607.26}","{'bid': 607.04, 'ask': 607.2}","{'bid': 607.17, 'ask': 607.33}","{'bid': 606.55, 'ask': 607.08}",353,607.1,607.17,606.55,607.04
2025-06-25 11:15:00,2025-06-25T12:15:00,2025-06-25T11:15:00,"{'bid': 607.06, 'ask': 607.21}","{'bid': 607.14, 'ask': 607.28}","{'bid': 607.19, 'ask': 607.5}","{'bid': 606.95, 'ask': 607.08}",227,607.06,607.19,606.95,607.14
2025-06-25 11:30:00,2025-06-25T12:30:00,2025-06-25T11:30:00,"{'bid': 607.13, 'ask': 607.28}","{'bid': 607.51, 'ask': 607.65}","{'bid': 607.54, 'ask': 608.15}","{'bid': 607.13, 'ask': 607.28}",405,607.13,607.54,607.13,607.51
2025-06-25 11:45:00,2025-06-25T12:45:00,2025-06-25T11:45:00,"{'bid': 607.49, 'ask': 607.63}","{'bid': 607.95, 'ask': 608.11}","{'bid': 608.02, 'ask': 608.45}","{'bid': 607.47, 'ask': 607.63}",511,607.49,608.02,607.47,607.95
2025-06-25 12:00:00,2025-06-25T13:00:00,2025-06-25T12:00:00,"{'bid': 607.95, 'ask': 608.1}","{'bid': 607.91, 'ask': 608.06}","{'bid': 608.04, 'ask': 608.45}","{'bid': 607.65, 'ask': 607.93}",440,607.95,608.04,607.65,607.91
2025-06-25 12:15:00,2025-06-25T13:15:00,2025-06-25T12:15:00,"{'bid': 607.9, 'ask': 608.04}","{'bid': 607.92, 'ask': 608.06}","{'bid': 608.01, 'ask': 608.13}","{'bid': 607.67, 'ask': 607.83}",374,607.9,608.01,607.67,607.92
2025-06-25 12:30:00,2025-06-25T13:30:00,2025-06-25T12:30:00,"{'bid': 607.9, 'ask': 608.04}","{'bid': 607.93, 'ask': 608.08}","{'bid': 608.0, 'ask': 608.13}","{'bid': 607.63, 'ask': 607.77}",385,607.9,608.0,607.63,607.93
2025-06-25 12:45:00,2025-06-25T13:45:00,2025-06-25T12:45:00,"{'bid': 607.9, 'ask': 608.03}","{'bid': 608.06, 'ask': 608.22}","{'bid': 608.09, 'ask': 608.24}","{'bid': 607.75, 'ask': 607.89}",420,607.9,608.09,607.75,608.06
2025-06-25 13:00:00,2025-06-25T14:00:00,2025-06-25T13:00:00,"{'bid': 608.08, 'ask': 608.22}","{'bid': 607.94, 'ask': 608.09}","{'bid': 608.15, 'ask': 608.29}","{'bid': 607.77, 'ask': 607.9}",466,608.08,608.15,607.77,607.94
2025-06-25 13:15:00,2025-06-25T14:15:00,2025-06-25T13:15:00,"{'bid': 607.95, 'ask': 608.09}","{'bid': 607.86, 'ask': 608.01}","{'bid': 607.99, 'ask': 608.14}","{'bid': 607.75, 'ask': 607.95}",505,607.95,607.99,607.75,607.86
2025-06-25 13:30:00,2025-06-25T14:30:00,2025-06-25T13:30:00,"{'bid': 607.86, 'ask': 608.0}","{'bid': 608.22, 'ask': 608.35}","{'bid': 608.41, 'ask': 608.54}","{'bid': 607.69, 'ask': 607.82}",3611,607.86,608.41,607.69,608.22
2025-06-25 13:45:00,2025-06-25T14:45:00,2025-06-25T13:45:00,"{'bid': 608.24, 'ask': 608.36}","{'bid': 608.09, 'ask': 608.21}","{'bid': 608.35, 'ask': 608.48}","{'bid': 607.39, 'ask': 607.52}",2693,608.24,608.35,607.39,608.09
2025-06-25 14:00:00,2025-06-25T15:00:00,2025-06-25T14:00:00,"{'bid': 608.11, 'ask': 608.23}","{'bid': 607.4, 'ask': 607.53}","{'bid': 608.29, 'ask': 608.41}","{'bid': 607.25, 'ask': 607.38}",2955,608.11,608.29,607.25,607.4
2025-06-25 14:15:00,2025-06-25T15:15:00,2025-06-25T14:15:00,"{'bid': 607.39, 'ask': 607.52}","{'bid': 607.62, 'ask': 607.75}","{'bid': 607.87, 'ask': 607.99}","{'bid': 607.24, 'ask': 607.37}",2626,607.39,607.87,607.24,607.62
2025-06-25 14:30:00,2025-06-25T15:30:00,2025-06-25T14:30:00,"{'bid': 607.63, 'ask': 607.76}","{'bid': 608.08, 'ask': 608.21}","{'bid': 608.12, 'ask': 608.25}","{'bid': 607.46, 'ask': 607.59}",2288,607.63,608.12,607.46,608.08
2025-06-25 14:45:00,2025-06-25T15:45:00,2025-06-25T14:45:00,"{'bid': 608.06, 'ask': 608.19}","{'bid': 607.7, 'ask': 607.83}","{'bid': 608.35, 'ask': 608.47}","{'bid': 607.55, 'ask': 607.68}",2334,608.06,608.35,607.55,607.7
2025-06-25 15:00:00,2025-06-25T16:00:00,2025-06-25T15:00:00,"{'bid': 607.71, 'ask': 607.83}","{'bid': 607.01, 'ask': 607.14}","{'bid': 607.74, 'ask': 607.87}","{'bid': 606.79, 'ask': 606.92}",2581,607.71,607.74,606.79,607.01
2025-06-25 15:15:00,2025-06-25T16:15:00,2025-06-25T15:15:00,"{'bid': 607.02, 'ask': 607.15}","{'bid': 607.09, 'ask': 607.21}","{'bid': 607.26, 'ask': 607.39}","{'bid': 606.82, 'ask': 606.94}",1650,607.02,607.26,606.82,607.09
2025-06-25 15:30:00,2025-06-25T16:30:00,2025-06-25T15:30:00,"{'bid': 607.09, 'ask': 607.22}","{'bid': 606.83, 'ask': 606.96}","{'bid': 607.11, 'ask': 607.24}","{'bid': 606.42, 'ask': 606.54}",2294,607.09,607.11,606.42,606.83
2025-06-25 15:45:00,2025-06-25T16:45:00,2025-06-25T15:45:00,"{'bid': 606.82, 'ask': 606.95}","{'bid': 606.83, 'ask': 606.95}","{'bid': 607.04, 'ask': 607.16}","{'bid': 606.62, 'ask': 606.75}",1820,606.82,607.04,606.62,606.83
2025-06-25 16:00:00,2025-06-25T17:00:00,2025-06-25T16:00:00,"{'bid': 606.82, 'ask': 606.95}","{'bid': 607.07, 'ask': 607.2}","{'bid': 607.11, 'ask': 607.24}","{'bid': 606.74, 'ask': 606.87}",1724,606.82,607.11,606.74,607.07
2025-06-25 16:15:00,2025-06-25T17:15:00,2025-06-25T16:15:00,"{'bid': 607.07, 'ask': 607.19}","{'bid': 606.91, 'ask': 607.04}","{'bid': 607.21, 'ask': 607.33}","{'bid': 606.75, 'ask': 606.88}",1608,607.07,607.21,606.75,606.91
2025-06-25 16:30:00,2025-06-25T17:30:00,2025-06-25T16:30:00,"{'bid': 606.91, 'ask': 607.03}","{'bid': 606.72, 'ask': 606.85}","{'bid': 607.04, 'ask': 607.16}","{'bid': 606.65, 'ask': 606.78}",1513,606.91,607.04,606.65,606.72
2025-06-25 16:45:00,2025-06-25T17:45:00,2025-06-25T16:45:00,"{'bid': 606.72, 'ask': 606.84}","{'bid': 606.65, 'ask': 606.77}","{'bid': 606.83, 'ask': 606.96}","{'bid': 606.38, 'ask': 606.5}",1806,606.72,606.83,606.38,606.65
2025-06-25 17:00:00,2025-06-25T18:00:00,2025-06-25T17:00:00,"{'bid': 606.66, 'ask': 606.79}","{'bid': 606.54, 'ask': 606.67}","{'bid': 606.78, 'ask': 606.91}","{'bid': 606.2, 'ask': 606.33}",1936,606.66,606.78,606.2,606.54
2025-06-25 17:15:00,2025-06-25T18:15:00,2025-06-25T17:15:00,"{'bid': 606.55, 'ask': 606.68}","{'bid': 606.95, 'ask': 607.08}","{'bid': 607.08, 'ask': 607.2}","{'bid': 606.48, 'ask': 606.61}",1408,606.55,607.08,606.48,606.95
2025-06-25 17:30:00,2025-06-25T18:30:00,2025-06-25T17:30:00,"{'bid': 606.96, 'ask': 607.09}","{'bid': 606.07, 'ask': 606.2}","{'bid': 607.01, 'ask': 607.13}","{'bid': 605.47, 'ask': 605.6}",2860,606.96,607.01,605.47,606.07
2025-06-25 17:45:00,2025-06-25T18:45:00,2025-06-25T17:45:00,"{'bid': 606.08, 'ask': 606.21}","{'bid': 606.19, 'ask': 606.32}","{'bid': 606.75, 'ask': 606.88}","{'bid': 606.0, 'ask': 606.12}",2157,606.08,606.75,606.0,606.19
2025-06-25 18:00:00,2025-06-25T19:00:00,2025-06-25T18:00:00,"{'bid': 606.21, 'ask': 606.34}","{'bid': 606.3, 'ask': 606.43}","{'bid': 606.45, 'ask': 606.58}","{'bid': 605.99, 'ask': 606.12}",2063,606.21,606.45,605.99,606.3
2025-06-25 18:15:00,2025-06-25T19:15:00,2025-06-25T18:15:00,"{'bid': 606.32, 'ask': 606.44}","{'bid': 606.31, 'ask': 606.44}","{'bid': 606.49, 'ask': 606.61}","{'bid': 606.22, 'ask': 606.35}",1454,606.32,606.49,606.22,606.31
2025-06-25 18:30:00,2025-06-25T19:30:00,2025-06-25T18:30:00,"{'bid': 606.33, 'ask': 606.45}","{'bid': 606.23, 'ask': 606.36}","{'bid': 606.39, 'ask': 606.52}","{'bid': 606.01, 'ask': 606.14}",1517,606.33,606.39,606.01,606.23
2025-06-25 18:45:00,2025-06-25T19:45:00,2025-06-25T18:45:00,"{'bid': 606.22, 'ask': 606.35}","{'bid': 606.36, 'ask': 606.49}","{'bid': 606.44, 'ask': 606.57}","{'bid': 606.14, 'ask': 606.27}",1251,606.22,606.44,606.14,606.36
2025-06-25 19:00:00,2025-06-25T20:00:00,2025-06-25T19:00:00,"{'bid': 606.35, 'ask': 606.47}","{'bid': 607.15, 'ask': 607.28}","{'bid': 607.3, 'ask': 607.43}","{'bid': 606.34, 'ask': 606.46}",1786,606.35,607.3,606.34,607.15
2025-06-25 19:15:00,2025-06-25T20:15:00,2025-06-25T19:15:00,"{'bid': 607.17, 'ask': 607.29}","{'bid': 606.93, 'ask': 607.06}","{'bid': 607.28, 'ask': 607.41}","{'bid': 606.93, 'ask': 607.06}",1393,607.17,607.28,606.93,606.93
2025-06-25 19:30:00,2025-06-25T20:30:00,2025-06-25T19:30:00,"{'bid': 606.92, 'ask': 607.05}","{'bid': 606.71, 'ask': 606.84}","{'bid': 607.02, 'ask': 607.15}","{'bid': 606.3, 'ask': 606.43}",2110,606.92,607.02,606.3,606.71
2025-06-25 19:45:00,2025-06-25T20:45:00,2025-06-25T19:45:00,"{'bid': 606.72, 'ask': 606.84}","{'bid': 607.04, 'ask': 607.16}","{'bid': 607.13, 'ask': 607.26}","{'bid': 606.36, 'ask': 606.49}",2774,606.72,607.13,606.36,607.04
2025-06-25 20:00:00,2025-06-25T21:00:00,2025-06-25T20:00:00,"{'bid': 607.04, 'ask': 607.17}","{'bid': 606.83, 'ask': 606.97}","{'bid': 607.1, 'ask': 607.23}","{'bid': 606.67, 'ask': 606.81}",1143,607.04,607.1,606.67,606.83
2025-06-25 20:15:00,2025-06-25T21:15:00,2025-06-25T20:15:00,"{'bid': 606.83, 'ask': 606.98}","{'bid': 606.7, 'ask': 606.85}","{'bid': 606.95, 'ask': 607.17}","{'bid': 606.6, 'ask': 606.82}",282,606.83,606.95,606.6,606.7
2025-06-25 20:30:00,2025-06-25T21:30:00,2025-06-25T20:30:00,"{'bid': 606.71, 'ask': 606.85}","{'bid': 606.76, 'ask': 606.89}","{'bid': 606.85, 'ask': 607.17}","{'bid': 606.6, 'ask': 606.81}",218,606.71,606.85,606.6,606.76
2025-06-25 20:45:00,2025-06-25T21:45:00,2025-06-25T20:45:00,"{'bid': 606.76, 'ask': 606.9}","{'bid': 606.86, 'ask': 607.14}","{'bid': 606.91, 'ask': 607.17}","{'bid': 606.74, 'ask': 606.88}",258,606.76,606.91,606.74,606.86
2025-06-25 21:00:00,2025-06-25T22:00:00,2025-06-25T21:00:00,"{'bid': 606.84, 'ask': 607.14}","{'bid': 606.9, 'ask': 607.15}","{'bid': 606.99, 'ask': 607.15}","{'bid': 606.8, 'ask': 606.97}",30,606.84,606.99,606.8,606.9
2025-06-25 21:15:00,2025-06-25T22:15:00,2025-06-25T21:15:00,"{'bid': 606.9, 'ask': 607.07}","{'bid': 606.89, 'ask': 607.03}","{'bid': 606.94, 'ask': 607.15}","{'bid': 606.89, 'ask': 607.03}",14,606.9,606.94,606.89,606.89
2025-06-25 21:30:00,2025-06-25T22:30:00,2025-06-25T21:30:00,"{'bid': 606.75, 'ask': 607.03}","{'bid': 606.75, 'ask': 606.97}","{'bid': 606.77, 'ask': 607.03}","{'bid': 606.65, 'ask': 606.91}",17,606.75,606.77,606.65,606.75
2025-06-25 21:45:00,2025-06-25T22:45:00,2025-06-25T21:45:00,"{'bid': 606.66, 'ask': 606.97}","{'bid': 606.06, 'ask': 606.7}","{'bid': 606.76, 'ask': 606.98}","{'bid': 605.9, 'ask': 606.59}",137,606.66,606.76,605.9,606.06
2025-06-25 22:00:00,2025-06-25T23:00:00,2025-06-25T22:00:00,"{'bid': 605.9, 'ask': 606.89}","{'bid': 607.12, 'ask': 607.28}","{'bid': 607.28, 'ask': 607.53}","{'bid': 605.9, 'ask': 606.79}",422,605.9,607.28,605.9,607.12
2025-06-25 22:15:00,2025-06-25T23:15:00,2025-06-25T22:15:00,"{'bid': 607.13, 'ask': 607.28}","{'bid': 606.77, 'ask': 606.95}","{'bid': 607.13, 'ask': 607.28}","{'bid': 606.71, 'ask': 606.89}",220,607.13,607.13,606.71,606.77
2025-06-25 22:30:00,2025-06-25T23:30:00,2025-06-25T22:30:00,"{'bid': 606.79, 'ask': 606.98}","{'bid': 606.75, 'ask': 606.92}","{'bid': 606.97, 'ask': 607.23}","{'bid': 606.72, 'ask': 606.89}",186,606.79,606.97,606.72,606.75
2025-06-25 22:45:00,2025-06-25T23:45:00,2025-06-25T22:45:00,"{'bid': 606.75, 'ask': 606.94}","{'bid': 606.89, 'ask': 607.06}","{'bid': 606.91, 'ask': 607.35}","{'bid': 606.72, 'ask': 606.86}",124,606.75,606.91,606.72,606.89
2025-06-25 23:00:00,2025-06-26T00:00:00,2025-06-25T23:00:00,"{'bid': 606.93, 'ask': 607.06}","{'bid': 606.83, 'ask': 607.01}","{'bid': 606.96, 'ask': 607.35}","{'bid': 606.01, 'ask': 606.56}",481,606.93,606.96,606.01,606.83
2025-06-25 23:15:00,2025-06-26T00:15:00,2025-06-25T23:15:00,"{'bid': 606.82, 'ask': 607.0}","{'bid': 606.58, 'ask': 606.77}","{'bid': 606.85, 'ask': 607.02}","{'bid': 606.4, 'ask': 606.6}",298,606.82,606.85,606.4,606.58
2025-06-25 23:30:00,2025-06-26T00:30:00,2025-06-25T23:30:00,"{'bid': 606.58, 'ask': 606.76}","{'bid': 606.69, 'ask': 606.87}","{'bid': 606.88, 'ask': 607.04}","{'bid': 606.32, 'ask': 606.61}",284,606.58,606.88,606.32,606.69
2025-06-25 23:45:00,2025-06-26T00:45:00,2025-06-25T23:45:00,"{'bid': 606.65, 'ask': 606.86}","{'bid': 606.95, 'ask': 607.12}","{'bid': 607.04, 'ask': 607.41}","{'bid': 606.39, 'ask': 606.85}",305,606.65,607.04,606.39,606.95
2025-06-26 08:00:00,2025-06-26T09:00:00,2025-06-26T08:00:00,"{'bid': 608.39, 'ask': 609.05}","{'bid': 608.8, 'ask': 608.94}","{'bid': 608.87, 'ask': 609.16}","{'bid': 608.35, 'ask': 608.52}",551,608.39,608.87,608.35,608.8
2025-06-26 08:15:00,2025-06-26T09:15:00,2025-06-26T08:15:00,"{'bid': 608.79, 'ask': 608.94}","{'bid': 609.22, 'ask': 609.36}","{'bid': 609.38, 'ask': 610.25}","{'bid': 608.77, 'ask': 608.9}",435,608.79,609.38,608.77,609.22
2025-06-26 08:30:00,2025-06-26T09:30:00,2025-06-26T08:30:00,"{'bid': 609.2, 'ask': 609.35}","{'bid': 609.1, 'ask': 609.25}","{'bid': 609.32, 'ask': 609.95}","{'bid': 608.93, 'ask': 609.15}",379,609.2,609.32,608.93,609.1
2025-06-26 08:45:00,2025-06-26T09:45:00,2025-06-26T08:45:00,"{'bid': 609.09, 'ask': 609.24}","{'bid': 609.0, 'ask': 609.16}","{'bid': 609.17, 'ask': 609.95}","{'bid': 608.98, 'ask': 609.13}",253,609.09,609.17,608.98,609.0
2025-06-26 09:00:00,2025-06-26T10:00:00,2025-06-26T09:00:00,"{'bid': 609.0, 'ask': 609.15}","{'bid': 608.86, 'ask': 609.01}","{'bid': 609.05, 'ask': 609.21}","{'bid': 608.78, 'ask': 608.94}",302,609.0,609.05,608.78,608.86
2025-06-26 09:15:00,2025-06-26T10:15:00,2025-06-26T09:15:00,"{'bid': 608.85, 'ask': 609.01}","{'bid': 608.84, 'ask': 608.99}","{'bid': 609.08, 'ask': 609.65}","{'bid': 608.78, 'ask': 608.94}",328,608.85,609.08,608.78,608.84
2025-06-26 09:30:00,2025-06-26T10:30:00,2025-06-26T09:30:00,"{'bid': 608.85, 'ask': 609.0}","{'bid': 608.62, 'ask': 608.78}","{'bid': 608.85, 'ask': 609.2}","{'bid': 608.55, 'ask': 608.72}",466,608.85,608.85,608.55,608.62
2025-06-26 09:45:00,2025-06-26T10:45:00,2025-06-26T09:45:00,"{'bid': 608.62, 'ask': 608.79}","{'bid': 608.67, 'ask': 608.83}","{'bid': 608.79, 'ask': 609.2}","{'bid': 608.59, 'ask': 608.77}",248,608.62,608.79,608.59,608.67
2025-06-26 10:00:00,2025-06-26T11:00:00,2025-06-26T10:00:00,"{'bid': 608.67, 'ask': 608.82}","{'bid': 609.04, 'ask': 609.19}","{'bid': 609.04, 'ask': 609.2}","{'bid': 608.53, 'ask': 608.68}",341,608.67,609.04,608.53,609.04
2025-06-26 10:15:00,2025-06-26T11:15:00,2025-06-26T10:15:00,"{'bid': 609.05, 'ask': 609.19}","{'bid': 609.26, 'ask': 609.4}","{'bid': 609.41, 'ask': 610.05}","{'bid': 609.02, 'ask': 609.18}",313,609.05,609.41,609.02,609.26
2025-06-26 10:30:00,2025-06-26T11:30:00,2025-06-26T10:30:00,"{'bid': 609.25, 'ask': 609.4}","{'bid': 609.06, 'ask': 609.21}","{'bid': 609.37, 'ask': 609.6}","{'bid': 609.03, 'ask': 609.18}",256,609.25,609.37,609.03,609.06
2025-06-26 10:45:00,2025-06-26T11:45:00,2025-06-26T10:45:00,"{'bid': 609.07, 'ask': 609.21}","{'bid': 608.8, 'ask': 608.98}","{'bid': 609.2, 'ask': 609.6}","{'bid': 608.78, 'ask': 608.94}",412,609.07,609.2,608.78,608.8
2025-06-26 11:00:00,2025-06-26T12:00:00,2025-06-26T11:00:00,"{'bid': 608.82, 'ask': 609.01}","{'bid': 609.24, 'ask': 609.38}","{'bid': 609.33, 'ask': 609.6}","{'bid': 608.71, 'ask': 608.91}",497,608.82,609.33,608.71,609.24
2025-06-26 11:15:00,2025-06-26T12:15:00,2025-06-26T11:15:00,"{'bid': 609.23, 'ask': 609.37}","{'bid': 609.13, 'ask': 609.28}","{'bid': 609.32, 'ask': 609.6}","{'bid': 608.96, 'ask': 609.09}",363,609.23,609.32,608.96,609.13
2025-06-26 11:30:00,2025-06-26T12:30:00,2025-06-26T11:30:00,"{'bid': 609.14, 'ask': 609.29}","{'bid': 608.92, 'ask': 609.08}","{'bid': 609.18, 'ask': 609.33}","{'bid': 608.9, 'ask': 609.03}",295,609.14,609.18,608.9,608.92
2025-06-26 11:45:00,2025-06-26T12:45:00,2025-06-26T11:45:00,"{'bid': 608.92, 'ask': 609.07}","{'bid': 609.28, 'ask': 609.42}","{'bid': 609.33, 'ask': 609.49}","{'bid': 608.9, 'ask': 609.04}",334,608.92,609.33,608.9,609.28
2025-06-26 12:00:00,2025-06-26T13:00:00,2025-06-26T12:00:00,"{'bid': 609.3, 'ask': 609.6}","{'bid': 609.11, 'ask': 609.28}","{'bid': 609.41, 'ask': 609.6}","{'bid': 609.09, 'ask': 609.23}",354,609.3,609.41,609.09,609.11
2025-06-26 12:15:00,2025-06-26T13:15:00,2025-06-26T12:15:00,"{'bid': 609.11, 'ask': 609.27}","{'bid': 609.12, 'ask': 609.6}","{'bid': 609.23, 'ask': 609.6}","{'bid': 608.99, 'ask': 609.13}",384,609.11,609.23,608.99,609.12
2025-06-26 12:30:00,2025-06-26T13:30:00,2025-06-26T12:30:00,"{'bid': 609.17, 'ask': 609.6}","{'bid': 608.96, 'ask': 609.1}","{'bid': 609.28, 'ask': 609.6}","{'bid': 608.15, 'ask': 608.31}",1327,609.17,609.28,608.15,608.96
2025-06-26 12:45:00,2025-06-26T13:45:00,2025-06-26T12:45:00,"{'bid': 608.96, 'ask': 609.11}","{'bid': 609.01, 'ask': 609.16}","{'bid': 609.17, 'ask': 609.35}","{'bid': 608.71, 'ask': 608.86}",801,608.96,609.17,608.71,609.01
2025-06-26 13:00:00,2025-06-26T14:00:00,2025-06-26T13:00:00,"{'bid': 609.01, 'ask': 609.15}","{'bid': 608.68, 'ask': 608.82}","{'bid': 609.01, 'ask': 609.29}","{'bid': 608.49, 'ask': 608.65}",717,609.01,609.01,608.49,608.68
2025-06-26 13:15:00,2025-06-26T14:15:00,2025-06-26T13:15:00,"{'bid': 608.67, 'ask': 608.82}","{'bid': 608.91, 'ask': 609.03}","{'bid': 609.16, 'ask': 609.3}","{'bid': 608.54, 'ask': 608.67}",904,608.67,609.16,608.54,608.91
2025-06-26 13:30:00,2025-06-26T14:30:00,2025-06-26T13:30:00,"{'bid': 608.95, 'ask': 609.23}","{'bid': 609.21, 'ask': 609.34}","{'bid': 609.33, 'ask': 609.45}","{'bid': 608.73, 'ask': 608.85}",4253,608.95,609.33,608.73,609.21
2025-06-26 13:45:00,2025-06-26T14:45:00,2025-06-26T13:45:00,"{'bid': 609.23, 'ask': 609.35}","{'bid': 609.06, 'ask': 609.19}","{'bid': 609.33, 'ask': 609.46}","{'bid': 608.3, 'ask': 608.43}",3465,609.23,609.33,608.3,609.06
2025-06-26 14:00:00,2025-06-26T15:00:00,2025-06-26T14:00:00,"{'bid': 609.05, 'ask': 609.18}","{'bid': 609.32, 'ask': 609.45}","{'bid': 609.59, 'ask': 609.72}","{'bid': 609.01, 'ask': 609.14}",3044,609.05,609.59,609.01,609.32
2025-06-26 14:15:00,2025-06-26T15:15:00,2025-06-26T14:15:00,"{'bid': 609.34, 'ask': 609.46}","{'bid': 609.88, 'ask': 610.0}","{'bid': 609.92, 'ask': 610.05}","{'bid': 609.21, 'ask': 609.34}",1985,609.34,609.92,609.21,609.88
2025-06-26 14:30:00,2025-06-26T15:30:00,2025-06-26T14:30:00,"{'bid': 609.87, 'ask': 610.0}","{'bid': 609.97, 'ask': 610.09}","{'bid': 610.52, 'ask': 610.64}","{'bid': 609.86, 'ask': 609.99}",2403,609.87,610.52,609.86,609.97
2025-06-26 14:45:00,2025-06-26T15:45:00,2025-06-26T14:45:00,"{'bid': 609.96, 'ask': 610.08}","{'bid': 610.31, 'ask': 610.44}","{'bid': 610.4, 'ask': 610.53}","{'bid': 609.9, 'ask': 610.03}",1592,609.96,610.4,609.9,610.31
2025-06-26 15:00:00,2025-06-26T16:00:00,2025-06-26T15:00:00,"{'bid': 610.33, 'ask': 610.45}","{'bid': 610.41, 'ask': 610.54}","{'bid': 610.66, 'ask': 610.78}","{'bid': 610.27, 'ask': 610.4}",1511,610.33,610.66,610.27,610.41
2025-06-26 15:15:00,2025-06-26T16:15:00,2025-06-26T15:15:00,"{'bid': 610.41, 'ask': 610.53}","{'bid': 610.03, 'ask': 610.15}","{'bid': 610.8, 'ask': 610.93}","{'bid': 609.99, 'ask': 610.12}",1689,610.41,610.8,609.99,610.03
2025-06-26 15:30:00,2025-06-26T16:30:00,2025-06-26T15:30:00,"{'bid': 610.03, 'ask': 610.16}","{'bid': 610.3, 'ask': 610.43}","{'bid': 610.54, 'ask': 610.67}","{'bid': 609.78, 'ask': 609.9}",2051,610.03,610.54,609.78,610.3
2025-06-26 15:45:00,2025-06-26T16:45:00,2025-06-26T15:45:00,"{'bid': 610.3, 'ask': 610.42}","{'bid': 610.46, 'ask': 610.59}","{'bid': 610.6, 'ask': 610.72}","{'bid': 610.24, 'ask': 610.37}",1295,610.3,610.6,610.24,610.46
2025-06-26 16:00:00,2025-06-26T17:00:00,2025-06-26T16:00:00,"{'bid': 610.44, 'ask': 610.57}","{'bid': 610.81, 'ask': 610.94}","{'bid': 611.01, 'ask': 611.14}","{'bid': 610.4, 'ask': 610.52}",1471,610.44,611.01,610.4,610.81
2025-06-26 16:15:00,2025-06-26T17:15:00,2025-06-26T16:15:00,"{'bid': 610.82, 'ask': 610.95}","{'bid': 610.83, 'ask': 610.96}","{'bid': 611.05, 'ask': 611.18}","{'bid': 610.77, 'ask': 610.89}",1074,610.82,611.05,610.77,610.83
2025-06-26 16:30:00,2025-06-26T17:30:00,2025-06-26T16:30:00,"{'bid': 610.83, 'ask': 610.95}","{'bid': 610.7, 'ask': 610.83}","{'bid': 611.06, 'ask': 611.19}","{'bid': 610.7, 'ask': 610.83}",980,610.83,611.06,610.7,610.7
2025-06-26 16:45:00,2025-06-26T17:45:00,2025-06-26T16:45:00,"{'bid': 610.71, 'ask': 610.84}","{'bid': 610.78, 'ask': 610.9}","{'bid': 610.92, 'ask': 611.05}","{'bid': 610.61, 'ask': 610.74}",881,610.71,610.92,610.61,610.78
2025-06-26 17:00:00,2025-06-26T18:00:00,2025-06-26T17:00:00,"{'bid': 610.78, 'ask': 610.91}","{'bid': 611.05, 'ask': 611.18}","{'bid': 611.12, 'ask': 611.24}","{'bid': 610.57, 'ask': 610.69}",1118,610.78,611.12,610.57,611.05
2025-06-26 17:15:00,2025-06-26T18:15:00,2025-06-26T17:15:00,"{'bid': 611.07, 'ask': 611.19}","{'bid': 611.12, 'ask': 611.25}","{'bid': 611.2, 'ask': 611.33}","{'bid': 610.82, 'ask': 610.94}",1192,611.07,611.2,610.82,611.12
2025-06-26 17:30:00,2025-06-26T18:30:00,2025-06-26T17:30:00,"{'bid': 611.13, 'ask': 611.26}","{'bid': 611.48, 'ask': 611.61}","{'bid': 611.53, 'ask': 611.66}","{'bid': 611.13, 'ask': 611.26}",1061,611.13,611.53,611.13,611.48
2025-06-26 17:45:00,2025-06-26T18:45:00,2025-06-26T17:45:00,"{'bid': 611.5, 'ask': 611.62}","{'bid': 611.22, 'ask': 611.34}","{'bid': 611.51, 'ask': 611.64}","{'bid': 611.18, 'ask': 611.31}",791,611.5,611.51,611.18,611.22
2025-06-26 18:00:00,2025-06-26T19:00:00,2025-06-26T18:00:00,"{'bid': 611.23, 'ask': 611.36}","{'bid': 611.75, 'ask': 611.88}","{'bid': 611.84, 'ask': 611.96}","{'bid': 611.09, 'ask': 611.22}",1620,611.23,611.84,611.09,611.75
2025-06-26 18:15:00,2025-06-26T19:15:00,2025-06-26T18:15:00,"{'bid': 611.74, 'ask': 611.87}","{'bid': 611.66, 'ask': 611.79}","{'bid': 612.05, 'ask': 612.18}","{'bid': 611.65, 'ask': 611.78}",1208,611.74,612.05,611.65,611.66
2025-06-26 18:30:00,2025-06-26T19:30:00,2025-06-26T18:30:00,"{'bid': 611.67, 'ask': 611.8}","{'bid': 611.54, 'ask': 611.67}","{'bid': 611.85, 'ask': 611.98}","{'bid': 611.4, 'ask': 611.53}",791,611.67,611.85,611.4,611.54
2025-06-26 18:45:00,2025-06-26T19:45:00,2025-06-26T18:45:00,"{'bid': 611.53, 'ask': 611.66}","{'bid': 611.38, 'ask': 611.51}","{'bid': 611.68, 'ask': 611.81}","{'bid': 611.03, 'ask': 611.15}",1056,611.53,611.68,611.03,611.38
2025-06-26 19:00:00,2025-06-26T20:00:00,2025-06-26T19:00:00,"{'bid': 611.39, 'ask': 611.52}","{'bid': 611.35, 'ask': 611.47}","{'bid': 611.6, 'ask': 611.73}","{'bid': 611.33, 'ask': 611.46}",869,611.39,611.6,611.33,611.35
2025-06-26 19:15:00,2025-06-26T20:15:00,2025-06-26T19:15:00,"{'bid': 611.34, 'ask': 611.47}","{'bid': 611.57, 'ask': 611.7}","{'bid': 611.71, 'ask': 611.87}","{'bid': 611.2, 'ask': 611.33}",982,611.34,611.71,611.2,611.57
2025-06-26 19:30:00,2025-06-26T20:30:00,2025-06-26T19:30:00,"{'bid': 611.56, 'ask': 611.69}","{'bid': 611.3, 'ask': 611.43}","{'bid': 611.63, 'ask': 611.76}","{'bid': 611.22, 'ask': 611.35}",1254,611.56,611.63,611.22,611.3
2025-06-26 19:45:00,2025-06-26T20:45:00,2025-06-26T19:45:00,"{'bid': 611.31, 'ask': 611.44}","{'bid': 611.81, 'ask': 611.93}","{'bid': 612.24, 'ask': 612.37}","{'bid': 611.17, 'ask': 611.3}",2727,611.31,612.24,611.17,611.81
2025-06-26 20:00:00,2025-06-26T21:00:00,2025-06-26T20:00:00,"{'bid': 611.83, 'ask': 611.95}","{'bid': 611.29, 'ask': 611.43}","{'bid': 611.86, 'ask': 612.03}","{'bid': 611.19, 'ask': 611.32}",1236,611.83,611.86,611.19,611.29
2025-06-26 20:15:00,2025-06-26T21:15:00,2025-06-26T20:15:00,"{'bid': 611.32, 'ask': 611.44}","{'bid': 611.59, 'ask': 611.74}","{'bid': 611.7, 'ask': 611.9}","{'bid': 611.24, 'ask': 611.38}",575,611.32,611.7,611.24,611.59
2025-06-26 20:30:00,2025-06-26T21:30:00,2025-06-26T20:30:00,"{'bid': 611.58, 'ask': 611.73}","{'bid': 611.78, 'ask': 611.92}","{'bid': 611.81, 'ask': 612.0}","{'bid': 611.54, 'ask': 611.66}",235,611.58,611.81,611.54,611.78
2025-06-26 20:45:00,2025-06-26T21:45:00,2025-06-26T20:45:00,"{'bid': 611.77, 'ask': 611.92}","{'bid': 611.77, 'ask': 611.92}","{'bid': 611.88, 'ask': 612.01}","{'bid': 611.58, 'ask': 611.83}",227,611.77,611.88,611.58,611.77
2025-06-26 21:00:00,2025-06-26T22:00:00,2025-06-26T21:00:00,"{'bid': 611.58, 'ask': 611.92}","{'bid': 611.85, 'ask': 611.99}","{'bid': 611.85, 'ask': 611.99}","{'bid': 611.15, 'ask': 611.84}",21,611.58,611.85,611.15,611.85
2025-06-26 21:15:00,2025-06-26T22:15:00,2025-06-26T21:15:00,"{'bid': 611.85, 'ask': 612.03}","{'bid': 611.95, 'ask': 612.1}","{'bid': 611.95, 'ask': 612.12}","{'bid': 611.72, 'ask': 611.94}",32,611.85,611.95,611.72,611.95
2025-06-26 21:30:00,2025-06-26T22:30:00,2025-06-26T21:30:00,"{'bid': 611.95, 'ask': 612.12}","{'bid': 611.77, 'ask': 612.29}","{'bid': 612.18, 'ask': 612.35}","{'bid': 611.76, 'ask': 612.12}",46,611.95,612.18,611.76,611.77
2025-06-26 21:45:00,2025-06-26T22:45:00,2025-06-26T21:45:00,"{'bid': 612.11, 'ask': 612.29}","{'bid': 612.04, 'ask': 612.21}","{'bid': 612.11, 'ask': 612.35}","{'bid': 611.77, 'ask': 612.14}",27,612.11,612.11,611.77,612.04
2025-06-26 22:00:00,2025-06-26T23:00:00,2025-06-26T22:00:00,"{'bid': 612.04, 'ask': 612.17}","{'bid': 612.1, 'ask': 612.3}","{'bid': 612.37, 'ask': 612.68}","{'bid': 611.81, 'ask': 611.96}",601,612.04,612.37,611.81,612.1
2025-06-26 22:15:00,2025-06-26T23:15:00,2025-06-26T22:15:00,"{'bid': 612.12, 'ask': 612.3}","{'bid': 612.55, 'ask': 612.73}","{'bid': 612.76, 'ask': 612.98}","{'bid': 612.11, 'ask': 612.27}",467,612.12,612.76,612.11,612.55
2025-06-26 22:30:00,2025-06-26T23:30:00,2025-06-26T22:30:00,"{'bid': 612.56, 'ask': 612.73}","{'bid': 612.35, 'ask': 612.52}","{'bid': 612.63, 'ask': 612.98}","{'bid': 612.3, 'ask': 612.52}",219,612.56,612.63,612.3,612.35
2025-06-26 22:45:00,2025-06-26T23:45:00,2025-06-26T22:45:00,"{'bid': 612.36, 'ask': 612.52}","{'bid': 612.37, 'ask': 612.57}","{'bid': 612.5, 'ask': 612.75}","{'bid': 612.35, 'ask': 612.5}",148,612.36,612.5,612.35,612.37
2025-06-26 23:00:00,2025-06-27T00:00:00,2025-06-26T23:00:00,"{'bid': 612.38, 'ask': 612.58}","{'bid': 612.08, 'ask': 612.26}","{'bid': 612.49, 'ask': 612.7}","{'bid': 612.0, 'ask': 612.21}",254,612.38,612.49,612.0,612.08
2025-06-26 23:15:00,2025-06-27T00:15:00,2025-06-26T23:15:00,"{'bid': 612.08, 'ask': 612.43}","{'bid': 612.17, 'ask': 612.33}","{'bid': 612.2, 'ask': 612.49}","{'bid': 611.96, 'ask': 612.13}",278,612.08,612.2,611.96,612.17
2025-06-26 23:30:00,2025-06-27T00:30:00,2025-06-26T23:30:00,"{'bid': 612.16, 'ask': 612.32}","{'bid': 612.11, 'ask': 612.28}","{'bid': 612.16, 'ask': 612.39}","{'bid': 611.98, 'ask': 612.15}",142,612.16,612.16,611.98,612.11
2025-06-26 23:45:00,2025-06-27T00:45:00,2025-06-26T23:45:00,"{'bid': 612.1, 'ask': 612.28}","{'bid': 611.96, 'ask': 612.1}","{'bid': 612.16, 'ask': 612.35}","{'bid': 611.48, 'ask': 611.98}",329,612.1,612.16,611.48,611.96
2025-06-27 08:00:00,2025-06-27T09:00:00,2025-06-27T08:00:00,"{'bid': 613.52, 'ask': 614.0}","{'bid': 613.69, 'ask': 613.85}","{'bid': 613.74, 'ask': 614.15}","{'bid': 613.15, 'ask': 613.48}",605,613.52,613.74,613.15,613.69
2025-06-27 08:15:00,2025-06-27T09:15:00,2025-06-27T08:15:00,"{'bid': 613.69, 'ask': 613.84}","{'bid': 613.34, 'ask': 613.5}","{'bid': 613.69, 'ask': 614.15}","{'bid': 613.24, 'ask': 613.45}",353,613.69,613.69,613.24,613.34
2025-06-27 08:30:00,2025-06-27T09:30:00,2025-06-27T08:30:00,"{'bid': 613.34, 'ask': 613.47}","{'bid': 613.47, 'ask': 613.62}","{'bid': 613.63, 'ask': 614.0}","{'bid': 613.32, 'ask': 613.47}",316,613.34,613.63,613.32,613.47
2025-06-27 08:45:00,2025-06-27T09:45:00,2025-06-27T08:45:00,"{'bid': 613.47, 'ask': 613.61}","{'bid': 613.68, 'ask': 613.85}","{'bid': 613.72, 'ask': 614.15}","{'bid': 613.39, 'ask': 613.57}",261,613.47,613.72,613.39,613.68
2025-06-27 09:00:00,2025-06-27T10:00:00,2025-06-27T09:00:00,"{'bid': 613.66, 'ask': 613.82}","{'bid': 613.32, 'ask': 613.47}","{'bid': 613.73, 'ask': 614.15}","{'bid': 613.3, 'ask': 613.45}",328,613.66,613.73,613.3,613.32
2025-06-27 09:15:00,2025-06-27T10:15:00,2025-06-27T09:15:00,"{'bid': 613.31, 'ask': 613.46}","{'bid': 613.52, 'ask': 613.67}","{'bid': 613.54, 'ask': 613.69}","{'bid': 613.29, 'ask': 613.45}",168,613.31,613.54,613.29,613.52
2025-06-27 09:30:00,2025-06-27T10:30:00,2025-06-27T09:30:00,"{'bid': 613.53, 'ask': 613.67}","{'bid': 613.48, 'ask': 613.62}","{'bid': 613.6, 'ask': 614.15}","{'bid': 613.29, 'ask': 613.52}",224,613.53,613.6,613.29,613.48
2025-06-27 09:45:00,2025-06-27T10:45:00,2025-06-27T09:45:00,"{'bid': 613.47, 'ask': 613.62}","{'bid': 613.57, 'ask': 613.72}","{'bid': 613.57, 'ask': 614.15}","{'bid': 613.22, 'ask': 613.43}",259,613.47,613.57,613.22,613.57
2025-06-27 10:00:00,2025-06-27T11:00:00,2025-06-27T10:00:00,"{'bid': 613.56, 'ask': 613.72}","{'bid': 613.38, 'ask': 613.54}","{'bid': 613.62, 'ask': 613.85}","{'bid': 613.25, 'ask': 613.42}",333,613.56,613.62,613.25,613.38
2025-06-27 10:15:00,2025-06-27T11:15:00,2025-06-27T10:15:00,"{'bid': 613.39, 'ask': 613.54}","{'bid': 613.34, 'ask': 613.49}","{'bid': 613.57, 'ask': 613.74}","{'bid': 613.15, 'ask': 613.42}",238,613.39,613.57,613.15,613.34
2025-06-27 10:30:00,2025-06-27T11:30:00,2025-06-27T10:30:00,"{'bid': 613.34, 'ask': 613.5}","{'bid': 613.33, 'ask': 613.48}","{'bid': 613.47, 'ask': 613.85}","{'bid': 613.28, 'ask': 613.46}",204,613.34,613.47,613.28,613.33
2025-06-27 10:45:00,2025-06-27T11:45:00,2025-06-27T10:45:00,"{'bid': 613.31, 'ask': 613.47}","{'bid': 613.46, 'ask': 613.61}","{'bid': 613.48, 'ask': 613.85}","{'bid': 613.28, 'ask': 613.45}",146,613.31,613.48,613.28,613.46
2025-06-27 11:00:00,2025-06-27T12:00:00,2025-06-27T11:00:00,"{'bid': 613.45, 'ask': 614.15}","{'bid': 613.73, 'ask': 613.88}","{'bid': 613.77, 'ask': 614.15}","{'bid': 613.41, 'ask': 613.58}",381,613.45,613.77,613.41,613.73
2025-06-27 11:15:00,2025-06-27T12:15:00,2025-06-27T11:15:00,"{'bid': 613.73, 'ask': 613.87}","{'bid': 613.82, 'ask': 613.96}","{'bid': 613.95, 'ask': 614.2}","{'bid': 613.67, 'ask': 613.79}",257,613.73,613.95,613.67,613.82
2025-06-27 11:30:00,2025-06-27T12:30:00,2025-06-27T11:30:00,"{'bid': 613.79, 'ask': 613.94}","{'bid': 614.13, 'ask': 614.28}","{'bid': 614.33, 'ask': 614.57}","{'bid': 613.79, 'ask': 613.93}",351,613.79,614.33,613.79,614.13
2025-06-27 11:45:00,2025-06-27T12:45:00,2025-06-27T11:45:00,"{'bid': 614.12, 'ask': 614.27}","{'bid': 614.28, 'ask': 614.43}","{'bid': 614.3, 'ask': 614.57}","{'bid': 614.04, 'ask': 614.18}",264,614.12,614.3,614.04,614.28
2025-06-27 12:00:00,2025-06-27T13:00:00,2025-06-27T12:00:00,"{'bid': 614.29, 'ask': 614.44}","{'bid': 613.87, 'ask': 614.02}","{'bid': 614.49, 'ask': 615.05}","{'bid': 613.85, 'ask': 614.0}",634,614.29,614.49,613.85,613.87
2025-06-27 12:15:00,2025-06-27T13:15:00,2025-06-27T12:15:00,"{'bid': 613.77, 'ask': 613.99}","{'bid': 614.0, 'ask': 614.35}","{'bid': 614.19, 'ask': 614.35}","{'bid': 613.74, 'ask': 613.91}",515,613.77,614.19,613.74,614.0
2025-06-27 12:30:00,2025-06-27T13:30:00,2025-06-27T12:30:00,"{'bid': 614.0, 'ask': 614.19}","{'bid': 613.5, 'ask': 613.63}","{'bid': 614.0, 'ask': 614.35}","{'bid': 613.31, 'ask': 613.46}",1216,614.0,614.0,613.31,613.5
2025-06-27 12:45:00,2025-06-27T13:45:00,2025-06-27T12:45:00,"{'bid': 613.49, 'ask': 613.62}","{'bid': 613.37, 'ask': 613.5}","{'bid': 613.74, 'ask': 614.14}","{'bid': 613.29, 'ask': 613.42}",664,613.49,613.74,613.29,613.37
2025-06-27 13:00:00,2025-06-27T14:00:00,2025-06-27T13:00:00,"{'bid': 613.37, 'ask': 613.49}","{'bid': 612.94, 'ask': 613.07}","{'bid': 613.43, 'ask': 613.57}","{'bid': 612.91, 'ask': 613.05}",719,613.37,613.43,612.91,612.94
2025-06-27 13:15:00,2025-06-27T14:15:00,2025-06-27T13:15:00,"{'bid': 612.96, 'ask': 613.09}","{'bid': 612.83, 'ask': 612.96}","{'bid': 613.2, 'ask': 613.52}","{'bid': 612.83, 'ask': 612.96}",867,612.96,613.2,612.83,612.83
2025-06-27 13:30:00,2025-06-27T14:30:00,2025-06-27T13:30:00,"{'bid': 612.84, 'ask': 612.97}","{'bid': 613.56, 'ask': 613.69}","{'bid': 613.64, 'ask': 613.77}","{'bid': 612.64, 'ask': 612.77}",3845,612.84,613.64,612.64,613.56
2025-06-27 13:45:00,2025-06-27T14:45:00,2025-06-27T13:45:00,"{'bid': 613.57, 'ask': 613.7}","{'bid': 614.29, 'ask': 614.42}","{'bid': 614.59, 'ask': 614.71}","{'bid': 613.56, 'ask': 613.69}",2027,613.57,614.59,613.56,614.29
2025-06-27 14:00:00,2025-06-27T15:00:00,2025-06-27T14:00:00,"{'bid': 614.31, 'ask': 614.48}","{'bid': 615.03, 'ask': 615.16}","{'bid': 615.43, 'ask': 615.56}","{'bid': 614.3, 'ask': 614.43}",2907,614.31,615.43,614.3,615.03
2025-06-27 14:15:00,2025-06-27T15:15:00,2025-06-27T14:15:00,"{'bid': 615.02, 'ask': 615.14}","{'bid': 614.84, 'ask': 614.97}","{'bid': 615.27, 'ask': 615.4}","{'bid': 614.49, 'ask': 614.62}",2271,615.02,615.27,614.49,614.84
2025-06-27 14:30:00,2025-06-27T15:30:00,2025-06-27T14:30:00,"{'bid': 614.85, 'ask': 614.98}","{'bid': 615.31, 'ask': 615.44}","{'bid': 615.49, 'ask': 615.61}","{'bid': 614.55, 'ask': 614.68}",2794,614.85,615.49,614.55,615.31
2025-06-27 14:45:00,2025-06-27T15:45:00,2025-06-27T14:45:00,"{'bid': 615.32, 'ask': 615.45}","{'bid': 614.75, 'ask': 614.88}","{'bid': 615.41, 'ask': 615.54}","{'bid': 614.54, 'ask': 614.66}",2301,615.32,615.41,614.54,614.75
2025-06-27 15:00:00,2025-06-27T16:00:00,2025-06-27T15:00:00,"{'bid': 614.77, 'ask': 614.89}","{'bid': 615.14, 'ask': 615.27}","{'bid': 615.31, 'ask': 615.44}","{'bid': 614.54, 'ask': 614.66}",1971,614.77,615.31,614.54,615.14
2025-06-27 15:15:00,2025-06-27T16:15:00,2025-06-27T15:15:00,"{'bid': 615.15, 'ask': 615.28}","{'bid': 615.26, 'ask': 615.39}","{'bid': 615.32, 'ask': 615.45}","{'bid': 614.77, 'ask': 614.9}",1761,615.15,615.32,614.77,615.26
2025-06-27 15:30:00,2025-06-27T16:30:00,2025-06-27T15:30:00,"{'bid': 615.27, 'ask': 615.4}","{'bid': 615.95, 'ask': 616.07}","{'bid': 616.03, 'ask': 616.16}","{'bid': 615.24, 'ask': 615.37}",1993,615.27,616.03,615.24,615.95
2025-06-27 15:45:00,2025-06-27T16:45:00,2025-06-27T15:45:00,"{'bid': 615.95, 'ask': 616.08}","{'bid': 615.84, 'ask': 615.97}","{'bid': 616.03, 'ask': 616.16}","{'bid': 615.77, 'ask': 615.9}",1192,615.95,616.03,615.77,615.84
2025-06-27 16:00:00,2025-06-27T17:00:00,2025-06-27T16:00:00,"{'bid': 615.83, 'ask': 615.96}","{'bid': 616.1, 'ask': 616.23}","{'bid': 616.17, 'ask': 616.3}","{'bid': 615.63, 'ask': 615.76}",1342,615.83,616.17,615.63,616.1
2025-06-27 16:15:00,2025-06-27T17:15:00,2025-06-27T16:15:00,"{'bid': 616.11, 'ask': 616.24}","{'bid': 616.25, 'ask': 616.38}","{'bid': 616.28, 'ask': 616.41}","{'bid': 615.8, 'ask': 615.92}",1381,616.11,616.28,615.8,616.25
2025-06-27 16:30:00,2025-06-27T17:30:00,2025-06-27T16:30:00,"{'bid': 616.24, 'ask': 616.37}","{'bid': 615.91, 'ask': 616.04}","{'bid': 616.33, 'ask': 616.46}","{'bid': 615.83, 'ask': 615.95}",1296,616.24,616.33,615.83,615.91
2025-06-27 16:45:00,2025-06-27T17:45:00,2025-06-27T16:45:00,"{'bid': 615.91, 'ask': 616.03}","{'bid': 615.9, 'ask': 616.03}","{'bid': 616.0, 'ask': 616.13}","{'bid': 615.58, 'ask': 615.71}",1580,615.91,616.0,615.58,615.9
2025-06-27 17:00:00,2025-06-27T18:00:00,2025-06-27T17:00:00,"{'bid': 615.89, 'ask': 616.01}","{'bid': 615.83, 'ask': 615.96}","{'bid': 615.89, 'ask': 616.02}","{'bid': 615.47, 'ask': 615.6}",1417,615.89,615.89,615.47,615.83
2025-06-27 17:15:00,2025-06-27T18:15:00,2025-06-27T17:15:00,"{'bid': 615.84, 'ask': 615.97}","{'bid': 615.33, 'ask': 615.46}","{'bid': 615.84, 'ask': 615.97}","{'bid': 615.19, 'ask': 615.32}",1503,615.84,615.84,615.19,615.33
2025-06-27 17:30:00,2025-06-27T18:30:00,2025-06-27T17:30:00,"{'bid': 615.34, 'ask': 615.47}","{'bid': 614.74, 'ask': 614.87}","{'bid': 615.52, 'ask': 615.64}","{'bid': 614.23, 'ask': 614.36}",2237,615.34,615.52,614.23,614.74
2025-06-27 17:45:00,2025-06-27T18:45:00,2025-06-27T17:45:00,"{'bid': 614.73, 'ask': 614.85}","{'bid': 614.09, 'ask': 614.22}","{'bid': 614.73, 'ask': 614.85}","{'bid': 613.21, 'ask': 613.33}",5896,614.73,614.73,613.21,614.09
2025-06-27 18:00:00,2025-06-27T19:00:00,2025-06-27T18:00:00,"{'bid': 614.11, 'ask': 614.23}","{'bid': 613.52, 'ask': 613.65}","{'bid': 614.31, 'ask': 614.44}","{'bid': 613.36, 'ask': 613.48}",3202,614.11,614.31,613.36,613.52
2025-06-27 18:15:00,2025-06-27T19:15:00,2025-06-27T18:15:00,"{'bid': 613.51, 'ask': 613.64}","{'bid': 612.26, 'ask': 612.39}","{'bid': 613.65, 'ask': 613.78}","{'bid': 612.26, 'ask': 612.39}",3973,613.51,613.65,612.26,612.26
2025-06-27 18:30:00,2025-06-27T19:30:00,2025-06-27T18:30:00,"{'bid': 612.28, 'ask': 612.41}","{'bid': 611.68, 'ask': 611.81}","{'bid': 612.53, 'ask': 612.66}","{'bid': 610.96, 'ask': 611.09}",5247,612.28,612.53,610.96,611.68
2025-06-27 18:45:00,2025-06-27T19:45:00,2025-06-27T18:45:00,"{'bid': 611.66, 'ask': 611.79}","{'bid': 611.12, 'ask': 611.25}","{'bid': 612.17, 'ask': 612.3}","{'bid': 610.76, 'ask': 610.89}",4613,611.66,612.17,610.76,611.12
2025-06-27 19:00:00,2025-06-27T20:00:00,2025-06-27T19:00:00,"{'bid': 611.14, 'ask': 611.26}","{'bid': 612.26, 'ask': 612.38}","{'bid': 612.27, 'ask': 612.39}","{'bid': 610.95, 'ask': 611.08}",3392,611.14,612.27,610.95,612.26
2025-06-27 19:15:00,2025-06-27T20:15:00,2025-06-27T19:15:00,"{'bid': 612.26, 'ask': 612.39}","{'bid': 612.32, 'ask': 612.45}","{'bid': 612.64, 'ask': 612.77}","{'bid': 611.9, 'ask': 612.03}",2329,612.26,612.64,611.9,612.32
2025-06-27 19:30:00,2025-06-27T20:30:00,2025-06-27T19:30:00,"{'bid': 612.33, 'ask': 612.45}","{'bid': 613.1, 'ask': 613.22}","{'bid': 613.18, 'ask': 613.31}","{'bid': 612.33, 'ask': 612.45}",2043,612.33,613.18,612.33,613.1
2025-06-27 19:45:00,2025-06-27T20:45:00,2025-06-27T19:45:00,"{'bid': 613.11, 'ask': 613.24}","{'bid': 614.78, 'ask': 614.91}","{'bid': 615.07, 'ask': 615.2}","{'bid': 612.95, 'ask': 613.07}",4608,613.11,615.07,612.95,614.78
2025-06-27 20:00:00,2025-06-27T21:00:00,2025-06-27T20:00:00,"{'bid': 614.75, 'ask': 614.88}","{'bid': 614.38, 'ask': 614.51}","{'bid': 614.78, 'ask': 614.91}","{'bid': 614.14, 'ask': 614.27}",1717,614.75,614.78,614.14,614.38
2025-06-27 20:15:00,2025-06-27T21:15:00,2025-06-27T20:15:00,"{'bid': 614.38, 'ask': 614.5}","{'bid': 614.22, 'ask': 614.35}","{'bid': 614.48, 'ask': 615.05}","{'bid': 614.12, 'ask': 614.24}",462,614.38,614.48,614.12,614.22
2025-06-27 20:30:00,2025-06-27T21:30:00,2025-06-27T20:30:00,"{'bid': 614.2, 'ask': 614.35}","{'bid': 614.3, 'ask': 614.43}","{'bid': 614.54, 'ask': 615.05}","{'bid': 614.12, 'ask': 614.35}",381,614.2,614.54,614.12,614.3
2025-06-27 20:45:00,2025-06-27T21:45:00,2025-06-27T20:45:00,"{'bid': 614.29, 'ask': 614.43}","{'bid': 614.39, 'ask': 614.66}","{'bid': 614.54, 'ask': 615.05}","{'bid': 614.2, 'ask': 614.33}",444,614.29,614.54,614.2,614.39
2025-06-30 08:00:00,2025-06-30T09:00:00,2025-06-30T08:00:00,"{'bid': 617.17, 'ask': 617.31}","{'bid': 617.43, 'ask': 617.58}","{'bid': 617.46, 'ask': 617.75}","{'bid': 616.75, 'ask': 617.07}",629,617.17,617.46,616.75,617.43
2025-06-30 08:15:00,2025-06-30T09:15:00,2025-06-30T08:15:00,"{'bid': 617.44, 'ask': 617.59}","{'bid': 617.22, 'ask': 617.36}","{'bid': 617.56, 'ask': 617.8}","{'bid': 616.9, 'ask': 617.26}",328,617.44,617.56,616.9,617.22
2025-06-30 08:30:00,2025-06-30T09:30:00,2025-06-30T08:30:00,"{'bid': 617.21, 'ask': 617.36}","{'bid': 617.12, 'ask': 617.27}","{'bid': 617.27, 'ask': 617.44}","{'bid': 616.75, 'ask': 617.17}",268,617.21,617.27,616.75,617.12
2025-06-30 08:45:00,2025-06-30T09:45:00,2025-06-30T08:45:00,"{'bid': 617.13, 'ask': 617.27}","{'bid': 617.14, 'ask': 617.3}","{'bid': 617.29, 'ask': 617.6}","{'bid': 617.09, 'ask': 617.27}",296,617.13,617.29,617.09,617.14
2025-06-30 09:00:00,2025-06-30T10:00:00,2025-06-30T09:00:00,"{'bid': 617.13, 'ask': 617.29}","{'bid': 617.3, 'ask': 617.45}","{'bid': 617.3, 'ask': 617.75}","{'bid': 616.98, 'ask': 617.15}",213,617.13,617.3,616.98,617.3
2025-06-30 09:15:00,2025-06-30T10:15:00,2025-06-30T09:15:00,"{'bid': 617.31, 'ask': 617.45}","{'bid': 617.56, 'ask': 617.7}","{'bid': 617.57, 'ask': 618.05}","{'bid': 617.17, 'ask': 617.41}",240,617.31,617.57,617.17,617.56
2025-06-30 09:30:00,2025-06-30T10:30:00,2025-06-30T09:30:00,"{'bid': 617.55, 'ask': 617.7}","{'bid': 617.55, 'ask': 617.7}","{'bid': 617.78, 'ask': 618.05}","{'bid': 617.35, 'ask': 617.69}",255,617.55,617.78,617.35,617.55
2025-06-30 09:45:00,2025-06-30T10:45:00,2025-06-30T09:45:00,"{'bid': 617.55, 'ask': 617.69}","{'bid': 617.18, 'ask': 617.33}","{'bid': 617.55, 'ask': 617.69}","{'bid': 617.07, 'ask': 617.22}",275,617.55,617.55,617.07,617.18
2025-06-30 10:00:00,2025-06-30T11:00:00,2025-06-30T10:00:00,"{'bid': 617.16, 'ask': 617.33}","{'bid': 617.51, 'ask': 617.65}","{'bid': 617.54, 'ask': 617.75}","{'bid': 616.75, 'ask': 617.29}",313,617.16,617.54,616.75,617.51
2025-06-30 10:15:00,2025-06-30T11:15:00,2025-06-30T10:15:00,"{'bid': 617.52, 'ask': 617.65}","{'bid': 617.59, 'ask': 617.73}","{'bid': 617.63, 'ask': 618.05}","{'bid': 617.25, 'ask': 617.64}",169,617.52,617.63,617.25,617.59
2025-06-30 10:30:00,2025-06-30T11:30:00,2025-06-30T10:30:00,"{'bid': 617.58, 'ask': 617.73}","{'bid': 617.58, 'ask': 617.73}","{'bid': 617.68, 'ask': 618.05}","{'bid': 617.26, 'ask': 617.63}",206,617.58,617.68,617.26,617.58
2025-06-30 10:45:00,2025-06-30T11:45:00,2025-06-30T10:45:00,"{'bid': 617.58, 'ask': 617.72}","{'bid': 617.49, 'ask': 617.64}","{'bid': 617.62, 'ask': 617.76}","{'bid': 617.05, 'ask': 617.58}",237,617.58,617.62,617.05,617.49
2025-06-30 11:00:00,2025-06-30T12:00:00,2025-06-30T11:00:00,"{'bid': 617.51, 'ask': 617.65}","{'bid': 617.56, 'ask': 617.7}","{'bid': 617.57, 'ask': 617.83}","{'bid': 617.05, 'ask': 617.47}",308,617.51,617.57,617.05,617.56
2025-06-30 11:15:00,2025-06-30T12:15:00,2025-06-30T11:15:00,"{'bid': 617.55, 'ask': 617.7}","{'bid': 617.74, 'ask': 617.88}","{'bid': 617.78, 'ask': 617.95}","{'bid': 617.5, 'ask': 617.65}",236,617.55,617.78,617.5,617.74
2025-06-30 11:30:00,2025-06-30T12:30:00,2025-06-30T11:30:00,"{'bid': 617.72, 'ask': 617.89}","{'bid': 617.64, 'ask': 617.78}","{'bid': 617.74, 'ask': 617.9}","{'bid': 617.35, 'ask': 617.53}",321,617.72,617.74,617.35,617.64
2025-06-30 11:45:00,2025-06-30T12:45:00,2025-06-30T11:45:00,"{'bid': 617.67, 'ask': 617.8}","{'bid': 617.46, 'ask': 617.61}","{'bid': 617.82, 'ask': 617.95}","{'bid': 617.36, 'ask': 617.54}",301,617.67,617.82,617.36,617.46
2025-06-30 12:00:00,2025-06-30T13:00:00,2025-06-30T12:00:00,"{'bid': 617.46, 'ask': 617.6}","{'bid': 617.47, 'ask': 617.6}","{'bid': 617.52, 'ask': 617.74}","{'bid': 617.35, 'ask': 617.48}",363,617.46,617.52,617.35,617.47
2025-06-30 12:15:00,2025-06-30T13:15:00,2025-06-30T12:15:00,"{'bid': 617.46, 'ask': 617.58}","{'bid': 617.24, 'ask': 617.37}","{'bid': 617.49, 'ask': 617.64}","{'bid': 617.05, 'ask': 617.25}",421,617.46,617.49,617.05,617.24
2025-06-30 12:30:00,2025-06-30T13:30:00,2025-06-30T12:30:00,"{'bid': 617.22, 'ask': 617.37}","{'bid': 616.99, 'ask': 617.13}","{'bid': 617.25, 'ask': 617.37}","{'bid': 616.85, 'ask': 617.03}",340,617.22,617.25,616.85,616.99
2025-06-30 12:45:00,2025-06-30T13:45:00,2025-06-30T12:45:00,"{'bid': 617.01, 'ask': 617.16}","{'bid': 617.02, 'ask': 617.16}","{'bid': 617.07, 'ask': 617.24}","{'bid': 616.46, 'ask': 616.86}",511,617.01,617.07,616.46,617.02
2025-06-30 13:00:00,2025-06-30T14:00:00,2025-06-30T13:00:00,"{'bid': 617.02, 'ask': 617.15}","{'bid': 617.2, 'ask': 617.33}","{'bid': 617.29, 'ask': 617.42}","{'bid': 616.9, 'ask': 617.1}",388,617.02,617.29,616.9,617.2
2025-06-30 13:15:00,2025-06-30T14:15:00,2025-06-30T13:15:00,"{'bid': 617.17, 'ask': 617.31}","{'bid': 617.33, 'ask': 617.48}","{'bid': 617.57, 'ask': 617.7}","{'bid': 617.07, 'ask': 617.26}",558,617.17,617.57,617.07,617.33
2025-06-30 13:30:00,2025-06-30T14:30:00,2025-06-30T13:30:00,"{'bid': 617.3, 'ask': 617.45}","{'bid': 616.33, 'ask': 616.45}","{'bid': 617.36, 'ask': 617.49}","{'bid': 616.12, 'ask': 616.25}",4218,617.3,617.36,616.12,616.33
2025-06-30 13:45:00,2025-06-30T14:45:00,2025-06-30T13:45:00,"{'bid': 616.34, 'ask': 616.47}","{'bid': 616.37, 'ask': 616.5}","{'bid': 616.66, 'ask': 616.79}","{'bid': 615.95, 'ask': 616.09}",3423,616.34,616.66,615.95,616.37
2025-06-30 14:00:00,2025-06-30T15:00:00,2025-06-30T14:00:00,"{'bid': 616.38, 'ask': 616.51}","{'bid': 616.56, 'ask': 616.69}","{'bid': 616.72, 'ask': 616.84}","{'bid': 616.05, 'ask': 616.18}",2878,616.38,616.72,616.05,616.56
2025-06-30 14:15:00,2025-06-30T15:15:00,2025-06-30T14:15:00,"{'bid': 616.57, 'ask': 616.7}","{'bid': 616.64, 'ask': 616.77}","{'bid': 616.75, 'ask': 616.88}","{'bid': 615.87, 'ask': 616.0}",2541,616.57,616.75,615.87,616.64
2025-06-30 14:30:00,2025-06-30T15:30:00,2025-06-30T14:30:00,"{'bid': 616.66, 'ask': 616.78}","{'bid': 615.84, 'ask': 615.97}","{'bid': 616.7, 'ask': 616.83}","{'bid': 615.62, 'ask': 615.75}",2444,616.66,616.7,615.62,615.84
2025-06-30 14:45:00,2025-06-30T15:45:00,2025-06-30T14:45:00,"{'bid': 615.83, 'ask': 615.95}","{'bid': 615.94, 'ask': 616.07}","{'bid': 616.14, 'ask': 616.27}","{'bid': 615.66, 'ask': 615.78}",1719,615.83,616.14,615.66,615.94
2025-06-30 15:00:00,2025-06-30T16:00:00,2025-06-30T15:00:00,"{'bid': 615.95, 'ask': 616.08}","{'bid': 615.9, 'ask': 616.03}","{'bid': 616.52, 'ask': 616.65}","{'bid': 615.75, 'ask': 615.88}",2022,615.95,616.52,615.75,615.9
2025-06-30 15:15:00,2025-06-30T16:15:00,2025-06-30T15:15:00,"{'bid': 615.89, 'ask': 616.01}","{'bid': 616.14, 'ask': 616.27}","{'bid': 616.28, 'ask': 616.41}","{'bid': 615.65, 'ask': 615.78}",1671,615.89,616.28,615.65,616.14
2025-06-30 15:30:00,2025-06-30T16:30:00,2025-06-30T15:30:00,"{'bid': 616.15, 'ask': 616.28}","{'bid': 616.69, 'ask': 616.82}","{'bid': 616.77, 'ask': 616.9}","{'bid': 616.03, 'ask': 616.16}",1643,616.15,616.77,616.03,616.69
2025-06-30 15:45:00,2025-06-30T16:45:00,2025-06-30T15:45:00,"{'bid': 616.71, 'ask': 616.84}","{'bid': 616.4, 'ask': 616.53}","{'bid': 616.86, 'ask': 616.99}","{'bid': 616.32, 'ask': 616.45}",1226,616.71,616.86,616.32,616.4
2025-06-30 16:00:00,2025-06-30T17:00:00,2025-06-30T16:00:00,"{'bid': 616.41, 'ask': 616.54}","{'bid': 616.61, 'ask': 616.74}","{'bid': 616.83, 'ask': 616.96}","{'bid': 616.4, 'ask': 616.53}",1162,616.41,616.83,616.4,616.61
2025-06-30 16:15:00,2025-06-30T17:15:00,2025-06-30T16:15:00,"{'bid': 616.63, 'ask': 616.75}","{'bid': 616.19, 'ask': 616.32}","{'bid': 616.8, 'ask': 616.93}","{'bid': 616.06, 'ask': 616.18}",1516,616.63,616.8,616.06,616.19
2025-06-30 16:30:00,2025-06-30T17:30:00,2025-06-30T16:30:00,"{'bid': 616.18, 'ask': 616.3}","{'bid': 616.86, 'ask': 616.99}","{'bid': 617.04, 'ask': 617.17}","{'bid': 616.13, 'ask': 616.26}",1205,616.18,617.04,616.13,616.86
2025-06-30 16:45:00,2025-06-30T17:45:00,2025-06-30T16:45:00,"{'bid': 616.87, 'ask': 617.0}","{'bid': 616.57, 'ask': 616.7}","{'bid': 617.06, 'ask': 617.19}","{'bid': 616.51, 'ask': 616.64}",1178,616.87,617.06,616.51,616.57
2025-06-30 17:00:00,2025-06-30T18:00:00,2025-06-30T17:00:00,"{'bid': 616.58, 'ask': 616.71}","{'bid': 616.42, 'ask': 616.55}","{'bid': 616.76, 'ask': 616.88}","{'bid': 616.29, 'ask': 616.41}",1352,616.58,616.76,616.29,616.42
2025-06-30 17:15:00,2025-06-30T18:15:00,2025-06-30T17:15:00,"{'bid': 616.42, 'ask': 616.54}","{'bid': 616.45, 'ask': 616.58}","{'bid': 616.51, 'ask': 616.64}","{'bid': 616.16, 'ask': 616.28}",1218,616.42,616.51,616.16,616.45
2025-06-30 17:30:00,2025-06-30T18:30:00,2025-06-30T17:30:00,"{'bid': 616.44, 'ask': 616.57}","{'bid': 615.95, 'ask': 616.07}","{'bid': 616.5, 'ask': 616.63}","{'bid': 615.87, 'ask': 616.0}",1472,616.44,616.5,615.87,615.95
2025-06-30 17:45:00,2025-06-30T18:45:00,2025-06-30T17:45:00,"{'bid': 615.95, 'ask': 616.08}","{'bid': 615.78, 'ask': 615.9}","{'bid': 616.47, 'ask': 616.59}","{'bid': 614.99, 'ask': 615.12}",2421,615.95,616.47,614.99,615.78
2025-06-30 18:00:00,2025-06-30T19:00:00,2025-06-30T18:00:00,"{'bid': 615.78, 'ask': 615.91}","{'bid': 615.89, 'ask': 616.02}","{'bid': 616.37, 'ask': 616.49}","{'bid': 615.58, 'ask': 615.71}",2606,615.78,616.37,615.58,615.89
2025-06-30 18:15:00,2025-06-30T19:15:00,2025-06-30T18:15:00,"{'bid': 615.91, 'ask': 616.03}","{'bid': 615.97, 'ask': 616.1}","{'bid': 616.35, 'ask': 616.48}","{'bid': 615.85, 'ask': 615.98}",1246,615.91,616.35,615.85,615.97
2025-06-30 18:30:00,2025-06-30T19:30:00,2025-06-30T18:30:00,"{'bid': 615.96, 'ask': 616.08}","{'bid': 615.65, 'ask': 615.78}","{'bid': 616.04, 'ask': 616.16}","{'bid': 615.25, 'ask': 615.38}",1841,615.96,616.04,615.25,615.65
2025-06-30 18:45:00,2025-06-30T19:45:00,2025-06-30T18:45:00,"{'bid': 615.67, 'ask': 615.79}","{'bid': 616.86, 'ask': 616.99}","{'bid': 616.87, 'ask': 617.0}","{'bid': 615.67, 'ask': 615.79}",2362,615.67,616.87,615.67,616.86
2025-06-30 19:00:00,2025-06-30T20:00:00,2025-06-30T19:00:00,"{'bid': 616.87, 'ask': 617.0}","{'bid': 617.23, 'ask': 617.36}","{'bid': 617.39, 'ask': 617.51}","{'bid': 616.84, 'ask': 616.97}",2137,616.87,617.39,616.84,617.23
2025-06-30 19:15:00,2025-06-30T20:15:00,2025-06-30T19:15:00,"{'bid': 617.24, 'ask': 617.37}","{'bid': 617.84, 'ask': 617.97}","{'bid': 618.19, 'ask': 618.32}","{'bid': 616.91, 'ask': 617.04}",2075,617.24,618.19,616.91,617.84
2025-06-30 19:30:00,2025-06-30T20:30:00,2025-06-30T19:30:00,"{'bid': 617.84, 'ask': 617.96}","{'bid': 617.75, 'ask': 617.88}","{'bid': 618.06, 'ask': 618.19}","{'bid': 617.34, 'ask': 617.46}",2321,617.84,618.06,617.34,617.75
2025-06-30 19:45:00,2025-06-30T20:45:00,2025-06-30T19:45:00,"{'bid': 617.74, 'ask': 617.87}","{'bid': 617.81, 'ask': 617.93}","{'bid': 619.15, 'ask': 619.28}","{'bid': 617.65, 'ask': 617.78}",4561,617.74,619.15,617.65,617.81
2025-06-30 20:00:00,2025-06-30T21:00:00,2025-06-30T20:00:00,"{'bid': 617.82, 'ask': 617.95}","{'bid': 617.26, 'ask': 617.39}","{'bid': 618.12, 'ask': 618.35}","{'bid': 616.75, 'ask': 617.18}",1756,617.82,618.12,616.75,617.26
2025-06-30 20:15:00,2025-06-30T21:15:00,2025-06-30T20:15:00,"{'bid': 617.25, 'ask': 617.37}","{'bid': 617.37, 'ask': 617.52}","{'bid': 617.46, 'ask': 618.39}","{'bid': 617.14, 'ask': 617.28}",438,617.25,617.46,617.14,617.37
2025-06-30 20:30:00,2025-06-30T21:30:00,2025-06-30T20:30:00,"{'bid': 617.37, 'ask': 617.51}","{'bid': 617.47, 'ask': 617.6}","{'bid': 617.59, 'ask': 617.72}","{'bid': 617.35, 'ask': 617.5}",256,617.37,617.59,617.35,617.47
2025-06-30 20:45:00,2025-06-30T21:45:00,2025-06-30T20:45:00,"{'bid': 617.47, 'ask': 617.61}","{'bid': 617.07, 'ask': 617.42}","{'bid': 617.55, 'ask': 618.05}","{'bid': 617.05, 'ask': 617.4}",310,617.47,617.55,617.05,617.07
2025-06-30 21:00:00,2025-06-30T22:00:00,2025-06-30T21:00:00,"{'bid': 617.07, 'ask': 618.05}","{'bid': 617.15, 'ask': 617.39}","{'bid': 617.3, 'ask': 618.05}","{'bid': 617.07, 'ask': 617.39}",19,617.07,617.3,617.07,617.15
2025-06-30 21:15:00,2025-06-30T22:15:00,2025-06-30T21:15:00,"{'bid': 617.15, 'ask': 617.4}","{'bid': 617.28, 'ask': 617.4}","{'bid': 617.28, 'ask': 617.47}","{'bid': 617.15, 'ask': 617.39}",12,617.15,617.28,617.15,617.28
2025-06-30 21:30:00,2025-06-30T22:30:00,2025-06-30T21:30:00,"{'bid': 617.18, 'ask': 617.4}","{'bid': 617.21, 'ask': 617.45}","{'bid': 617.21, 'ask': 617.5}","{'bid': 617.18, 'ask': 617.4}",10,617.18,617.21,617.18,617.21
2025-06-30 21:45:00,2025-06-30T22:45:00,2025-06-30T21:45:00,"{'bid': 617.21, 'ask': 617.43}","{'bid': 617.22, 'ask': 617.43}","{'bid': 617.26, 'ask': 617.5}","{'bid': 617.15, 'ask': 617.27}",36,617.21,617.26,617.15,617.22
2025-06-30 22:00:00,2025-06-30T23:00:00,2025-06-30T22:00:00,"{'bid': 617.22, 'ask': 617.36}","{'bid': 617.58, 'ask': 617.77}","{'bid': 617.58, 'ask': 617.85}","{'bid': 617.03, 'ask': 617.19}",311,617.22,617.58,617.03,617.58
2025-06-30 22:15:00,2025-06-30T23:15:00,2025-06-30T22:15:00,"{'bid': 617.58, 'ask': 617.76}","{'bid': 617.47, 'ask': 617.61}","{'bid': 617.58, 'ask': 617.85}","{'bid': 617.29, 'ask': 617.48}",217,617.58,617.58,617.29,617.47
2025-06-30 22:30:00,2025-06-30T23:30:00,2025-06-30T22:30:00,"{'bid': 617.49, 'ask': 617.67}","{'bid': 617.3, 'ask': 617.44}","{'bid': 617.52, 'ask': 617.75}","{'bid': 617.1, 'ask': 617.39}",179,617.49,617.52,617.1,617.3
2025-06-30 22:45:00,2025-06-30T23:45:00,2025-06-30T22:45:00,"{'bid': 617.28, 'ask': 617.44}","{'bid': 617.04, 'ask': 617.2}","{'bid': 617.3, 'ask': 617.57}","{'bid': 616.95, 'ask': 617.11}",168,617.28,617.3,616.95,617.04
2025-06-30 23:00:00,2025-07-01T00:00:00,2025-06-30T23:00:00,"{'bid': 617.04, 'ask': 617.22}","{'bid': 617.15, 'ask': 617.3}","{'bid': 617.23, 'ask': 617.45}","{'bid': 617.04, 'ask': 617.2}",213,617.04,617.23,617.04,617.15
2025-06-30 23:15:00,2025-07-01T00:15:00,2025-06-30T23:15:00,"{'bid': 617.13, 'ask': 617.3}","{'bid': 617.02, 'ask': 617.18}","{'bid': 617.24, 'ask': 617.45}","{'bid': 616.95, 'ask': 617.18}",136,617.13,617.24,616.95,617.02
2025-06-30 23:30:00,2025-07-01T00:30:00,2025-06-30T23:30:00,"{'bid': 617.01, 'ask': 617.18}","{'bid': 617.52, 'ask': 617.7}","{'bid': 617.57, 'ask': 617.87}","{'bid': 616.85, 'ask': 617.05}",338,617.01,617.57,616.85,617.52
2025-06-30 23:45:00,2025-07-01T00:45:00,2025-06-30T23:45:00,"{'bid': 617.52, 'ask': 617.69}","{'bid': 617.62, 'ask': 617.77}","{'bid': 617.7, 'ask': 618.35}","{'bid': 617.35, 'ask': 617.65}",227,617.52,617.7,617.35,617.62
2025-07-01 08:00:00,2025-07-01T09:00:00,2025-07-01T08:00:00,"{'bid': 617.1, 'ask': 617.26}","{'bid': 616.82, 'ask': 617.0}","{'bid': 617.15, 'ask': 617.75}","{'bid': 616.54, 'ask': 616.74}",864,617.1,617.15,616.54,616.82
2025-07-01 08:15:00,2025-07-01T09:15:00,2025-07-01T08:15:00,"{'bid': 616.83, 'ask': 617.0}","{'bid': 617.22, 'ask': 617.37}","{'bid': 617.22, 'ask': 617.75}","{'bid': 616.8, 'ask': 616.95}",507,616.83,617.22,616.8,617.22
2025-07-01 08:30:00,2025-07-01T09:30:00,2025-07-01T08:30:00,"{'bid': 617.2, 'ask': 617.37}","{'bid': 616.89, 'ask': 617.04}","{'bid': 617.43, 'ask': 618.05}","{'bid': 616.77, 'ask': 616.93}",553,617.2,617.43,616.77,616.89
2025-07-01 08:45:00,2025-07-01T09:45:00,2025-07-01T08:45:00,"{'bid': 616.88, 'ask': 617.04}","{'bid': 617.11, 'ask': 617.26}","{'bid': 617.17, 'ask': 617.75}","{'bid': 616.72, 'ask': 617.01}",413,616.88,617.17,616.72,617.11
2025-07-01 09:00:00,2025-07-01T10:00:00,2025-07-01T09:00:00,"{'bid': 617.07, 'ask': 617.23}","{'bid': 616.61, 'ask': 616.76}","{'bid': 617.18, 'ask': 617.33}","{'bid': 616.58, 'ask': 616.74}",348,617.07,617.18,616.58,616.61
2025-07-01 09:15:00,2025-07-01T10:15:00,2025-07-01T09:15:00,"{'bid': 616.64, 'ask': 616.78}","{'bid': 616.75, 'ask': 616.91}","{'bid': 616.97, 'ask': 617.45}","{'bid': 616.45, 'ask': 616.75}",334,616.64,616.97,616.45,616.75
2025-07-01 09:30:00,2025-07-01T10:30:00,2025-07-01T09:30:00,"{'bid': 616.76, 'ask': 616.91}","{'bid': 616.61, 'ask': 616.75}","{'bid': 616.8, 'ask': 617.0}","{'bid': 616.52, 'ask': 616.68}",307,616.76,616.8,616.52,616.61
2025-07-01 09:45:00,2025-07-01T10:45:00,2025-07-01T09:45:00,"{'bid': 616.61, 'ask': 616.76}","{'bid': 616.83, 'ask': 616.97}","{'bid': 616.85, 'ask': 617.15}","{'bid': 616.29, 'ask': 616.49}",391,616.61,616.85,616.29,616.83
2025-07-01 10:00:00,2025-07-01T11:00:00,2025-07-01T10:00:00,"{'bid': 616.83, 'ask': 616.98}","{'bid': 616.94, 'ask': 617.1}","{'bid': 617.04, 'ask': 617.45}","{'bid': 616.67, 'ask': 616.96}",274,616.83,617.04,616.67,616.94
2025-07-01 10:15:00,2025-07-01T11:15:00,2025-07-01T10:15:00,"{'bid': 616.95, 'ask': 617.1}","{'bid': 616.7, 'ask': 616.85}","{'bid': 616.96, 'ask': 617.13}","{'bid': 616.67, 'ask': 616.85}",236,616.95,616.96,616.67,616.7
2025-07-01 10:30:00,2025-07-01T11:30:00,2025-07-01T10:30:00,"{'bid': 616.71, 'ask': 616.85}","{'bid': 616.64, 'ask': 616.79}","{'bid': 616.77, 'ask': 616.92}","{'bid': 616.56, 'ask': 616.76}",203,616.71,616.77,616.56,616.64
2025-07-01 10:45:00,2025-07-01T11:45:00,2025-07-01T10:45:00,"{'bid': 616.66, 'ask': 616.81}","{'bid': 616.86, 'ask': 617.01}","{'bid': 616.89, 'ask': 617.03}","{'bid': 616.57, 'ask': 616.72}",223,616.66,616.89,616.57,616.86
2025-07-01 11:00:00,2025-07-01T12:00:00,2025-07-01T11:00:00,"{'bid': 616.89, 'ask': 617.03}","{'bid': 616.95, 'ask': 617.08}","{'bid': 617.09, 'ask': 617.45}","{'bid': 616.74, 'ask': 617.01}",369,616.89,617.09,616.74,616.95
2025-07-01 11:15:00,2025-07-01T12:15:00,2025-07-01T11:15:00,"{'bid': 616.96, 'ask': 617.09}","{'bid': 616.94, 'ask': 617.1}","{'bid': 617.05, 'ask': 617.45}","{'bid': 616.73, 'ask': 616.88}",310,616.96,617.05,616.73,616.94
2025-07-01 11:30:00,2025-07-01T12:30:00,2025-07-01T11:30:00,"{'bid': 616.95, 'ask': 617.09}","{'bid': 616.93, 'ask': 617.07}","{'bid': 617.07, 'ask': 617.21}","{'bid': 616.79, 'ask': 616.97}",273,616.95,617.07,616.79,616.93
2025-07-01 11:45:00,2025-07-01T12:45:00,2025-07-01T11:45:00,"{'bid': 616.92, 'ask': 617.07}","{'bid': 616.8, 'ask': 616.95}","{'bid': 616.94, 'ask': 617.12}","{'bid': 616.44, 'ask': 616.61}",514,616.92,616.94,616.44,616.8
2025-07-01 12:00:00,2025-07-01T13:00:00,2025-07-01T12:00:00,"{'bid': 616.79, 'ask': 616.94}","{'bid': 616.22, 'ask': 616.37}","{'bid': 616.95, 'ask': 617.09}","{'bid': 616.19, 'ask': 616.34}",682,616.79,616.95,616.19,616.22
2025-07-01 12:15:00,2025-07-01T13:15:00,2025-07-01T12:15:00,"{'bid': 616.2, 'ask': 616.37}","{'bid': 615.82, 'ask': 615.95}","{'bid': 616.23, 'ask': 616.55}","{'bid': 615.44, 'ask': 615.59}",716,616.2,616.23,615.44,615.82
2025-07-01 12:30:00,2025-07-01T13:30:00,2025-07-01T12:30:00,"{'bid': 615.82, 'ask': 615.96}","{'bid': 615.99, 'ask': 616.13}","{'bid': 616.4, 'ask': 616.69}","{'bid': 615.75, 'ask': 615.9}",790,615.82,616.4,615.75,615.99
2025-07-01 12:45:00,2025-07-01T13:45:00,2025-07-01T12:45:00,"{'bid': 615.98, 'ask': 616.13}","{'bid': 616.17, 'ask': 616.31}","{'bid': 616.31, 'ask': 616.55}","{'bid': 615.94, 'ask': 616.09}",381,615.98,616.31,615.94,616.17
2025-07-01 13:00:00,2025-07-01T14:00:00,2025-07-01T13:00:00,"{'bid': 616.13, 'ask': 616.27}","{'bid': 616.51, 'ask': 616.64}","{'bid': 616.59, 'ask': 616.72}","{'bid': 615.99, 'ask': 616.26}",460,616.13,616.59,615.99,616.51
2025-07-01 13:15:00,2025-07-01T14:15:00,2025-07-01T13:15:00,"{'bid': 616.49, 'ask': 616.63}","{'bid': 616.28, 'ask': 616.42}","{'bid': 616.51, 'ask': 617.15}","{'bid': 615.86, 'ask': 616.09}",830,616.49,616.51,615.86,616.28
2025-07-01 13:30:00,2025-07-01T14:30:00,2025-07-01T13:30:00,"{'bid': 616.28, 'ask': 616.41}","{'bid': 616.55, 'ask': 616.68}","{'bid': 616.85, 'ask': 616.98}","{'bid': 616.2, 'ask': 616.32}",4228,616.28,616.85,616.2,616.55
2025-07-01 13:45:00,2025-07-01T14:45:00,2025-07-01T13:45:00,"{'bid': 616.57, 'ask': 616.7}","{'bid': 617.16, 'ask': 617.33}","{'bid': 617.67, 'ask': 617.8}","{'bid': 616.54, 'ask': 616.66}",2878,616.57,617.67,616.54,617.16
2025-07-01 14:00:00,2025-07-01T15:00:00,2025-07-01T14:00:00,"{'bid': 616.97, 'ask': 617.28}","{'bid': 617.62, 'ask': 617.75}","{'bid': 617.72, 'ask': 617.85}","{'bid': 616.75, 'ask': 616.92}",3192,616.97,617.72,616.75,617.62
2025-07-01 14:15:00,2025-07-01T15:15:00,2025-07-01T14:15:00,"{'bid': 617.62, 'ask': 617.74}","{'bid': 617.06, 'ask': 617.18}","{'bid': 618.0, 'ask': 618.13}","{'bid': 616.7, 'ask': 616.83}",3083,617.62,618.0,616.7,617.06
2025-07-01 14:30:00,2025-07-01T15:30:00,2025-07-01T14:30:00,"{'bid': 617.05, 'ask': 617.18}","{'bid': 616.58, 'ask': 616.71}","{'bid': 617.54, 'ask': 617.67}","{'bid': 616.44, 'ask': 616.57}",3571,617.05,617.54,616.44,616.58
2025-07-01 14:45:00,2025-07-01T15:45:00,2025-07-01T14:45:00,"{'bid': 616.57, 'ask': 616.69}","{'bid': 616.44, 'ask': 616.57}","{'bid': 616.68, 'ask': 616.8}","{'bid': 616.07, 'ask': 616.19}",3321,616.57,616.68,616.07,616.44
2025-07-01 15:00:00,2025-07-01T16:00:00,2025-07-01T15:00:00,"{'bid': 616.43, 'ask': 616.55}","{'bid': 615.67, 'ask': 615.8}","{'bid': 617.18, 'ask': 617.31}","{'bid': 615.47, 'ask': 615.59}",4049,616.43,617.18,615.47,615.67
2025-07-01 15:15:00,2025-07-01T16:15:00,2025-07-01T15:15:00,"{'bid': 615.66, 'ask': 615.79}","{'bid': 617.21, 'ask': 617.34}","{'bid': 617.43, 'ask': 617.56}","{'bid': 615.51, 'ask': 615.63}",3501,615.66,617.43,615.51,617.21
2025-07-01 15:30:00,2025-07-01T16:30:00,2025-07-01T15:30:00,"{'bid': 617.22, 'ask': 617.35}","{'bid': 616.24, 'ask': 616.37}","{'bid': 617.43, 'ask': 617.56}","{'bid': 616.02, 'ask': 616.15}",3388,617.22,617.43,616.02,616.24
2025-07-01 15:45:00,2025-07-01T16:45:00,2025-07-01T15:45:00,"{'bid': 616.23, 'ask': 616.35}","{'bid': 616.88, 'ask': 617.01}","{'bid': 616.94, 'ask': 617.06}","{'bid': 616.15, 'ask': 616.28}",2497,616.23,616.94,616.15,616.88
2025-07-01 16:00:00,2025-07-01T17:00:00,2025-07-01T16:00:00,"{'bid': 616.9, 'ask': 617.02}","{'bid': 617.91, 'ask': 618.04}","{'bid': 618.02, 'ask': 618.15}","{'bid': 616.65, 'ask': 616.78}",2773,616.9,618.02,616.65,617.91
2025-07-01 16:15:00,2025-07-01T17:15:00,2025-07-01T16:15:00,"{'bid': 617.91, 'ask': 618.03}","{'bid': 617.26, 'ask': 617.39}","{'bid': 618.03, 'ask': 618.16}","{'bid': 617.15, 'ask': 617.28}",2675,617.91,618.03,617.15,617.26
2025-07-01 16:30:00,2025-07-01T17:30:00,2025-07-01T16:30:00,"{'bid': 617.23, 'ask': 617.36}","{'bid': 617.43, 'ask': 617.56}","{'bid': 617.73, 'ask': 617.86}","{'bid': 617.04, 'ask': 617.17}",1993,617.23,617.73,617.04,617.43
2025-07-01 16:45:00,2025-07-01T17:45:00,2025-07-01T16:45:00,"{'bid': 617.44, 'ask': 617.56}","{'bid': 617.02, 'ask': 617.15}","{'bid': 618.07, 'ask': 618.2}","{'bid': 616.98, 'ask': 617.11}",2508,617.44,618.07,616.98,617.02
2025-07-01 17:00:00,2025-07-01T18:00:00,2025-07-01T17:00:00,"{'bid': 617.04, 'ask': 617.17}","{'bid': 617.77, 'ask': 617.9}","{'bid': 617.98, 'ask': 618.11}","{'bid': 616.95, 'ask': 617.07}",2251,617.04,617.98,616.95,617.77
2025-07-01 17:15:00,2025-07-01T18:15:00,2025-07-01T17:15:00,"{'bid': 617.78, 'ask': 617.91}","{'bid': 618.01, 'ask': 618.14}","{'bid': 618.19, 'ask': 618.32}","{'bid': 617.61, 'ask': 617.73}",1981,617.78,618.19,617.61,618.01
2025-07-01 17:30:00,2025-07-01T18:30:00,2025-07-01T17:30:00,"{'bid': 618.0, 'ask': 618.13}","{'bid': 618.21, 'ask': 618.34}","{'bid': 618.21, 'ask': 618.34}","{'bid': 617.7, 'ask': 617.83}",1928,618.0,618.21,617.7,618.21
2025-07-01 17:45:00,2025-07-01T18:45:00,2025-07-01T17:45:00,"{'bid': 618.2, 'ask': 618.33}","{'bid': 618.5, 'ask': 618.63}","{'bid': 618.76, 'ask': 618.89}","{'bid': 618.02, 'ask': 618.15}",1791,618.2,618.76,618.02,618.5
2025-07-01 18:00:00,2025-07-01T19:00:00,2025-07-01T18:00:00,"{'bid': 618.52, 'ask': 618.64}","{'bid': 618.26, 'ask': 618.39}","{'bid': 618.63, 'ask': 618.76}","{'bid': 618.13, 'ask': 618.26}",1777,618.52,618.63,618.13,618.26
2025-07-01 18:15:00,2025-07-01T19:15:00,2025-07-01T18:15:00,"{'bid': 618.25, 'ask': 618.38}","{'bid': 617.95, 'ask': 618.08}","{'bid': 618.41, 'ask': 618.54}","{'bid': 617.86, 'ask': 617.98}",1628,618.25,618.41,617.86,617.95
2025-07-01 18:30:00,2025-07-01T19:30:00,2025-07-01T18:30:00,"{'bid': 617.94, 'ask': 618.07}","{'bid': 618.25, 'ask': 618.38}","{'bid': 618.44, 'ask': 618.57}","{'bid': 617.87, 'ask': 618.0}",1368,617.94,618.44,617.87,618.25
2025-07-01 18:45:00,2025-07-01T19:45:00,2025-07-01T18:45:00,"{'bid': 618.24, 'ask': 618.37}","{'bid': 617.89, 'ask': 618.02}","{'bid': 618.42, 'ask': 618.55}","{'bid': 617.85, 'ask': 617.98}",1369,618.24,618.42,617.85,617.89
2025-07-01 19:00:00,2025-07-01T20:00:00,2025-07-01T19:00:00,"{'bid': 617.88, 'ask': 618.0}","{'bid': 617.43, 'ask': 617.56}","{'bid': 617.89, 'ask': 618.02}","{'bid': 616.63, 'ask': 616.75}",4692,617.88,617.89,616.63,617.43
2025-07-01 19:15:00,2025-07-01T20:15:00,2025-07-01T19:15:00,"{'bid': 617.43, 'ask': 617.55}","{'bid': 618.3, 'ask': 618.43}","{'bid': 618.31, 'ask': 618.43}","{'bid': 617.43, 'ask': 617.55}",2101,617.43,618.31,617.43,618.3
2025-07-01 19:30:00,2025-07-01T20:30:00,2025-07-01T19:30:00,"{'bid': 618.31, 'ask': 618.44}","{'bid': 618.03, 'ask': 618.16}","{'bid': 618.35, 'ask': 618.48}","{'bid': 617.51, 'ask': 617.64}",2630,618.31,618.35,617.51,618.03
2025-07-01 19:45:00,2025-07-01T20:45:00,2025-07-01T19:45:00,"{'bid': 618.05, 'ask': 618.17}","{'bid': 617.47, 'ask': 617.6}","{'bid': 618.65, 'ask': 618.78}","{'bid': 617.37, 'ask': 617.5}",3606,618.05,618.65,617.37,617.47
2025-07-01 20:00:00,2025-07-01T21:00:00,2025-07-01T20:00:00,"{'bid': 617.49, 'ask': 617.62}","{'bid': 617.1, 'ask': 617.23}","{'bid': 617.6, 'ask': 617.72}","{'bid': 617.02, 'ask': 617.15}",1225,617.49,617.6,617.02,617.1
2025-07-01 20:15:00,2025-07-01T21:15:00,2025-07-01T20:15:00,"{'bid': 617.12, 'ask': 617.25}","{'bid': 617.31, 'ask': 617.44}","{'bid': 617.32, 'ask': 617.75}","{'bid': 616.98, 'ask': 617.2}",328,617.12,617.32,616.98,617.31
2025-07-01 20:30:00,2025-07-01T21:30:00,2025-07-01T20:30:00,"{'bid': 617.32, 'ask': 617.44}","{'bid': 617.35, 'ask': 617.5}","{'bid': 617.47, 'ask': 617.65}","{'bid': 617.25, 'ask': 617.42}",234,617.32,617.47,617.25,617.35
2025-07-01 20:45:00,2025-07-01T21:45:00,2025-07-01T20:45:00,"{'bid': 617.35, 'ask': 617.48}","{'bid': 617.4, 'ask': 618.05}","{'bid': 617.55, 'ask': 618.05}","{'bid': 617.24, 'ask': 617.38}",238,617.35,617.55,617.24,617.4
2025-07-01 21:00:00,2025-07-01T22:00:00,2025-07-01T21:00:00,"{'bid': 617.24, 'ask': 618.05}","{'bid': 617.3, 'ask': 617.45}","{'bid': 617.3, 'ask': 618.05}","{'bid': 617.24, 'ask': 617.45}",19,617.24,617.3,617.24,617.3
2025-07-01 21:15:00,2025-07-01T22:15:00,2025-07-01T21:15:00,"{'bid': 617.3, 'ask': 617.69}","{'bid': 617.3, 'ask': 617.45}","{'bid': 617.3, 'ask': 617.69}","{'bid': 617.3, 'ask': 617.45}",14,617.3,617.3,617.3,617.3
2025-07-01 21:30:00,2025-07-01T22:30:00,2025-07-01T21:30:00,"{'bid': 617.3, 'ask': 617.55}","{'bid': 617.18, 'ask': 617.39}","{'bid': 617.3, 'ask': 617.55}","{'bid': 617.16, 'ask': 617.38}",19,617.3,617.3,617.16,617.18
2025-07-01 21:45:00,2025-07-01T22:45:00,2025-07-01T21:45:00,"{'bid': 617.2, 'ask': 617.39}","{'bid': 617.25, 'ask': 618.95}","{'bid': 617.28, 'ask': 618.95}","{'bid': 617.2, 'ask': 617.38}",18,617.2,617.28,617.2,617.25
2025-07-01 22:00:00,2025-07-01T23:00:00,2025-07-01T22:00:00,"{'bid': 617.25, 'ask': 617.66}","{'bid': 617.5, 'ask': 617.67}","{'bid': 617.65, 'ask': 618.05}","{'bid': 617.18, 'ask': 617.39}",346,617.25,617.65,617.18,617.5
2025-07-01 22:15:00,2025-07-01T23:15:00,2025-07-01T22:15:00,"{'bid': 617.51, 'ask': 617.67}","{'bid': 617.46, 'ask': 617.64}","{'bid': 617.71, 'ask': 617.94}","{'bid': 617.42, 'ask': 617.59}",197,617.51,617.71,617.42,617.46
2025-07-01 22:30:00,2025-07-01T23:30:00,2025-07-01T22:30:00,"{'bid': 617.46, 'ask': 617.63}","{'bid': 617.9, 'ask': 618.08}","{'bid': 617.98, 'ask': 618.23}","{'bid': 617.46, 'ask': 617.62}",305,617.46,617.98,617.46,617.9
2025-07-01 22:45:00,2025-07-01T23:45:00,2025-07-01T22:45:00,"{'bid': 617.91, 'ask': 618.08}","{'bid': 617.96, 'ask': 618.1}","{'bid': 617.97, 'ask': 618.1}","{'bid': 617.84, 'ask': 618.02}",114,617.91,617.97,617.84,617.96
2025-07-01 23:00:00,2025-07-02T00:00:00,2025-07-01T23:00:00,"{'bid': 617.98, 'ask': 618.1}","{'bid': 617.85, 'ask': 618.01}","{'bid': 618.07, 'ask': 618.24}","{'bid': 617.82, 'ask': 617.99}",184,617.98,618.07,617.82,617.85
2025-07-01 23:15:00,2025-07-02T00:15:00,2025-07-01T23:15:00,"{'bid': 617.84, 'ask': 618.01}","{'bid': 617.8, 'ask': 617.98}","{'bid': 617.87, 'ask': 618.35}","{'bid': 617.67, 'ask': 617.85}",169,617.84,617.87,617.67,617.8
2025-07-01 23:30:00,2025-07-02T00:30:00,2025-07-01T23:30:00,"{'bid': 617.8, 'ask': 617.97}","{'bid': 617.82, 'ask': 617.96}","{'bid': 617.87, 'ask': 618.35}","{'bid': 617.67, 'ask': 617.91}",156,617.8,617.87,617.67,617.82
2025-07-01 23:45:00,2025-07-02T00:45:00,2025-07-01T23:45:00,"{'bid': 617.83, 'ask': 617.96}","{'bid': 617.79, 'ask': 617.96}","{'bid': 617.87, 'ask': 618.35}","{'bid': 617.67, 'ask': 617.83}",201,617.83,617.87,617.67,617.79
2025-07-02 08:00:00,2025-07-02T09:00:00,2025-07-02T08:00:00,"{'bid': 618.33, 'ask': 618.54}","{'bid': 618.55, 'ask': 618.71}","{'bid': 618.69, 'ask': 619.25}","{'bid': 617.95, 'ask': 618.42}",692,618.33,618.69,617.95,618.55
2025-07-02 08:15:00,2025-07-02T09:15:00,2025-07-02T08:15:00,"{'bid': 618.54, 'ask': 618.7}","{'bid': 618.26, 'ask': 618.42}","{'bid': 618.61, 'ask': 619.25}","{'bid': 617.95, 'ask': 618.21}",647,618.54,618.61,617.95,618.26
2025-07-02 08:30:00,2025-07-02T09:30:00,2025-07-02T08:30:00,"{'bid': 618.25, 'ask': 618.42}","{'bid': 618.09, 'ask': 618.24}","{'bid': 618.27, 'ask': 618.65}","{'bid': 617.84, 'ask': 618.08}",633,618.25,618.27,617.84,618.09
2025-07-02 08:45:00,2025-07-02T09:45:00,2025-07-02T08:45:00,"{'bid': 618.1, 'ask': 618.26}","{'bid': 618.18, 'ask': 618.35}","{'bid': 618.37, 'ask': 618.54}","{'bid': 618.03, 'ask': 618.24}",412,618.1,618.37,618.03,618.18
2025-07-02 09:00:00,2025-07-02T10:00:00,2025-07-02T09:00:00,"{'bid': 618.18, 'ask': 618.34}","{'bid': 618.12, 'ask': 618.28}","{'bid': 618.27, 'ask': 618.56}","{'bid': 617.98, 'ask': 618.15}",399,618.18,618.27,617.98,618.12
2025-07-02 09:15:00,2025-07-02T10:15:00,2025-07-02T09:15:00,"{'bid': 618.14, 'ask': 618.3}","{'bid': 618.32, 'ask': 618.47}","{'bid': 618.37, 'ask': 618.56}","{'bid': 618.04, 'ask': 618.21}",376,618.14,618.37,618.04,618.32
2025-07-02 09:30:00,2025-07-02T10:30:00,2025-07-02T09:30:00,"{'bid': 618.33, 'ask': 618.47}","{'bid': 618.31, 'ask': 618.45}","{'bid': 618.39, 'ask': 618.56}","{'bid': 618.03, 'ask': 618.19}",325,618.33,618.39,618.03,618.31
2025-07-02 09:45:00,2025-07-02T10:45:00,2025-07-02T09:45:00,"{'bid': 618.31, 'ask': 618.46}","{'bid': 618.37, 'ask': 618.51}","{'bid': 618.39, 'ask': 618.56}","{'bid': 618.14, 'ask': 618.42}",198,618.31,618.39,618.14,618.37
2025-07-02 10:00:00,2025-07-02T11:00:00,2025-07-02T10:00:00,"{'bid': 618.36, 'ask': 618.51}","{'bid': 618.34, 'ask': 618.48}","{'bid': 618.42, 'ask': 618.56}","{'bid': 618.11, 'ask': 618.34}",264,618.36,618.42,618.11,618.34
2025-07-02 10:15:00,2025-07-02T11:15:00,2025-07-02T10:15:00,"{'bid': 618.34, 'ask': 618.49}","{'bid': 618.14, 'ask': 618.29}","{'bid': 618.39, 'ask': 618.55}","{'bid': 618.1, 'ask': 618.27}",265,618.34,618.39,618.1,618.14
2025-07-02 10:30:00,2025-07-02T11:30:00,2025-07-02T10:30:00,"{'bid': 618.14, 'ask': 618.28}","{'bid': 618.1, 'ask': 618.26}","{'bid': 618.33, 'ask': 618.48}","{'bid': 617.97, 'ask': 618.14}",496,618.14,618.33,617.97,618.1
2025-07-02 10:45:00,2025-07-02T11:45:00,2025-07-02T10:45:00,"{'bid': 618.1, 'ask': 618.25}","{'bid': 618.17, 'ask': 618.35}","{'bid': 618.23, 'ask': 618.4}","{'bid': 617.77, 'ask': 618.05}",561,618.1,618.23,617.77,618.17
2025-07-02 11:00:00,2025-07-02T12:00:00,2025-07-02T11:00:00,"{'bid': 618.18, 'ask': 618.33}","{'bid': 618.21, 'ask': 618.36}","{'bid': 618.38, 'ask': 618.55}","{'bid': 617.65, 'ask': 618.19}",416,618.18,618.38,617.65,618.21
2025-07-02 11:15:00,2025-07-02T12:15:00,2025-07-02T11:15:00,"{'bid': 618.22, 'ask': 618.37}","{'bid': 618.4, 'ask': 618.55}","{'bid': 618.43, 'ask': 618.56}","{'bid': 618.17, 'ask': 618.37}",230,618.22,618.43,618.17,618.4
2025-07-02 11:30:00,2025-07-02T12:30:00,2025-07-02T11:30:00,"{'bid': 618.39, 'ask': 618.55}","{'bid': 618.27, 'ask': 618.41}","{'bid': 618.53, 'ask': 618.73}","{'bid': 618.01, 'ask': 618.24}",450,618.39,618.53,618.01,618.27
2025-07-02 11:45:00,2025-07-02T12:45:00,2025-07-02T11:45:00,"{'bid': 618.23, 'ask': 618.38}","{'bid': 617.71, 'ask': 617.87}","{'bid': 618.34, 'ask': 618.47}","{'bid': 617.28, 'ask': 617.45}",806,618.23,618.34,617.28,617.71
2025-07-02 12:00:00,2025-07-02T13:00:00,2025-07-02T12:00:00,"{'bid': 617.71, 'ask': 617.86}","{'bid': 617.95, 'ask': 618.15}","{'bid': 618.01, 'ask': 618.15}","{'bid': 617.28, 'ask': 617.42}",909,617.71,618.01,617.28,617.95
2025-07-02 12:15:00,2025-07-02T13:15:00,2025-07-02T12:15:00,"{'bid': 617.95, 'ask': 618.11}","{'bid': 617.37, 'ask': 617.52}","{'bid': 617.95, 'ask': 618.22}","{'bid': 616.95, 'ask': 617.1}",1915,617.95,617.95,616.95,617.37
2025-07-02 12:30:00,2025-07-02T13:30:00,2025-07-02T12:30:00,"{'bid': 617.36, 'ask': 617.49}","{'bid': 616.47, 'ask': 616.61}","{'bid': 617.45, 'ask': 617.66}","{'bid': 616.27, 'ask': 616.42}",1367,617.36,617.45,616.27,616.47
2025-07-02 12:45:00,2025-07-02T13:45:00,2025-07-02T12:45:00,"{'bid': 616.46, 'ask': 616.61}","{'bid': 616.69, 'ask': 616.84}","{'bid': 616.88, 'ask': 617.01}","{'bid': 616.36, 'ask': 616.54}",949,616.46,616.88,616.36,616.69
2025-07-02 13:00:00,2025-07-02T14:00:00,2025-07-02T13:00:00,"{'bid': 616.68, 'ask': 616.83}","{'bid': 617.02, 'ask': 617.16}","{'bid': 617.3, 'ask': 617.47}","{'bid': 616.39, 'ask': 616.63}",1255,616.68,617.3,616.39,617.02
2025-07-02 13:15:00,2025-07-02T14:15:00,2025-07-02T13:15:00,"{'bid': 617.04, 'ask': 617.19}","{'bid': 617.17, 'ask': 617.32}","{'bid': 617.2, 'ask': 617.5}","{'bid': 616.48, 'ask': 616.95}",998,617.04,617.2,616.48,617.17
2025-07-02 13:30:00,2025-07-02T14:30:00,2025-07-02T13:30:00,"{'bid': 617.18, 'ask': 617.32}","{'bid': 617.07, 'ask': 617.2}","{'bid': 617.42, 'ask': 617.55}","{'bid': 616.54, 'ask': 616.67}",4861,617.18,617.42,616.54,617.07
2025-07-02 13:45:00,2025-07-02T14:45:00,2025-07-02T13:45:00,"{'bid': 617.08, 'ask': 617.2}","{'bid': 617.24, 'ask': 617.37}","{'bid': 617.57, 'ask': 617.7}","{'bid': 617.03, 'ask': 617.16}",2774,617.08,617.57,617.03,617.24
2025-07-02 14:00:00,2025-07-02T15:00:00,2025-07-02T14:00:00,"{'bid': 617.25, 'ask': 617.38}","{'bid': 617.86, 'ask': 617.99}","{'bid': 617.93, 'ask': 618.06}","{'bid': 617.22, 'ask': 617.35}",2181,617.25,617.93,617.22,617.86
2025-07-02 14:15:00,2025-07-02T15:15:00,2025-07-02T14:15:00,"{'bid': 617.85, 'ask': 617.98}","{'bid': 618.54, 'ask': 618.67}","{'bid': 618.66, 'ask': 618.79}","{'bid': 617.8, 'ask': 617.93}",2031,617.85,618.66,617.8,618.54
2025-07-02 14:30:00,2025-07-02T15:30:00,2025-07-02T14:30:00,"{'bid': 618.52, 'ask': 618.64}","{'bid': 618.34, 'ask': 618.46}","{'bid': 619.04, 'ask': 619.17}","{'bid': 618.18, 'ask': 618.3}",2370,618.52,619.04,618.18,618.34
2025-07-02 14:45:00,2025-07-02T15:45:00,2025-07-02T14:45:00,"{'bid': 618.33, 'ask': 618.45}","{'bid': 618.69, 'ask': 618.82}","{'bid': 619.1, 'ask': 619.22}","{'bid': 618.14, 'ask': 618.27}",3097,618.33,619.1,618.14,618.69
2025-07-02 15:00:00,2025-07-02T16:00:00,2025-07-02T15:00:00,"{'bid': 618.71, 'ask': 618.84}","{'bid': 618.6, 'ask': 618.73}","{'bid': 619.05, 'ask': 619.17}","{'bid': 618.49, 'ask': 618.62}",2482,618.71,619.05,618.49,618.6
2025-07-02 15:15:00,2025-07-02T16:15:00,2025-07-02T15:15:00,"{'bid': 618.59, 'ask': 618.72}","{'bid': 618.73, 'ask': 618.86}","{'bid': 619.02, 'ask': 619.15}","{'bid': 618.59, 'ask': 618.72}",2036,618.59,619.02,618.59,618.73
2025-07-02 15:30:00,2025-07-02T16:30:00,2025-07-02T15:30:00,"{'bid': 618.75, 'ask': 618.87}","{'bid': 619.07, 'ask': 619.2}","{'bid': 619.29, 'ask': 619.42}","{'bid': 618.67, 'ask': 618.8}",1725,618.75,619.29,618.67,619.07
2025-07-02 15:45:00,2025-07-02T16:45:00,2025-07-02T15:45:00,"{'bid': 619.08, 'ask': 619.21}","{'bid': 619.21, 'ask': 619.34}","{'bid': 619.39, 'ask': 619.52}","{'bid': 618.97, 'ask': 619.1}",1430,619.08,619.39,618.97,619.21
2025-07-02 16:00:00,2025-07-02T17:00:00,2025-07-02T16:00:00,"{'bid': 619.22, 'ask': 619.35}","{'bid': 618.98, 'ask': 619.11}","{'bid': 619.25, 'ask': 619.38}","{'bid': 618.8, 'ask': 618.92}",1794,619.22,619.25,618.8,618.98
2025-07-02 16:15:00,2025-07-02T17:15:00,2025-07-02T16:15:00,"{'bid': 618.97, 'ask': 619.1}","{'bid': 619.1, 'ask': 619.23}","{'bid': 619.27, 'ask': 619.4}","{'bid': 618.87, 'ask': 619.0}",1768,618.97,619.27,618.87,619.1
2025-07-02 16:30:00,2025-07-02T17:30:00,2025-07-02T16:30:00,"{'bid': 619.09, 'ask': 619.22}","{'bid': 619.4, 'ask': 619.53}","{'bid': 619.54, 'ask': 619.67}","{'bid': 618.94, 'ask': 619.07}",1470,619.09,619.54,618.94,619.4
2025-07-02 16:45:00,2025-07-02T17:45:00,2025-07-02T16:45:00,"{'bid': 619.42, 'ask': 619.54}","{'bid': 619.52, 'ask': 619.65}","{'bid': 619.53, 'ask': 619.66}","{'bid': 619.29, 'ask': 619.42}",1076,619.42,619.53,619.29,619.52
2025-07-02 17:00:00,2025-07-02T18:00:00,2025-07-02T17:00:00,"{'bid': 619.52, 'ask': 619.64}","{'bid': 619.35, 'ask': 619.48}","{'bid': 619.57, 'ask': 619.69}","{'bid': 619.22, 'ask': 619.35}",1325,619.52,619.57,619.22,619.35
2025-07-02 17:15:00,2025-07-02T18:15:00,2025-07-02T17:15:00,"{'bid': 619.34, 'ask': 619.47}","{'bid': 619.4, 'ask': 619.53}","{'bid': 619.61, 'ask': 619.74}","{'bid': 619.06, 'ask': 619.18}",1325,619.34,619.61,619.06,619.4
2025-07-02 17:30:00,2025-07-02T18:30:00,2025-07-02T17:30:00,"{'bid': 619.41, 'ask': 619.54}","{'bid': 619.29, 'ask': 619.42}","{'bid': 619.58, 'ask': 619.7}","{'bid': 619.23, 'ask': 619.35}",1435,619.41,619.58,619.23,619.29
2025-07-02 17:45:00,2025-07-02T18:45:00,2025-07-02T17:45:00,"{'bid': 619.28, 'ask': 619.41}","{'bid': 619.35, 'ask': 619.48}","{'bid': 619.65, 'ask': 619.77}","{'bid': 619.21, 'ask': 619.34}",1077,619.28,619.65,619.21,619.35
2025-07-02 18:00:00,2025-07-02T19:00:00,2025-07-02T18:00:00,"{'bid': 619.37, 'ask': 619.49}","{'bid': 619.45, 'ask': 619.58}","{'bid': 619.57, 'ask': 619.7}","{'bid': 619.17, 'ask': 619.3}",1238,619.37,619.57,619.17,619.45
2025-07-02 18:15:00,2025-07-02T19:15:00,2025-07-02T18:15:00,"{'bid': 619.47, 'ask': 619.59}","{'bid': 619.53, 'ask': 619.66}","{'bid': 619.63, 'ask': 619.76}","{'bid': 619.29, 'ask': 619.41}",1148,619.47,619.63,619.29,619.53
2025-07-02 18:30:00,2025-07-02T19:30:00,2025-07-02T18:30:00,"{'bid': 619.52, 'ask': 619.65}","{'bid': 619.84, 'ask': 619.97}","{'bid': 619.88, 'ask': 620.01}","{'bid': 619.52, 'ask': 619.65}",1129,619.52,619.88,619.52,619.84
2025-07-02 18:45:00,2025-07-02T19:45:00,2025-07-02T18:45:00,"{'bid': 619.83, 'ask': 619.96}","{'bid': 619.79, 'ask': 619.92}","{'bid': 619.88, 'ask': 620.01}","{'bid': 619.6, 'ask': 619.72}",1079,619.83,619.88,619.6,619.79
2025-07-02 19:00:00,2025-07-02T20:00:00,2025-07-02T19:00:00,"{'bid': 619.8, 'ask': 619.93}","{'bid': 619.97, 'ask': 620.1}","{'bid': 620.11, 'ask': 620.24}","{'bid': 619.76, 'ask': 619.89}",1222,619.8,620.11,619.76,619.97
2025-07-02 19:15:00,2025-07-02T20:15:00,2025-07-02T19:15:00,"{'bid': 619.98, 'ask': 620.11}","{'bid': 619.69, 'ask': 619.82}","{'bid': 620.0, 'ask': 620.13}","{'bid': 619.66, 'ask': 619.79}",1024,619.98,620.0,619.66,619.69
2025-07-02 19:30:00,2025-07-02T20:30:00,2025-07-02T19:30:00,"{'bid': 619.68, 'ask': 619.81}","{'bid': 619.78, 'ask': 619.91}","{'bid': 619.92, 'ask': 620.05}","{'bid': 619.55, 'ask': 619.68}",1229,619.68,619.92,619.55,619.78
2025-07-02 19:45:00,2025-07-02T20:45:00,2025-07-02T19:45:00,"{'bid': 619.77, 'ask': 619.9}","{'bid': 620.28, 'ask': 620.41}","{'bid': 620.41, 'ask': 620.54}","{'bid': 619.64, 'ask': 619.77}",2288,619.77,620.41,619.64,620.28
2025-07-02 20:00:00,2025-07-02T21:00:00,2025-07-02T20:00:00,"{'bid': 620.31, 'ask': 620.43}","{'bid': 620.08, 'ask': 620.21}","{'bid': 620.37, 'ask': 620.49}","{'bid': 620.05, 'ask': 620.19}",1014,620.31,620.37,620.05,620.08
2025-07-02 20:15:00,2025-07-02T21:15:00,2025-07-02T20:15:00,"{'bid': 620.05, 'ask': 620.19}","{'bid': 620.03, 'ask': 620.16}","{'bid': 620.07, 'ask': 620.42}","{'bid': 619.9, 'ask': 620.03}",258,620.05,620.07,619.9,620.03
2025-07-02 20:30:00,2025-07-02T21:30:00,2025-07-02T20:30:00,"{'bid': 620.03, 'ask': 620.15}","{'bid': 620.42, 'ask': 620.55}","{'bid': 620.46, 'ask': 620.59}","{'bid': 620.0, 'ask': 620.13}",268,620.03,620.46,620.0,620.42
2025-07-02 20:45:00,2025-07-02T21:45:00,2025-07-02T20:45:00,"{'bid': 620.44, 'ask': 620.57}","{'bid': 620.48, 'ask': 620.64}","{'bid': 620.7, 'ask': 621.34}","{'bid': 620.15, 'ask': 620.53}",387,620.44,620.7,620.15,620.48
2025-07-02 21:00:00,2025-07-02T22:00:00,2025-07-02T21:00:00,"{'bid': 620.49, 'ask': 620.68}","{'bid': 620.49, 'ask': 620.75}","{'bid': 620.53, 'ask': 620.78}","{'bid': 620.35, 'ask': 620.68}",24,620.49,620.53,620.35,620.49
2025-07-02 21:15:00,2025-07-02T22:15:00,2025-07-02T21:15:00,"{'bid': 620.5, 'ask': 620.75}","{'bid': 620.58, 'ask': 620.73}","{'bid': 620.6, 'ask': 620.75}","{'bid': 620.47, 'ask': 620.69}",22,620.5,620.6,620.47,620.58
2025-07-02 21:30:00,2025-07-02T22:30:00,2025-07-02T21:30:00,"{'bid': 620.47, 'ask': 620.73}","{'bid': 620.54, 'ask': 620.73}","{'bid': 620.65, 'ask': 620.8}","{'bid': 620.47, 'ask': 620.68}",26,620.47,620.65,620.47,620.54
2025-07-02 21:45:00,2025-07-02T22:45:00,2025-07-02T21:45:00,"{'bid': 620.52, 'ask': 620.73}","{'bid': 620.49, 'ask': 620.73}","{'bid': 620.56, 'ask': 620.73}","{'bid': 620.49, 'ask': 620.68}",19,620.52,620.56,620.49,620.49
2025-07-02 22:00:00,2025-07-02T23:00:00,2025-07-02T22:00:00,"{'bid': 620.47, 'ask': 620.65}","{'bid': 620.17, 'ask': 620.35}","{'bid': 620.66, 'ask': 621.05}","{'bid': 620.15, 'ask': 620.32}",343,620.47,620.66,620.15,620.17
2025-07-02 22:15:00,2025-07-02T23:15:00,2025-07-02T22:15:00,"{'bid': 620.15, 'ask': 620.35}","{'bid': 620.18, 'ask': 620.35}","{'bid': 620.27, 'ask': 620.75}","{'bid': 620.14, 'ask': 620.27}",119,620.15,620.27,620.14,620.18
2025-07-02 22:30:00,2025-07-02T23:30:00,2025-07-02T22:30:00,"{'bid': 620.18, 'ask': 620.33}","{'bid': 620.38, 'ask': 620.57}","{'bid': 620.4, 'ask': 620.99}","{'bid': 620.15, 'ask': 620.33}",88,620.18,620.4,620.15,620.38
2025-07-02 22:45:00,2025-07-02T23:45:00,2025-07-02T22:45:00,"{'bid': 620.38, 'ask': 620.99}","{'bid': 620.46, 'ask': 620.63}","{'bid': 620.51, 'ask': 620.99}","{'bid': 620.37, 'ask': 620.54}",102,620.38,620.51,620.37,620.46
2025-07-02 23:00:00,2025-07-03T00:00:00,2025-07-02T23:00:00,"{'bid': 620.45, 'ask': 620.63}","{'bid': 620.49, 'ask': 620.67}","{'bid': 620.54, 'ask': 620.75}","{'bid': 620.38, 'ask': 620.56}",133,620.45,620.54,620.38,620.49
2025-07-02 23:15:00,2025-07-03T00:15:00,2025-07-02T23:15:00,"{'bid': 620.5, 'ask': 620.67}","{'bid': 620.49, 'ask': 620.67}","{'bid': 620.53, 'ask': 620.69}","{'bid': 620.4, 'ask': 620.62}",67,620.5,620.53,620.4,620.49
2025-07-02 23:30:00,2025-07-03T00:30:00,2025-07-02T23:30:00,"{'bid': 620.49, 'ask': 620.66}","{'bid': 620.52, 'ask': 620.65}","{'bid': 620.54, 'ask': 620.69}","{'bid': 620.4, 'ask': 620.6}",83,620.49,620.54,620.4,620.52
2025-07-02 23:45:00,2025-07-03T00:45:00,2025-07-02T23:45:00,"{'bid': 620.51, 'ask': 620.65}","{'bid': 620.56, 'ask': 620.71}","{'bid': 620.58, 'ask': 621.05}","{'bid': 620.46, 'ask': 620.63}",106,620.51,620.58,620.46,620.56
2025-07-03 08:00:00,2025-07-03T09:00:00,2025-07-03T08:00:00,"{'bid': 621.11, 'ask': 621.29}","{'bid': 621.2, 'ask': 621.37}","{'bid': 621.28, 'ask': 621.95}","{'bid': 621.04, 'ask': 621.23}",307,621.11,621.28,621.04,621.2
2025-07-03 08:15:00,2025-07-03T09:15:00,2025-07-03T08:15:00,"{'bid': 621.2, 'ask': 621.36}","{'bid': 621.2, 'ask': 621.34}","{'bid': 621.23, 'ask': 621.37}","{'bid': 620.92, 'ask': 621.2}",202,621.2,621.23,620.92,621.2
2025-07-03 08:30:00,2025-07-03T09:30:00,2025-07-03T08:30:00,"{'bid': 621.2, 'ask': 621.35}","{'bid': 620.97, 'ask': 621.12}","{'bid': 621.32, 'ask': 621.95}","{'bid': 620.77, 'ask': 621.09}",218,621.2,621.32,620.77,620.97
2025-07-03 08:45:00,2025-07-03T09:45:00,2025-07-03T08:45:00,"{'bid': 621.0, 'ask': 621.14}","{'bid': 620.6, 'ask': 620.78}","{'bid': 621.03, 'ask': 621.35}","{'bid': 620.52, 'ask': 620.75}",201,621.0,621.03,620.52,620.6
2025-07-03 09:00:00,2025-07-03T10:00:00,2025-07-03T09:00:00,"{'bid': 620.6, 'ask': 620.76}","{'bid': 620.68, 'ask': 620.84}","{'bid': 620.91, 'ask': 621.11}","{'bid': 620.51, 'ask': 620.71}",276,620.6,620.91,620.51,620.68
2025-07-03 09:15:00,2025-07-03T10:15:00,2025-07-03T09:15:00,"{'bid': 620.6, 'ask': 620.81}","{'bid': 621.11, 'ask': 621.28}","{'bid': 621.14, 'ask': 621.65}","{'bid': 620.6, 'ask': 620.81}",248,620.6,621.14,620.6,621.11
2025-07-03 09:30:00,2025-07-03T10:30:00,2025-07-03T09:30:00,"{'bid': 621.11, 'ask': 621.26}","{'bid': 620.79, 'ask': 620.97}","{'bid': 621.13, 'ask': 621.31}","{'bid': 620.59, 'ask': 620.92}",305,621.11,621.13,620.59,620.79
2025-07-03 09:45:00,2025-07-03T10:45:00,2025-07-03T09:45:00,"{'bid': 620.79, 'ask': 620.95}","{'bid': 620.74, 'ask': 620.9}","{'bid': 621.04, 'ask': 621.19}","{'bid': 620.68, 'ask': 620.85}",193,620.79,621.04,620.68,620.74
2025-07-03 10:00:00,2025-07-03T11:00:00,2025-07-03T10:00:00,"{'bid': 620.74, 'ask': 620.89}","{'bid': 620.59, 'ask': 620.73}","{'bid': 620.83, 'ask': 621.05}","{'bid': 620.4, 'ask': 620.64}",205,620.74,620.83,620.4,620.59
2025-07-03 10:15:00,2025-07-03T11:15:00,2025-07-03T10:15:00,"{'bid': 620.57, 'ask': 620.73}","{'bid': 620.54, 'ask': 620.73}","{'bid': 620.73, 'ask': 620.87}","{'bid': 620.4, 'ask': 620.57}",194,620.57,620.73,620.4,620.54
2025-07-03 10:30:00,2025-07-03T11:30:00,2025-07-03T10:30:00,"{'bid': 620.55, 'ask': 620.73}","{'bid': 620.76, 'ask': 620.93}","{'bid': 620.8, 'ask': 620.98}","{'bid': 620.54, 'ask': 620.72}",182,620.55,620.8,620.54,620.76
2025-07-03 10:45:00,2025-07-03T11:45:00,2025-07-03T10:45:00,"{'bid': 620.76, 'ask': 620.92}","{'bid': 620.91, 'ask': 621.07}","{'bid': 620.93, 'ask': 621.08}","{'bid': 620.76, 'ask': 620.92}",131,620.76,620.93,620.76,620.91
2025-07-03 11:00:00,2025-07-03T12:00:00,2025-07-03T11:00:00,"{'bid': 620.86, 'ask': 621.06}","{'bid': 620.97, 'ask': 621.15}","{'bid': 621.16, 'ask': 621.35}","{'bid': 620.62, 'ask': 620.97}",284,620.86,621.16,620.62,620.97
2025-07-03 11:15:00,2025-07-03T12:15:00,2025-07-03T11:15:00,"{'bid': 620.96, 'ask': 621.15}","{'bid': 621.12, 'ask': 621.29}","{'bid': 621.17, 'ask': 621.65}","{'bid': 620.85, 'ask': 621.07}",263,620.96,621.17,620.85,621.12
2025-07-03 11:30:00,2025-07-03T12:30:00,2025-07-03T11:30:00,"{'bid': 621.11, 'ask': 621.28}","{'bid': 621.09, 'ask': 621.26}","{'bid': 621.2, 'ask': 621.58}","{'bid': 620.84, 'ask': 620.97}",370,621.11,621.2,620.84,621.09
2025-07-03 11:45:00,2025-07-03T12:45:00,2025-07-03T11:45:00,"{'bid': 621.1, 'ask': 621.26}","{'bid': 621.16, 'ask': 621.31}","{'bid': 621.17, 'ask': 621.5}","{'bid': 620.87, 'ask': 621.01}",457,621.1,621.17,620.87,621.16
2025-07-03 12:00:00,2025-07-03T13:00:00,2025-07-03T12:00:00,"{'bid': 621.11, 'ask': 621.27}","{'bid': 621.2, 'ask': 621.34}","{'bid': 621.57, 'ask': 621.95}","{'bid': 620.99, 'ask': 621.22}",577,621.11,621.57,620.99,621.2
2025-07-03 12:15:00,2025-07-03T13:15:00,2025-07-03T12:15:00,"{'bid': 621.2, 'ask': 621.33}","{'bid': 620.99, 'ask': 621.41}","{'bid': 621.28, 'ask': 621.61}","{'bid': 620.99, 'ask': 621.12}",736,621.2,621.28,620.99,620.99
2025-07-03 12:30:00,2025-07-03T13:30:00,2025-07-03T12:30:00,"{'bid': 620.99, 'ask': 621.37}","{'bid': 621.93, 'ask': 622.08}","{'bid': 622.67, 'ask': 624.05}","{'bid': 620.99, 'ask': 621.37}",2370,620.99,622.67,620.99,621.93
2025-07-03 12:45:00,2025-07-03T13:45:00,2025-07-03T12:45:00,"{'bid': 621.94, 'ask': 622.08}","{'bid': 621.63, 'ask': 621.76}","{'bid': 621.95, 'ask': 622.25}","{'bid': 621.43, 'ask': 621.55}",1058,621.94,621.95,621.43,621.63
2025-07-03 13:00:00,2025-07-03T14:00:00,2025-07-03T13:00:00,"{'bid': 621.6, 'ask': 621.74}","{'bid': 622.06, 'ask': 622.21}","{'bid': 622.41, 'ask': 622.54}","{'bid': 621.58, 'ask': 621.72}",739,621.6,622.41,621.58,622.06
2025-07-03 13:15:00,2025-07-03T14:15:00,2025-07-03T13:15:00,"{'bid': 622.04, 'ask': 622.18}","{'bid': 622.36, 'ask': 622.51}","{'bid': 622.57, 'ask': 622.69}","{'bid': 621.87, 'ask': 622.01}",640,622.04,622.57,621.87,622.36
2025-07-03 13:30:00,2025-07-03T14:30:00,2025-07-03T13:30:00,"{'bid': 622.37, 'ask': 622.51}","{'bid': 623.4, 'ask': 623.52}","{'bid': 623.57, 'ask': 623.69}","{'bid': 622.37, 'ask': 622.51}",4119,622.37,623.57,622.37,623.4
2025-07-03 13:45:00,2025-07-03T14:45:00,2025-07-03T13:45:00,"{'bid': 623.41, 'ask': 623.54}","{'bid': 624.01, 'ask': 624.13}","{'bid': 624.48, 'ask': 624.6}","{'bid': 623.4, 'ask': 623.53}",2849,623.41,624.48,623.4,624.01
2025-07-03 14:00:00,2025-07-03T15:00:00,2025-07-03T14:00:00,"{'bid': 623.99, 'ask': 624.13}","{'bid': 624.7, 'ask': 624.83}","{'bid': 624.91, 'ask': 625.04}","{'bid': 623.99, 'ask': 624.13}",2546,623.99,624.91,623.99,624.7
2025-07-03 14:15:00,2025-07-03T15:15:00,2025-07-03T14:15:00,"{'bid': 624.71, 'ask': 624.84}","{'bid': 624.93, 'ask': 625.06}","{'bid': 625.05, 'ask': 625.18}","{'bid': 624.49, 'ask': 624.62}",2013,624.71,625.05,624.49,624.93
2025-07-03 14:30:00,2025-07-03T15:30:00,2025-07-03T14:30:00,"{'bid': 624.94, 'ask': 625.07}","{'bid': 625.32, 'ask': 625.45}","{'bid': 625.38, 'ask': 625.51}","{'bid': 624.72, 'ask': 624.85}",1908,624.94,625.38,624.72,625.32
2025-07-03 14:45:00,2025-07-03T15:45:00,2025-07-03T14:45:00,"{'bid': 625.31, 'ask': 625.44}","{'bid': 625.24, 'ask': 625.37}","{'bid': 625.41, 'ask': 625.53}","{'bid': 625.12, 'ask': 625.25}",2944,625.31,625.41,625.12,625.24
2025-07-03 15:00:00,2025-07-03T16:00:00,2025-07-03T15:00:00,"{'bid': 625.24, 'ask': 625.36}","{'bid': 625.68, 'ask': 625.81}","{'bid': 625.72, 'ask': 625.85}","{'bid': 625.19, 'ask': 625.32}",1498,625.24,625.72,625.19,625.68
2025-07-03 15:15:00,2025-07-03T16:15:00,2025-07-03T15:15:00,"{'bid': 625.66, 'ask': 625.79}","{'bid': 625.35, 'ask': 625.48}","{'bid': 625.68, 'ask': 625.81}","{'bid': 625.12, 'ask': 625.25}",1407,625.66,625.68,625.12,625.35
2025-07-03 15:30:00,2025-07-03T16:30:00,2025-07-03T15:30:00,"{'bid': 625.36, 'ask': 625.49}","{'bid': 625.98, 'ask': 626.11}","{'bid': 625.99, 'ask': 626.12}","{'bid': 625.31, 'ask': 625.43}",1198,625.36,625.99,625.31,625.98
2025-07-03 15:45:00,2025-07-03T16:45:00,2025-07-03T15:45:00,"{'bid': 625.97, 'ask': 626.09}","{'bid': 625.84, 'ask': 625.97}","{'bid': 626.01, 'ask': 626.13}","{'bid': 625.67, 'ask': 625.8}",1080,625.97,626.01,625.67,625.84
2025-07-03 16:00:00,2025-07-03T17:00:00,2025-07-03T16:00:00,"{'bid': 625.83, 'ask': 625.96}","{'bid': 625.83, 'ask': 625.96}","{'bid': 625.97, 'ask': 626.1}","{'bid': 625.77, 'ask': 625.9}",876,625.83,625.97,625.77,625.83
2025-07-03 16:15:00,2025-07-03T17:15:00,2025-07-03T16:15:00,"{'bid': 625.82, 'ask': 625.94}","{'bid': 625.67, 'ask': 625.8}","{'bid': 625.82, 'ask': 625.95}","{'bid': 625.49, 'ask': 625.62}",1245,625.82,625.82,625.49,625.67
2025-07-03 16:30:00,2025-07-03T17:30:00,2025-07-03T16:30:00,"{'bid': 625.66, 'ask': 625.79}","{'bid': 626.03, 'ask': 626.16}","{'bid': 626.21, 'ask': 626.34}","{'bid': 625.56, 'ask': 625.69}",1305,625.66,626.21,625.56,626.03
2025-07-03 16:45:00,2025-07-03T17:45:00,2025-07-03T16:45:00,"{'bid': 626.04, 'ask': 626.17}","{'bid': 625.28, 'ask': 625.4}","{'bid': 626.04, 'ask': 626.17}","{'bid': 624.81, 'ask': 624.93}",3006,626.04,626.04,624.81,625.28
2025-07-03 17:00:00,2025-07-03T18:00:00,2025-07-03T17:00:00,"{'bid': 625.3, 'ask': 625.42}","{'bid': 625.33, 'ask': 625.46}","{'bid': 625.35, 'ask': 625.49}","{'bid': 625.18, 'ask': 625.31}",44,625.3,625.35,625.18,625.33
2025-07-07 08:00:00,2025-07-07T09:00:00,2025-07-07T08:00:00,"{'bid': 622.66, 'ask': 622.86}","{'bid': 622.53, 'ask': 622.72}","{'bid': 622.9, 'ask': 623.42}","{'bid': 622.15, 'ask': 622.48}",770,622.66,622.9,622.15,622.53
2025-07-07 08:15:00,2025-07-07T09:15:00,2025-07-07T08:15:00,"{'bid': 622.5, 'ask': 622.7}","{'bid': 622.63, 'ask': 622.78}","{'bid': 622.9, 'ask': 623.05}","{'bid': 622.4, 'ask': 622.52}",677,622.5,622.9,622.4,622.63
2025-07-07 08:30:00,2025-07-07T09:30:00,2025-07-07T08:30:00,"{'bid': 622.63, 'ask': 622.77}","{'bid': 622.72, 'ask': 622.87}","{'bid': 622.87, 'ask': 623.05}","{'bid': 622.45, 'ask': 622.76}",521,622.63,622.87,622.45,622.72
2025-07-07 08:45:00,2025-07-07T09:45:00,2025-07-07T08:45:00,"{'bid': 622.71, 'ask': 622.87}","{'bid': 622.46, 'ask': 622.63}","{'bid': 622.78, 'ask': 623.05}","{'bid': 622.3, 'ask': 622.56}",362,622.71,622.78,622.3,622.46
2025-07-07 09:00:00,2025-07-07T10:00:00,2025-07-07T09:00:00,"{'bid': 622.46, 'ask': 622.62}","{'bid': 622.59, 'ask': 622.74}","{'bid': 622.68, 'ask': 623.05}","{'bid': 622.15, 'ask': 622.54}",431,622.46,622.68,622.15,622.59
2025-07-07 09:15:00,2025-07-07T10:15:00,2025-07-07T09:15:00,"{'bid': 622.58, 'ask': 622.73}","{'bid': 622.59, 'ask': 622.75}","{'bid': 622.69, 'ask': 622.99}","{'bid': 622.15, 'ask': 622.69}",282,622.58,622.69,622.15,622.59
2025-07-07 09:30:00,2025-07-07T10:30:00,2025-07-07T09:30:00,"{'bid': 622.6, 'ask': 622.77}","{'bid': 623.02, 'ask': 623.17}","{'bid': 623.13, 'ask': 623.3}","{'bid': 622.57, 'ask': 622.73}",291,622.6,623.13,622.57,623.02
2025-07-07 09:45:00,2025-07-07T10:45:00,2025-07-07T09:45:00,"{'bid': 623.03, 'ask': 623.45}","{'bid': 623.71, 'ask': 623.87}","{'bid': 623.72, 'ask': 624.35}","{'bid': 622.74, 'ask': 623.04}",537,623.03,623.72,622.74,623.71
2025-07-07 10:00:00,2025-07-07T11:00:00,2025-07-07T10:00:00,"{'bid': 623.71, 'ask': 623.88}","{'bid': 624.07, 'ask': 624.23}","{'bid': 624.16, 'ask': 624.65}","{'bid': 623.5, 'ask': 623.74}",670,623.71,624.16,623.5,624.07
2025-07-07 10:15:00,2025-07-07T11:15:00,2025-07-07T10:15:00,"{'bid': 624.06, 'ask': 624.23}","{'bid': 623.87, 'ask': 624.02}","{'bid': 624.09, 'ask': 624.28}","{'bid': 623.35, 'ask': 623.81}",440,624.06,624.09,623.35,623.87
2025-07-07 10:30:00,2025-07-07T11:30:00,2025-07-07T10:30:00,"{'bid': 623.85, 'ask': 623.99}","{'bid': 623.79, 'ask': 623.95}","{'bid': 624.0, 'ask': 624.28}","{'bid': 623.35, 'ask': 623.85}",341,623.85,624.0,623.35,623.79
2025-07-07 10:45:00,2025-07-07T11:45:00,2025-07-07T10:45:00,"{'bid': 623.8, 'ask': 623.95}","{'bid': 623.55, 'ask': 623.69}","{'bid': 623.81, 'ask': 624.28}","{'bid': 623.35, 'ask': 623.67}",343,623.8,623.81,623.35,623.55
2025-07-07 11:00:00,2025-07-07T12:00:00,2025-07-07T11:00:00,"{'bid': 623.54, 'ask': 623.69}","{'bid': 623.59, 'ask': 623.74}","{'bid': 623.74, 'ask': 623.95}","{'bid': 623.28, 'ask': 623.68}",421,623.54,623.74,623.28,623.59
2025-07-07 11:15:00,2025-07-07T12:15:00,2025-07-07T11:15:00,"{'bid': 623.59, 'ask': 623.75}","{'bid': 623.91, 'ask': 624.04}","{'bid': 623.93, 'ask': 624.06}","{'bid': 623.52, 'ask': 623.67}",276,623.59,623.93,623.52,623.91
2025-07-07 11:30:00,2025-07-07T12:30:00,2025-07-07T11:30:00,"{'bid': 623.89, 'ask': 624.04}","{'bid': 623.8, 'ask': 623.95}","{'bid': 624.0, 'ask': 624.37}","{'bid': 623.35, 'ask': 623.73}",346,623.89,624.0,623.35,623.8
2025-07-07 11:45:00,2025-07-07T12:45:00,2025-07-07T11:45:00,"{'bid': 623.8, 'ask': 623.97}","{'bid': 624.09, 'ask': 624.24}","{'bid': 624.15, 'ask': 624.38}","{'bid': 623.7, 'ask': 623.94}",317,623.8,624.15,623.7,624.09
2025-07-07 12:00:00,2025-07-07T13:00:00,2025-07-07T12:00:00,"{'bid': 624.09, 'ask': 624.23}","{'bid': 624.38, 'ask': 624.55}","{'bid': 624.4, 'ask': 624.95}","{'bid': 623.7, 'ask': 623.99}",622,624.09,624.4,623.7,624.38
2025-07-07 12:15:00,2025-07-07T13:15:00,2025-07-07T12:15:00,"{'bid': 624.37, 'ask': 624.52}","{'bid': 624.15, 'ask': 624.31}","{'bid': 624.53, 'ask': 624.95}","{'bid': 624.0, 'ask': 624.16}",545,624.37,624.53,624.0,624.15
2025-07-07 12:30:00,2025-07-07T13:30:00,2025-07-07T12:30:00,"{'bid': 624.15, 'ask': 624.29}","{'bid': 623.87, 'ask': 624.0}","{'bid': 624.36, 'ask': 624.49}","{'bid': 623.7, 'ask': 623.98}",447,624.15,624.36,623.7,623.87
2025-07-07 12:45:00,2025-07-07T13:45:00,2025-07-07T12:45:00,"{'bid': 623.82, 'ask': 623.98}","{'bid': 623.34, 'ask': 623.49}","{'bid': 623.9, 'ask': 624.21}","{'bid': 622.95, 'ask': 623.35}",739,623.82,623.9,622.95,623.34
2025-07-07 13:00:00,2025-07-07T14:00:00,2025-07-07T13:00:00,"{'bid': 623.34, 'ask': 623.48}","{'bid': 623.19, 'ask': 623.32}","{'bid': 623.46, 'ask': 623.58}","{'bid': 623.06, 'ask': 623.23}",729,623.34,623.46,623.06,623.19
2025-07-07 13:15:00,2025-07-07T14:15:00,2025-07-07T13:15:00,"{'bid': 623.17, 'ask': 623.3}","{'bid': 623.27, 'ask': 623.4}","{'bid': 623.36, 'ask': 623.58}","{'bid': 622.91, 'ask': 623.15}",1076,623.17,623.36,622.91,623.27
2025-07-07 13:30:00,2025-07-07T14:30:00,2025-07-07T13:30:00,"{'bid': 623.27, 'ask': 623.41}","{'bid': 623.39, 'ask': 623.52}","{'bid': 623.92, 'ask': 624.04}","{'bid': 622.83, 'ask': 622.95}",4747,623.27,623.92,622.83,623.39
2025-07-07 13:45:00,2025-07-07T14:45:00,2025-07-07T13:45:00,"{'bid': 623.39, 'ask': 623.51}","{'bid': 623.59, 'ask': 623.72}","{'bid': 623.96, 'ask': 624.08}","{'bid': 623.01, 'ask': 623.14}",2663,623.39,623.96,623.01,623.59
2025-07-07 14:00:00,2025-07-07T15:00:00,2025-07-07T14:00:00,"{'bid': 623.58, 'ask': 623.71}","{'bid': 622.7, 'ask': 622.83}","{'bid': 623.73, 'ask': 623.86}","{'bid': 622.66, 'ask': 622.79}",3277,623.58,623.73,622.66,622.7
2025-07-07 14:15:00,2025-07-07T15:15:00,2025-07-07T14:15:00,"{'bid': 622.69, 'ask': 622.82}","{'bid': 622.98, 'ask': 623.11}","{'bid': 623.36, 'ask': 623.48}","{'bid': 622.46, 'ask': 622.59}",2561,622.69,623.36,622.46,622.98
2025-07-07 14:30:00,2025-07-07T15:30:00,2025-07-07T14:30:00,"{'bid': 622.97, 'ask': 623.1}","{'bid': 622.61, 'ask': 622.74}","{'bid': 623.04, 'ask': 623.17}","{'bid': 622.45, 'ask': 622.58}",2472,622.97,623.04,622.45,622.61
2025-07-07 14:45:00,2025-07-07T15:45:00,2025-07-07T14:45:00,"{'bid': 622.6, 'ask': 622.72}","{'bid': 622.09, 'ask': 622.22}","{'bid': 622.86, 'ask': 622.99}","{'bid': 621.9, 'ask': 622.02}",2557,622.6,622.86,621.9,622.09
2025-07-07 15:00:00,2025-07-07T16:00:00,2025-07-07T15:00:00,"{'bid': 622.07, 'ask': 622.2}","{'bid': 621.87, 'ask': 622.0}","{'bid': 622.33, 'ask': 622.46}","{'bid': 621.81, 'ask': 621.94}",2650,622.07,622.33,621.81,621.87
2025-07-07 15:15:00,2025-07-07T16:15:00,2025-07-07T15:15:00,"{'bid': 621.86, 'ask': 621.98}","{'bid': 622.0, 'ask': 622.13}","{'bid': 622.05, 'ask': 622.18}","{'bid': 621.49, 'ask': 621.62}",2056,621.86,622.05,621.49,622.0
2025-07-07 15:30:00,2025-07-07T16:30:00,2025-07-07T15:30:00,"{'bid': 621.99, 'ask': 622.12}","{'bid': 621.57, 'ask': 621.7}","{'bid': 622.16, 'ask': 622.29}","{'bid': 621.55, 'ask': 621.68}",1666,621.99,622.16,621.55,621.57
2025-07-07 15:45:00,2025-07-07T16:45:00,2025-07-07T15:45:00,"{'bid': 621.56, 'ask': 621.69}","{'bid': 621.68, 'ask': 621.81}","{'bid': 621.85, 'ask': 621.98}","{'bid': 621.13, 'ask': 621.25}",2014,621.56,621.85,621.13,621.68
2025-07-07 16:00:00,2025-07-07T17:00:00,2025-07-07T16:00:00,"{'bid': 621.69, 'ask': 621.82}","{'bid': 621.94, 'ask': 622.07}","{'bid': 622.22, 'ask': 622.35}","{'bid': 621.68, 'ask': 621.81}",1645,621.69,622.22,621.68,621.94
2025-07-07 16:15:00,2025-07-07T17:15:00,2025-07-07T16:15:00,"{'bid': 621.93, 'ask': 622.06}","{'bid': 620.51, 'ask': 620.63}","{'bid': 622.13, 'ask': 622.26}","{'bid': 619.19, 'ask': 619.32}",8776,621.93,622.13,619.19,620.51
2025-07-07 16:30:00,2025-07-07T17:30:00,2025-07-07T16:30:00,"{'bid': 620.5, 'ask': 620.63}","{'bid': 620.37, 'ask': 620.5}","{'bid': 621.17, 'ask': 621.29}","{'bid': 620.11, 'ask': 620.24}",5215,620.5,621.17,620.11,620.37
2025-07-07 16:45:00,2025-07-07T17:45:00,2025-07-07T16:45:00,"{'bid': 620.38, 'ask': 620.51}","{'bid': 619.74, 'ask': 619.87}","{'bid': 620.48, 'ask': 620.61}","{'bid': 619.42, 'ask': 619.54}",4160,620.38,620.48,619.42,619.74
2025-07-07 17:00:00,2025-07-07T18:00:00,2025-07-07T17:00:00,"{'bid': 619.73, 'ask': 619.85}","{'bid': 620.51, 'ask': 620.64}","{'bid': 620.52, 'ask': 620.65}","{'bid': 619.53, 'ask': 619.66}",3148,619.73,620.52,619.53,620.51
2025-07-07 17:15:00,2025-07-07T18:15:00,2025-07-07T17:15:00,"{'bid': 620.5, 'ask': 620.62}","{'bid': 620.12, 'ask': 620.25}","{'bid': 620.96, 'ask': 621.09}","{'bid': 619.96, 'ask': 620.09}",2490,620.5,620.96,619.96,620.12
2025-07-07 17:30:00,2025-07-07T18:30:00,2025-07-07T17:30:00,"{'bid': 620.11, 'ask': 620.24}","{'bid': 619.82, 'ask': 619.95}","{'bid': 621.33, 'ask': 621.46}","{'bid': 619.5, 'ask': 619.63}",5170,620.11,621.33,619.5,619.82
2025-07-07 17:45:00,2025-07-07T18:45:00,2025-07-07T17:45:00,"{'bid': 619.81, 'ask': 619.93}","{'bid': 619.97, 'ask': 620.1}","{'bid': 620.13, 'ask': 620.26}","{'bid': 619.64, 'ask': 619.76}",2298,619.81,620.13,619.64,619.97
2025-07-07 18:00:00,2025-07-07T19:00:00,2025-07-07T18:00:00,"{'bid': 619.98, 'ask': 620.11}","{'bid': 619.9, 'ask': 620.03}","{'bid': 620.3, 'ask': 620.43}","{'bid': 619.84, 'ask': 619.97}",2279,619.98,620.3,619.84,619.9
2025-07-07 18:15:00,2025-07-07T19:15:00,2025-07-07T18:15:00,"{'bid': 619.89, 'ask': 620.01}","{'bid': 617.91, 'ask': 618.03}","{'bid': 619.92, 'ask': 620.05}","{'bid': 617.82, 'ask': 617.95}",5622,619.89,619.92,617.82,617.91
2025-07-07 18:30:00,2025-07-07T19:30:00,2025-07-07T18:30:00,"{'bid': 617.92, 'ask': 618.05}","{'bid': 619.41, 'ask': 619.54}","{'bid': 619.52, 'ask': 619.65}","{'bid': 617.82, 'ask': 617.94}",3195,617.92,619.52,617.82,619.41
2025-07-07 18:45:00,2025-07-07T19:45:00,2025-07-07T18:45:00,"{'bid': 619.42, 'ask': 619.55}","{'bid': 620.12, 'ask': 620.25}","{'bid': 620.15, 'ask': 620.28}","{'bid': 619.31, 'ask': 619.44}",1944,619.42,620.15,619.31,620.12
2025-07-07 19:00:00,2025-07-07T20:00:00,2025-07-07T19:00:00,"{'bid': 620.11, 'ask': 620.24}","{'bid': 619.65, 'ask': 619.77}","{'bid': 620.32, 'ask': 620.45}","{'bid': 619.31, 'ask': 619.44}",2795,620.11,620.32,619.31,619.65
2025-07-07 19:15:00,2025-07-07T20:15:00,2025-07-07T19:15:00,"{'bid': 619.64, 'ask': 619.77}","{'bid': 619.4, 'ask': 619.53}","{'bid': 619.87, 'ask': 620.0}","{'bid': 619.37, 'ask': 619.5}",2044,619.64,619.87,619.37,619.4
2025-07-07 19:30:00,2025-07-07T20:30:00,2025-07-07T19:30:00,"{'bid': 619.39, 'ask': 619.52}","{'bid': 619.61, 'ask': 619.74}","{'bid': 619.78, 'ask': 619.9}","{'bid': 619.33, 'ask': 619.46}",1950,619.39,619.78,619.33,619.61
2025-07-07 19:45:00,2025-07-07T20:45:00,2025-07-07T19:45:00,"{'bid': 619.62, 'ask': 619.75}","{'bid': 620.79, 'ask': 620.91}","{'bid': 620.93, 'ask': 621.05}","{'bid': 619.39, 'ask': 619.52}",3750,619.62,620.93,619.39,620.79
2025-07-07 20:00:00,2025-07-07T21:00:00,2025-07-07T20:00:00,"{'bid': 620.77, 'ask': 620.9}","{'bid': 620.09, 'ask': 620.21}","{'bid': 620.8, 'ask': 620.93}","{'bid': 619.85, 'ask': 619.97}",1340,620.77,620.8,619.85,620.09
2025-07-07 20:15:00,2025-07-07T21:15:00,2025-07-07T20:15:00,"{'bid': 620.08, 'ask': 620.21}","{'bid': 619.94, 'ask': 620.06}","{'bid': 620.13, 'ask': 620.26}","{'bid': 619.9, 'ask': 620.06}",280,620.08,620.13,619.9,619.94
2025-07-07 20:30:00,2025-07-07T21:30:00,2025-07-07T20:30:00,"{'bid': 619.94, 'ask': 620.07}","{'bid': 619.04, 'ask': 619.18}","{'bid': 619.96, 'ask': 620.3}","{'bid': 618.85, 'ask': 619.15}",391,619.94,619.96,618.85,619.04
2025-07-07 20:45:00,2025-07-07T21:45:00,2025-07-07T20:45:00,"{'bid': 619.04, 'ask': 619.17}","{'bid': 619.44, 'ask': 619.62}","{'bid': 619.5, 'ask': 619.82}","{'bid': 619.0, 'ask': 619.14}",532,619.04,619.5,619.0,619.44
2025-07-07 21:00:00,2025-07-07T22:00:00,2025-07-07T21:00:00,"{'bid': 619.47, 'ask': 619.62}","{'bid': 619.42, 'ask': 619.58}","{'bid': 619.66, 'ask': 619.85}","{'bid': 619.38, 'ask': 619.58}",28,619.47,619.66,619.38,619.42
2025-07-07 21:15:00,2025-07-07T22:15:00,2025-07-07T21:15:00,"{'bid': 619.33, 'ask': 619.59}","{'bid': 619.31, 'ask': 619.79}","{'bid': 619.47, 'ask': 619.79}","{'bid': 619.3, 'ask': 619.59}",14,619.33,619.47,619.3,619.31
2025-07-07 21:30:00,2025-07-07T22:30:00,2025-07-07T21:30:00,"{'bid': 619.32, 'ask': 619.79}","{'bid': 619.38, 'ask': 619.66}","{'bid': 619.39, 'ask': 619.79}","{'bid': 619.32, 'ask': 619.54}",19,619.32,619.39,619.32,619.38
2025-07-07 21:45:00,2025-07-07T22:45:00,2025-07-07T21:45:00,"{'bid': 619.38, 'ask': 619.5}","{'bid': 619.39, 'ask': 619.61}","{'bid': 619.39, 'ask': 619.66}","{'bid': 619.29, 'ask': 619.5}",20,619.38,619.39,619.29,619.39
2025-07-07 22:00:00,2025-07-07T23:00:00,2025-07-07T22:00:00,"{'bid': 619.13, 'ask': 619.61}","{'bid': 619.26, 'ask': 619.45}","{'bid': 619.74, 'ask': 620.15}","{'bid': 619.13, 'ask': 619.38}",406,619.13,619.74,619.13,619.26
2025-07-07 22:15:00,2025-07-07T23:15:00,2025-07-07T22:15:00,"{'bid': 619.28, 'ask': 619.45}","{'bid': 618.8, 'ask': 618.98}","{'bid': 619.28, 'ask': 619.47}","{'bid': 618.61, 'ask': 618.76}",351,619.28,619.28,618.61,618.8
2025-07-07 22:30:00,2025-07-07T23:30:00,2025-07-07T22:30:00,"{'bid': 618.8, 'ask': 618.99}","{'bid': 619.33, 'ask': 619.56}","{'bid': 619.56, 'ask': 620.05}","{'bid': 618.78, 'ask': 618.95}",318,618.8,619.56,618.78,619.33
2025-07-07 22:45:00,2025-07-07T23:45:00,2025-07-07T22:45:00,"{'bid': 619.37, 'ask': 619.56}","{'bid': 619.35, 'ask': 619.53}","{'bid': 619.42, 'ask': 619.85}","{'bid': 619.11, 'ask': 619.27}",281,619.37,619.42,619.11,619.35
2025-07-07 23:00:00,2025-07-08T00:00:00,2025-07-07T23:00:00,"{'bid': 619.32, 'ask': 619.52}","{'bid': 619.64, 'ask': 619.81}","{'bid': 619.7, 'ask': 620.05}","{'bid': 619.22, 'ask': 619.43}",276,619.32,619.7,619.22,619.64
2025-07-07 23:15:00,2025-07-08T00:15:00,2025-07-07T23:15:00,"{'bid': 619.63, 'ask': 619.81}","{'bid': 619.73, 'ask': 619.92}","{'bid': 619.86, 'ask': 620.05}","{'bid': 619.53, 'ask': 619.74}",199,619.63,619.86,619.53,619.73
2025-07-07 23:30:00,2025-07-08T00:30:00,2025-07-07T23:30:00,"{'bid': 619.72, 'ask': 619.9}","{'bid': 619.71, 'ask': 619.88}","{'bid': 619.95, 'ask': 620.13}","{'bid': 619.67, 'ask': 619.82}",219,619.72,619.95,619.67,619.71
2025-07-07 23:45:00,2025-07-08T00:45:00,2025-07-07T23:45:00,"{'bid': 619.71, 'ask': 619.89}","{'bid': 619.91, 'ask': 620.08}","{'bid': 619.98, 'ask': 620.3}","{'bid': 619.71, 'ask': 619.89}",296,619.71,619.98,619.71,619.91
2025-07-08 08:00:00,2025-07-08T09:00:00,2025-07-08T08:00:00,"{'bid': 621.55, 'ask': 622.06}","{'bid': 621.48, 'ask': 621.65}","{'bid': 621.87, 'ask': 622.25}","{'bid': 621.25, 'ask': 621.49}",581,621.55,621.87,621.25,621.48
2025-07-08 08:15:00,2025-07-08T09:15:00,2025-07-08T08:15:00,"{'bid': 621.48, 'ask': 621.66}","{'bid': 621.52, 'ask': 621.68}","{'bid': 621.67, 'ask': 621.94}","{'bid': 621.38, 'ask': 621.53}",356,621.48,621.67,621.38,621.52
2025-07-08 08:30:00,2025-07-08T09:30:00,2025-07-08T08:30:00,"{'bid': 621.53, 'ask': 621.67}","{'bid': 621.32, 'ask': 621.46}","{'bid': 621.6, 'ask': 621.95}","{'bid': 620.95, 'ask': 621.42}",318,621.53,621.6,620.95,621.32
2025-07-08 08:45:00,2025-07-08T09:45:00,2025-07-08T08:45:00,"{'bid': 621.29, 'ask': 621.45}","{'bid': 621.5, 'ask': 621.65}","{'bid': 621.55, 'ask': 621.82}","{'bid': 621.14, 'ask': 621.3}",273,621.29,621.55,621.14,621.5
2025-07-08 09:00:00,2025-07-08T10:00:00,2025-07-08T09:00:00,"{'bid': 621.49, 'ask': 621.64}","{'bid': 621.47, 'ask': 621.63}","{'bid': 621.62, 'ask': 621.83}","{'bid': 620.65, 'ask': 621.28}",393,621.49,621.62,620.65,621.47
2025-07-08 09:15:00,2025-07-08T10:15:00,2025-07-08T09:15:00,"{'bid': 621.46, 'ask': 621.63}","{'bid': 621.4, 'ask': 621.56}","{'bid': 621.61, 'ask': 621.77}","{'bid': 621.33, 'ask': 621.48}",296,621.46,621.61,621.33,621.4
2025-07-08 09:30:00,2025-07-08T10:30:00,2025-07-08T09:30:00,"{'bid': 621.38, 'ask': 621.54}","{'bid': 621.34, 'ask': 621.49}","{'bid': 621.45, 'ask': 621.61}","{'bid': 621.18, 'ask': 621.35}",319,621.38,621.45,621.18,621.34
2025-07-08 09:45:00,2025-07-08T10:45:00,2025-07-08T09:45:00,"{'bid': 621.35, 'ask': 621.5}","{'bid': 620.96, 'ask': 621.14}","{'bid': 621.39, 'ask': 621.55}","{'bid': 620.55, 'ask': 621.0}",360,621.35,621.39,620.55,620.96
2025-07-08 10:00:00,2025-07-08T11:00:00,2025-07-08T10:00:00,"{'bid': 620.97, 'ask': 621.14}","{'bid': 620.81, 'ask': 620.97}","{'bid': 621.04, 'ask': 621.22}","{'bid': 620.55, 'ask': 620.72}",460,620.97,621.04,620.55,620.81
2025-07-08 10:15:00,2025-07-08T11:15:00,2025-07-08T10:15:00,"{'bid': 620.81, 'ask': 620.96}","{'bid': 620.97, 'ask': 621.13}","{'bid': 621.11, 'ask': 621.65}","{'bid': 620.8, 'ask': 620.96}",273,620.81,621.11,620.8,620.97
2025-07-08 10:30:00,2025-07-08T11:30:00,2025-07-08T10:30:00,"{'bid': 620.97, 'ask': 621.12}","{'bid': 621.74, 'ask': 621.89}","{'bid': 621.75, 'ask': 621.95}","{'bid': 620.74, 'ask': 621.03}",401,620.97,621.75,620.74,621.74
2025-07-08 10:45:00,2025-07-08T11:45:00,2025-07-08T10:45:00,"{'bid': 621.74, 'ask': 621.9}","{'bid': 621.51, 'ask': 621.67}","{'bid': 621.8, 'ask': 622.25}","{'bid': 620.95, 'ask': 621.54}",290,621.74,621.8,620.95,621.51
2025-07-08 11:00:00,2025-07-08T12:00:00,2025-07-08T11:00:00,"{'bid': 621.51, 'ask': 621.69}","{'bid': 621.57, 'ask': 621.72}","{'bid': 621.59, 'ask': 621.95}","{'bid': 621.27, 'ask': 621.42}",301,621.51,621.59,621.27,621.57
2025-07-08 11:15:00,2025-07-08T12:15:00,2025-07-08T11:15:00,"{'bid': 621.57, 'ask': 621.71}","{'bid': 621.63, 'ask': 621.79}","{'bid': 621.71, 'ask': 621.87}","{'bid': 621.4, 'ask': 621.54}",235,621.57,621.71,621.4,621.63
2025-07-08 11:30:00,2025-07-08T12:30:00,2025-07-08T11:30:00,"{'bid': 621.64, 'ask': 621.79}","{'bid': 621.74, 'ask': 621.88}","{'bid': 621.76, 'ask': 622.05}","{'bid': 621.45, 'ask': 621.67}",223,621.64,621.76,621.45,621.74
2025-07-08 11:45:00,2025-07-08T12:45:00,2025-07-08T11:45:00,"{'bid': 621.73, 'ask': 621.88}","{'bid': 621.38, 'ask': 621.54}","{'bid': 621.73, 'ask': 622.05}","{'bid': 621.35, 'ask': 621.49}",290,621.73,621.73,621.35,621.38
2025-07-08 12:00:00,2025-07-08T13:00:00,2025-07-08T12:00:00,"{'bid': 621.38, 'ask': 621.53}","{'bid': 621.4, 'ask': 621.55}","{'bid': 621.43, 'ask': 621.55}","{'bid': 620.96, 'ask': 621.12}",574,621.38,621.43,620.96,621.4
2025-07-08 12:15:00,2025-07-08T13:15:00,2025-07-08T12:15:00,"{'bid': 621.41, 'ask': 621.55}","{'bid': 621.38, 'ask': 621.54}","{'bid': 621.53, 'ask': 621.67}","{'bid': 621.16, 'ask': 621.47}",345,621.41,621.53,621.16,621.38
2025-07-08 12:30:00,2025-07-08T13:30:00,2025-07-08T12:30:00,"{'bid': 621.39, 'ask': 621.53}","{'bid': 620.97, 'ask': 621.12}","{'bid': 621.39, 'ask': 621.54}","{'bid': 620.85, 'ask': 620.99}",549,621.39,621.39,620.85,620.97
2025-07-08 12:45:00,2025-07-08T13:45:00,2025-07-08T12:45:00,"{'bid': 620.95, 'ask': 621.09}","{'bid': 621.39, 'ask': 621.52}","{'bid': 621.4, 'ask': 621.55}","{'bid': 620.91, 'ask': 621.04}",393,620.95,621.4,620.91,621.39
2025-07-08 13:00:00,2025-07-08T14:00:00,2025-07-08T13:00:00,"{'bid': 621.38, 'ask': 621.52}","{'bid': 621.48, 'ask': 621.62}","{'bid': 621.59, 'ask': 621.76}","{'bid': 621.32, 'ask': 621.47}",319,621.38,621.59,621.32,621.48
2025-07-08 13:15:00,2025-07-08T14:15:00,2025-07-08T13:15:00,"{'bid': 621.47, 'ask': 621.6}","{'bid': 621.23, 'ask': 621.37}","{'bid': 621.48, 'ask': 621.95}","{'bid': 620.89, 'ask': 621.3}",635,621.47,621.48,620.89,621.23
2025-07-08 13:30:00,2025-07-08T14:30:00,2025-07-08T13:30:00,"{'bid': 621.24, 'ask': 621.37}","{'bid': 621.02, 'ask': 621.15}","{'bid': 621.27, 'ask': 621.92}","{'bid': 620.5, 'ask': 620.62}",4035,621.24,621.27,620.5,621.02
2025-07-08 13:45:00,2025-07-08T14:45:00,2025-07-08T13:45:00,"{'bid': 621.03, 'ask': 621.15}","{'bid': 620.6, 'ask': 620.73}","{'bid': 621.6, 'ask': 621.73}","{'bid': 620.6, 'ask': 620.72}",5710,621.03,621.6,620.6,620.6
2025-07-08 14:00:00,2025-07-08T15:00:00,2025-07-08T14:00:00,"{'bid': 620.62, 'ask': 620.74}","{'bid': 620.26, 'ask': 620.39}","{'bid': 620.86, 'ask': 620.99}","{'bid': 619.85, 'ask': 619.98}",3698,620.62,620.86,619.85,620.26
2025-07-08 14:15:00,2025-07-08T15:15:00,2025-07-08T14:15:00,"{'bid': 620.27, 'ask': 620.4}","{'bid': 619.96, 'ask': 620.08}","{'bid': 620.61, 'ask': 620.74}","{'bid': 619.58, 'ask': 619.7}",3230,620.27,620.61,619.58,619.96
2025-07-08 14:30:00,2025-07-08T15:30:00,2025-07-08T14:30:00,"{'bid': 619.96, 'ask': 620.09}","{'bid': 621.02, 'ask': 621.14}","{'bid': 621.43, 'ask': 621.56}","{'bid': 619.94, 'ask': 620.07}",2691,619.96,621.43,619.94,621.02
2025-07-08 14:45:00,2025-07-08T15:45:00,2025-07-08T14:45:00,"{'bid': 621.03, 'ask': 621.16}","{'bid': 620.35, 'ask': 620.48}","{'bid': 621.03, 'ask': 621.16}","{'bid': 619.46, 'ask': 619.58}",4953,621.03,621.03,619.46,620.35
2025-07-08 15:00:00,2025-07-08T16:00:00,2025-07-08T15:00:00,"{'bid': 620.37, 'ask': 620.49}","{'bid': 620.68, 'ask': 620.81}","{'bid': 621.04, 'ask': 621.17}","{'bid': 620.16, 'ask': 620.29}",2966,620.37,621.04,620.16,620.68
2025-07-08 15:15:00,2025-07-08T16:15:00,2025-07-08T15:15:00,"{'bid': 620.69, 'ask': 620.81}","{'bid': 619.9, 'ask': 620.03}","{'bid': 620.82, 'ask': 620.95}","{'bid': 619.66, 'ask': 619.79}",2991,620.69,620.82,619.66,619.9
2025-07-08 15:30:00,2025-07-08T16:30:00,2025-07-08T15:30:00,"{'bid': 619.91, 'ask': 620.04}","{'bid': 620.49, 'ask': 620.62}","{'bid': 620.58, 'ask': 620.71}","{'bid': 619.91, 'ask': 620.04}",2543,619.91,620.58,619.91,620.49
2025-07-08 15:45:00,2025-07-08T16:45:00,2025-07-08T15:45:00,"{'bid': 620.48, 'ask': 620.6}","{'bid': 621.0, 'ask': 621.13}","{'bid': 621.15, 'ask': 621.28}","{'bid': 620.47, 'ask': 620.6}",1751,620.48,621.15,620.47,621.0
2025-07-08 16:00:00,2025-07-08T17:00:00,2025-07-08T16:00:00,"{'bid': 621.01, 'ask': 621.14}","{'bid': 620.88, 'ask': 621.01}","{'bid': 621.14, 'ask': 621.27}","{'bid': 620.46, 'ask': 620.59}",2023,621.01,621.14,620.46,620.88
2025-07-08 16:15:00,2025-07-08T17:15:00,2025-07-08T16:15:00,"{'bid': 620.87, 'ask': 621.0}","{'bid': 621.82, 'ask': 621.94}","{'bid': 622.05, 'ask': 622.17}","{'bid': 620.74, 'ask': 620.87}",1893,620.87,622.05,620.74,621.82
2025-07-08 16:30:00,2025-07-08T17:30:00,2025-07-08T16:30:00,"{'bid': 621.82, 'ask': 621.95}","{'bid': 621.17, 'ask': 621.3}","{'bid': 621.96, 'ask': 622.09}","{'bid': 620.37, 'ask': 620.49}",4233,621.82,621.96,620.37,621.17
2025-07-08 16:45:00,2025-07-08T17:45:00,2025-07-08T16:45:00,"{'bid': 621.16, 'ask': 621.28}","{'bid': 620.73, 'ask': 620.86}","{'bid': 621.28, 'ask': 621.4}","{'bid': 620.66, 'ask': 620.78}",3239,621.16,621.28,620.66,620.73
2025-07-08 17:00:00,2025-07-08T18:00:00,2025-07-08T17:00:00,"{'bid': 620.73, 'ask': 620.85}","{'bid': 620.61, 'ask': 620.74}","{'bid': 620.89, 'ask': 621.02}","{'bid': 620.23, 'ask': 620.35}",3180,620.73,620.89,620.23,620.61
2025-07-08 17:15:00,2025-07-08T18:15:00,2025-07-08T17:15:00,"{'bid': 620.61, 'ask': 620.73}","{'bid': 620.77, 'ask': 620.9}","{'bid': 620.81, 'ask': 620.94}","{'bid': 619.77, 'ask': 619.9}",2867,620.61,620.81,619.77,620.77
2025-07-08 17:30:00,2025-07-08T18:30:00,2025-07-08T17:30:00,"{'bid': 620.77, 'ask': 620.89}","{'bid': 620.35, 'ask': 620.48}","{'bid': 621.05, 'ask': 621.18}","{'bid': 620.14, 'ask': 620.27}",2164,620.77,621.05,620.14,620.35
2025-07-08 17:45:00,2025-07-08T18:45:00,2025-07-08T17:45:00,"{'bid': 620.36, 'ask': 620.49}","{'bid': 621.09, 'ask': 621.22}","{'bid': 621.24, 'ask': 621.37}","{'bid': 620.29, 'ask': 620.42}",1596,620.36,621.24,620.29,621.09
2025-07-08 18:00:00,2025-07-08T19:00:00,2025-07-08T18:00:00,"{'bid': 621.08, 'ask': 621.2}","{'bid': 621.08, 'ask': 621.21}","{'bid': 621.24, 'ask': 621.37}","{'bid': 620.83, 'ask': 620.95}",1650,621.08,621.24,620.83,621.08
2025-07-08 18:15:00,2025-07-08T19:15:00,2025-07-08T18:15:00,"{'bid': 621.09, 'ask': 621.21}","{'bid': 620.59, 'ask': 620.72}","{'bid': 621.19, 'ask': 621.31}","{'bid': 620.54, 'ask': 620.67}",1732,621.09,621.19,620.54,620.59
2025-07-08 18:30:00,2025-07-08T19:30:00,2025-07-08T18:30:00,"{'bid': 620.61, 'ask': 620.74}","{'bid': 620.33, 'ask': 620.46}","{'bid': 620.86, 'ask': 620.99}","{'bid': 620.26, 'ask': 620.38}",1714,620.61,620.86,620.26,620.33
2025-07-08 18:45:00,2025-07-08T19:45:00,2025-07-08T18:45:00,"{'bid': 620.34, 'ask': 620.47}","{'bid': 620.46, 'ask': 620.59}","{'bid': 620.65, 'ask': 620.78}","{'bid': 620.23, 'ask': 620.36}",1395,620.34,620.65,620.23,620.46
2025-07-08 19:00:00,2025-07-08T20:00:00,2025-07-08T19:00:00,"{'bid': 620.45, 'ask': 620.57}","{'bid': 620.22, 'ask': 620.35}","{'bid': 620.57, 'ask': 620.7}","{'bid': 620.02, 'ask': 620.15}",1866,620.45,620.57,620.02,620.22
2025-07-08 19:15:00,2025-07-08T20:15:00,2025-07-08T19:15:00,"{'bid': 620.22, 'ask': 620.34}","{'bid': 620.44, 'ask': 620.57}","{'bid': 620.52, 'ask': 620.64}","{'bid': 620.08, 'ask': 620.21}",1408,620.22,620.52,620.08,620.44
2025-07-08 19:30:00,2025-07-08T20:30:00,2025-07-08T19:30:00,"{'bid': 620.42, 'ask': 620.55}","{'bid': 620.09, 'ask': 620.22}","{'bid': 620.49, 'ask': 620.62}","{'bid': 619.98, 'ask': 620.11}",1406,620.42,620.49,619.98,620.09
2025-07-08 19:45:00,2025-07-08T20:45:00,2025-07-08T19:45:00,"{'bid': 620.1, 'ask': 620.23}","{'bid': 620.24, 'ask': 620.37}","{'bid': 620.71, 'ask': 620.93}","{'bid': 619.94, 'ask': 620.07}",2352,620.1,620.71,619.94,620.24
2025-07-08 20:00:00,2025-07-08T21:00:00,2025-07-08T20:00:00,"{'bid': 620.26, 'ask': 620.38}","{'bid': 620.38, 'ask': 620.51}","{'bid': 620.58, 'ask': 620.71}","{'bid': 620.06, 'ask': 620.2}",1055,620.26,620.58,620.06,620.38
2025-07-08 20:15:00,2025-07-08T21:15:00,2025-07-08T20:15:00,"{'bid': 620.37, 'ask': 620.51}","{'bid': 620.45, 'ask': 620.57}","{'bid': 620.5, 'ask': 620.75}","{'bid': 620.32, 'ask': 620.46}",216,620.37,620.5,620.32,620.45
2025-07-08 20:30:00,2025-07-08T21:30:00,2025-07-08T20:30:00,"{'bid': 620.44, 'ask': 620.57}","{'bid': 620.44, 'ask': 620.58}","{'bid': 620.5, 'ask': 620.63}","{'bid': 620.3, 'ask': 620.43}",210,620.44,620.5,620.3,620.44
2025-07-08 20:45:00,2025-07-08T21:45:00,2025-07-08T20:45:00,"{'bid': 620.45, 'ask': 620.58}","{'bid': 620.29, 'ask': 620.52}","{'bid': 620.45, 'ask': 620.58}","{'bid': 620.05, 'ask': 620.44}",161,620.45,620.45,620.05,620.29
2025-07-08 21:00:00,2025-07-08T22:00:00,2025-07-08T21:00:00,"{'bid': 619.75, 'ask': 620.48}","{'bid': 620.29, 'ask': 620.5}","{'bid': 620.31, 'ask': 620.52}","{'bid': 619.75, 'ask': 620.42}",13,619.75,620.31,619.75,620.29
2025-07-08 21:15:00,2025-07-08T22:15:00,2025-07-08T21:15:00,"{'bid': 620.3, 'ask': 620.5}","{'bid': 620.26, 'ask': 620.5}","{'bid': 620.3, 'ask': 620.5}","{'bid': 620.21, 'ask': 620.4}",11,620.3,620.3,620.21,620.26
2025-07-08 21:30:00,2025-07-08T22:30:00,2025-07-08T21:30:00,"{'bid': 620.3, 'ask': 620.5}","{'bid': 620.21, 'ask': 620.42}","{'bid': 620.3, 'ask': 620.52}","{'bid': 620.21, 'ask': 620.42}",8,620.3,620.3,620.21,620.21
2025-07-08 21:45:00,2025-07-08T22:45:00,2025-07-08T21:45:00,"{'bid': 620.21, 'ask': 620.41}","{'bid': 619.45, 'ask': 620.52}","{'bid': 620.33, 'ask': 620.52}","{'bid': 619.45, 'ask': 620.41}",12,620.21,620.33,619.45,619.45
2025-07-08 22:00:00,2025-07-08T23:00:00,2025-07-08T22:00:00,"{'bid': 619.45, 'ask': 621.36}","{'bid': 620.41, 'ask': 620.58}","{'bid': 620.74, 'ask': 621.36}","{'bid': 619.45, 'ask': 620.55}",278,619.45,620.74,619.45,620.41
2025-07-08 22:15:00,2025-07-08T23:15:00,2025-07-08T22:15:00,"{'bid': 620.42, 'ask': 620.58}","{'bid': 620.42, 'ask': 620.58}","{'bid': 620.49, 'ask': 620.72}","{'bid': 620.36, 'ask': 620.53}",145,620.42,620.49,620.36,620.42
2025-07-08 22:30:00,2025-07-08T23:30:00,2025-07-08T22:30:00,"{'bid': 620.42, 'ask': 620.59}","{'bid': 620.35, 'ask': 620.53}","{'bid': 620.42, 'ask': 620.7}","{'bid': 620.12, 'ask': 620.4}",195,620.42,620.42,620.12,620.35
2025-07-08 22:45:00,2025-07-08T23:45:00,2025-07-08T22:45:00,"{'bid': 620.37, 'ask': 620.53}","{'bid': 620.48, 'ask': 620.64}","{'bid': 620.48, 'ask': 620.7}","{'bid': 620.29, 'ask': 620.48}",78,620.37,620.48,620.29,620.48
2025-07-08 23:00:00,2025-07-09T00:00:00,2025-07-08T23:00:00,"{'bid': 620.47, 'ask': 620.64}","{'bid': 620.62, 'ask': 620.79}","{'bid': 620.7, 'ask': 620.83}","{'bid': 620.05, 'ask': 620.64}",151,620.47,620.7,620.05,620.62
2025-07-08 23:15:00,2025-07-09T00:15:00,2025-07-08T23:15:00,"{'bid': 620.62, 'ask': 620.81}","{'bid': 620.35, 'ask': 620.53}","{'bid': 620.77, 'ask': 621.35}","{'bid': 619.83, 'ask': 620.36}",263,620.62,620.77,619.83,620.35
2025-07-08 23:30:00,2025-07-09T00:30:00,2025-07-08T23:30:00,"{'bid': 620.35, 'ask': 620.52}","{'bid': 620.4, 'ask': 620.61}","{'bid': 620.45, 'ask': 621.05}","{'bid': 620.17, 'ask': 620.35}",215,620.35,620.45,620.17,620.4
2025-07-08 23:45:00,2025-07-09T00:45:00,2025-07-08T23:45:00,"{'bid': 620.4, 'ask': 620.56}","{'bid': 620.26, 'ask': 620.44}","{'bid': 620.44, 'ask': 621.36}","{'bid': 619.83, 'ask': 620.31}",199,620.4,620.44,619.83,620.26
2025-07-09 08:00:00,2025-07-09T09:00:00,2025-07-09T08:00:00,"{'bid': 620.42, 'ask': 621.05}","{'bid': 620.39, 'ask': 620.54}","{'bid': 620.64, 'ask': 621.05}","{'bid': 620.08, 'ask': 620.45}",467,620.42,620.64,620.08,620.39
2025-07-09 08:15:00,2025-07-09T09:15:00,2025-07-09T08:15:00,"{'bid': 620.38, 'ask': 620.54}","{'bid': 620.5, 'ask': 620.66}","{'bid': 620.57, 'ask': 621.05}","{'bid': 620.19, 'ask': 620.36}",434,620.38,620.57,620.19,620.5
2025-07-09 08:30:00,2025-07-09T09:30:00,2025-07-09T08:30:00,"{'bid': 620.52, 'ask': 620.68}","{'bid': 620.56, 'ask': 620.71}","{'bid': 620.69, 'ask': 621.05}","{'bid': 620.46, 'ask': 620.62}",231,620.52,620.69,620.46,620.56
2025-07-09 08:45:00,2025-07-09T09:45:00,2025-07-09T08:45:00,"{'bid': 620.55, 'ask': 620.7}","{'bid': 620.43, 'ask': 620.58}","{'bid': 620.55, 'ask': 620.76}","{'bid': 620.35, 'ask': 620.5}",183,620.55,620.55,620.35,620.43
2025-07-09 09:00:00,2025-07-09T10:00:00,2025-07-09T09:00:00,"{'bid': 620.42, 'ask': 620.58}","{'bid': 620.97, 'ask': 621.12}","{'bid': 621.01, 'ask': 621.35}","{'bid': 620.42, 'ask': 620.58}",268,620.42,621.01,620.42,620.97
2025-07-09 09:15:00,2025-07-09T10:15:00,2025-07-09T09:15:00,"{'bid': 620.99, 'ask': 621.14}","{'bid': 621.44, 'ask': 621.63}","{'bid': 621.49, 'ask': 621.95}","{'bid': 620.65, 'ask': 621.12}",587,620.99,621.49,620.65,621.44
2025-07-09 09:30:00,2025-07-09T10:30:00,2025-07-09T09:30:00,"{'bid': 621.44, 'ask': 621.61}","{'bid': 621.54, 'ask': 621.7}","{'bid': 621.57, 'ask': 621.95}","{'bid': 620.95, 'ask': 621.41}",446,621.44,621.57,620.95,621.54
2025-07-09 09:45:00,2025-07-09T10:45:00,2025-07-09T09:45:00,"{'bid': 621.56, 'ask': 621.7}","{'bid': 621.25, 'ask': 621.41}","{'bid': 621.56, 'ask': 621.95}","{'bid': 621.21, 'ask': 621.35}",246,621.56,621.56,621.21,621.25
2025-07-09 10:00:00,2025-07-09T11:00:00,2025-07-09T10:00:00,"{'bid': 621.24, 'ask': 621.41}","{'bid': 621.29, 'ask': 621.44}","{'bid': 621.29, 'ask': 621.65}","{'bid': 620.65, 'ask': 621.09}",311,621.24,621.29,620.65,621.29
2025-07-09 10:15:00,2025-07-09T11:15:00,2025-07-09T10:15:00,"{'bid': 621.29, 'ask': 621.43}","{'bid': 621.23, 'ask': 621.4}","{'bid': 621.42, 'ask': 621.56}","{'bid': 620.95, 'ask': 621.33}",327,621.29,621.42,620.95,621.23
2025-07-09 10:30:00,2025-07-09T11:30:00,2025-07-09T10:30:00,"{'bid': 621.23, 'ask': 621.41}","{'bid': 621.29, 'ask': 621.44}","{'bid': 621.48, 'ask': 621.94}","{'bid': 620.95, 'ask': 621.34}",340,621.23,621.48,620.95,621.29
2025-07-09 10:45:00,2025-07-09T11:45:00,2025-07-09T10:45:00,"{'bid': 621.27, 'ask': 621.42}","{'bid': 621.27, 'ask': 621.44}","{'bid': 621.35, 'ask': 621.65}","{'bid': 620.95, 'ask': 621.27}",378,621.27,621.35,620.95,621.27
2025-07-09 11:00:00,2025-07-09T12:00:00,2025-07-09T11:00:00,"{'bid': 621.28, 'ask': 621.44}","{'bid': 621.51, 'ask': 621.66}","{'bid': 621.53, 'ask': 621.95}","{'bid': 621.17, 'ask': 621.33}",321,621.28,621.53,621.17,621.51
2025-07-09 11:15:00,2025-07-09T12:15:00,2025-07-09T11:15:00,"{'bid': 621.52, 'ask': 621.67}","{'bid': 621.58, 'ask': 621.75}","{'bid': 621.67, 'ask': 621.9}","{'bid': 621.35, 'ask': 621.49}",263,621.52,621.67,621.35,621.58
2025-07-09 11:30:00,2025-07-09T12:30:00,2025-07-09T11:30:00,"{'bid': 621.6, 'ask': 621.75}","{'bid': 621.62, 'ask': 621.77}","{'bid': 621.88, 'ask': 622.05}","{'bid': 621.25, 'ask': 621.66}",315,621.6,621.88,621.25,621.62
2025-07-09 11:45:00,2025-07-09T12:45:00,2025-07-09T11:45:00,"{'bid': 621.62, 'ask': 621.76}","{'bid': 621.65, 'ask': 621.79}","{'bid': 621.89, 'ask': 622.02}","{'bid': 621.25, 'ask': 621.68}",358,621.62,621.89,621.25,621.65
2025-07-09 12:00:00,2025-07-09T13:00:00,2025-07-09T12:00:00,"{'bid': 621.65, 'ask': 621.8}","{'bid': 621.84, 'ask': 621.99}","{'bid': 621.93, 'ask': 622.09}","{'bid': 621.25, 'ask': 621.62}",387,621.65,621.93,621.25,621.84
2025-07-09 12:15:00,2025-07-09T13:15:00,2025-07-09T12:15:00,"{'bid': 621.85, 'ask': 621.98}","{'bid': 621.93, 'ask': 622.07}","{'bid': 622.03, 'ask': 622.17}","{'bid': 621.73, 'ask': 621.86}",383,621.85,622.03,621.73,621.93
2025-07-09 12:30:00,2025-07-09T13:30:00,2025-07-09T12:30:00,"{'bid': 621.94, 'ask': 622.07}","{'bid': 621.96, 'ask': 622.09}","{'bid': 621.98, 'ask': 622.12}","{'bid': 621.77, 'ask': 621.89}",310,621.94,621.98,621.77,621.96
2025-07-09 12:45:00,2025-07-09T13:45:00,2025-07-09T12:45:00,"{'bid': 621.96, 'ask': 622.11}","{'bid': 621.88, 'ask': 622.03}","{'bid': 622.23, 'ask': 622.85}","{'bid': 621.56, 'ask': 621.86}",620,621.96,622.23,621.56,621.88
2025-07-09 13:00:00,2025-07-09T14:00:00,2025-07-09T13:00:00,"{'bid': 621.86, 'ask': 622.0}","{'bid': 622.37, 'ask': 622.51}","{'bid': 622.37, 'ask': 622.85}","{'bid': 621.72, 'ask': 621.86}",517,621.86,622.37,621.72,622.37
2025-07-09 13:15:00,2025-07-09T14:15:00,2025-07-09T13:15:00,"{'bid': 622.37, 'ask': 622.5}","{'bid': 622.7, 'ask': 622.84}","{'bid': 622.71, 'ask': 623.03}","{'bid': 622.25, 'ask': 622.38}",552,622.37,622.71,622.25,622.7
2025-07-09 13:30:00,2025-07-09T14:30:00,2025-07-09T13:30:00,"{'bid': 622.7, 'ask': 622.83}","{'bid': 624.0, 'ask': 624.13}","{'bid': 624.12, 'ask': 624.25}","{'bid': 622.58, 'ask': 622.7}",3737,622.7,624.12,622.58,624.0
2025-07-09 13:45:00,2025-07-09T14:45:00,2025-07-09T13:45:00,"{'bid': 624.01, 'ask': 624.14}","{'bid': 624.18, 'ask': 624.31}","{'bid': 624.66, 'ask': 624.79}","{'bid': 624.0, 'ask': 624.13}",2631,624.01,624.66,624.0,624.18
2025-07-09 14:00:00,2025-07-09T15:00:00,2025-07-09T14:00:00,"{'bid': 624.18, 'ask': 624.3}","{'bid': 624.13, 'ask': 624.26}","{'bid': 624.47, 'ask': 624.6}","{'bid': 623.8, 'ask': 623.92}",2704,624.18,624.47,623.8,624.13
2025-07-09 14:15:00,2025-07-09T15:15:00,2025-07-09T14:15:00,"{'bid': 624.13, 'ask': 624.25}","{'bid': 623.31, 'ask': 623.44}","{'bid': 624.22, 'ask': 624.34}","{'bid': 623.09, 'ask': 623.22}",2391,624.13,624.22,623.09,623.31
2025-07-09 14:30:00,2025-07-09T15:30:00,2025-07-09T14:30:00,"{'bid': 623.32, 'ask': 623.45}","{'bid': 621.99, 'ask': 622.12}","{'bid': 623.32, 'ask': 623.45}","{'bid': 621.78, 'ask': 621.91}",5300,623.32,623.32,621.78,621.99
2025-07-09 14:45:00,2025-07-09T15:45:00,2025-07-09T14:45:00,"{'bid': 621.99, 'ask': 622.11}","{'bid': 621.37, 'ask': 621.5}","{'bid': 622.44, 'ask': 622.56}","{'bid': 620.99, 'ask': 621.12}",4395,621.99,622.44,620.99,621.37
2025-07-09 15:00:00,2025-07-09T16:00:00,2025-07-09T15:00:00,"{'bid': 621.36, 'ask': 621.49}","{'bid': 621.24, 'ask': 621.37}","{'bid': 621.94, 'ask': 622.07}","{'bid': 621.06, 'ask': 621.19}",3418,621.36,621.94,621.06,621.24
2025-07-09 15:15:00,2025-07-09T16:15:00,2025-07-09T15:15:00,"{'bid': 621.25, 'ask': 621.38}","{'bid': 622.03, 'ask': 622.16}","{'bid': 622.22, 'ask': 622.35}","{'bid': 620.85, 'ask': 620.98}",2665,621.25,622.22,620.85,622.03
2025-07-09 15:30:00,2025-07-09T16:30:00,2025-07-09T15:30:00,"{'bid': 622.05, 'ask': 622.17}","{'bid': 622.26, 'ask': 622.39}","{'bid': 622.3, 'ask': 622.43}","{'bid': 621.26, 'ask': 621.38}",2395,622.05,622.3,621.26,622.26
2025-07-09 15:45:00,2025-07-09T16:45:00,2025-07-09T15:45:00,"{'bid': 622.27, 'ask': 622.4}","{'bid': 621.87, 'ask': 622.0}","{'bid': 622.48, 'ask': 622.6}","{'bid': 621.62, 'ask': 621.75}",2062,622.27,622.48,621.62,621.87
2025-07-09 16:00:00,2025-07-09T17:00:00,2025-07-09T16:00:00,"{'bid': 621.86, 'ask': 621.98}","{'bid': 621.84, 'ask': 621.96}","{'bid': 622.35, 'ask': 622.48}","{'bid': 621.5, 'ask': 621.62}",2234,621.86,622.35,621.5,621.84
2025-07-09 16:15:00,2025-07-09T17:15:00,2025-07-09T16:15:00,"{'bid': 621.84, 'ask': 621.97}","{'bid': 621.73, 'ask': 621.86}","{'bid': 622.12, 'ask': 622.25}","{'bid': 621.54, 'ask': 621.67}",2068,621.84,622.12,621.54,621.73
2025-07-09 16:30:00,2025-07-09T17:30:00,2025-07-09T16:30:00,"{'bid': 621.74, 'ask': 621.87}","{'bid': 621.94, 'ask': 622.07}","{'bid': 622.08, 'ask': 622.21}","{'bid': 621.67, 'ask': 621.8}",1481,621.74,622.08,621.67,621.94
2025-07-09 16:45:00,2025-07-09T17:45:00,2025-07-09T16:45:00,"{'bid': 621.93, 'ask': 622.05}","{'bid': 621.95, 'ask': 622.08}","{'bid': 622.3, 'ask': 622.43}","{'bid': 621.86, 'ask': 621.99}",1370,621.93,622.3,621.86,621.95
2025-07-09 17:00:00,2025-07-09T18:00:00,2025-07-09T17:00:00,"{'bid': 621.96, 'ask': 622.08}","{'bid': 622.06, 'ask': 622.19}","{'bid': 622.34, 'ask': 622.5}","{'bid': 621.55, 'ask': 621.75}",2109,621.96,622.34,621.55,622.06
2025-07-09 17:15:00,2025-07-09T18:15:00,2025-07-09T17:15:00,"{'bid': 622.05, 'ask': 622.17}","{'bid': 622.26, 'ask': 622.38}","{'bid': 622.61, 'ask': 622.74}","{'bid': 621.97, 'ask': 622.1}",1688,622.05,622.61,621.97,622.26
2025-07-09 17:30:00,2025-07-09T18:30:00,2025-07-09T17:30:00,"{'bid': 622.25, 'ask': 622.38}","{'bid': 622.3, 'ask': 622.43}","{'bid': 622.55, 'ask': 622.67}","{'bid': 621.99, 'ask': 622.12}",1567,622.25,622.55,621.99,622.3
2025-07-09 17:45:00,2025-07-09T18:45:00,2025-07-09T17:45:00,"{'bid': 622.29, 'ask': 622.42}","{'bid': 622.4, 'ask': 622.53}","{'bid': 622.73, 'ask': 622.85}","{'bid': 622.03, 'ask': 622.16}",2402,622.29,622.73,622.03,622.4
2025-07-09 18:00:00,2025-07-09T19:00:00,2025-07-09T18:00:00,"{'bid': 622.37, 'ask': 622.5}","{'bid': 623.05, 'ask': 623.18}","{'bid': 623.24, 'ask': 623.37}","{'bid': 622.34, 'ask': 622.46}",2185,622.37,623.24,622.34,623.05
2025-07-09 18:15:00,2025-07-09T19:15:00,2025-07-09T18:15:00,"{'bid': 623.07, 'ask': 623.2}","{'bid': 622.79, 'ask': 622.91}","{'bid': 623.11, 'ask': 623.24}","{'bid': 622.67, 'ask': 622.8}",1719,623.07,623.11,622.67,622.79
2025-07-09 18:30:00,2025-07-09T19:30:00,2025-07-09T18:30:00,"{'bid': 622.78, 'ask': 622.91}","{'bid': 622.9, 'ask': 623.03}","{'bid': 623.13, 'ask': 623.26}","{'bid': 622.75, 'ask': 622.88}",1301,622.78,623.13,622.75,622.9
2025-07-09 18:45:00,2025-07-09T19:45:00,2025-07-09T18:45:00,"{'bid': 622.89, 'ask': 623.02}","{'bid': 623.34, 'ask': 623.47}","{'bid': 623.51, 'ask': 623.64}","{'bid': 622.86, 'ask': 622.99}",1347,622.89,623.51,622.86,623.34
2025-07-09 19:00:00,2025-07-09T20:00:00,2025-07-09T19:00:00,"{'bid': 623.32, 'ask': 623.45}","{'bid': 623.12, 'ask': 623.25}","{'bid': 623.47, 'ask': 623.6}","{'bid': 623.04, 'ask': 623.17}",1393,623.32,623.47,623.04,623.12
2025-07-09 19:15:00,2025-07-09T20:15:00,2025-07-09T19:15:00,"{'bid': 623.13, 'ask': 623.26}","{'bid': 623.53, 'ask': 623.66}","{'bid': 623.71, 'ask': 623.83}","{'bid': 623.1, 'ask': 623.23}",1320,623.13,623.71,623.1,623.53
2025-07-09 19:30:00,2025-07-09T20:30:00,2025-07-09T19:30:00,"{'bid': 623.52, 'ask': 623.64}","{'bid': 623.66, 'ask': 623.79}","{'bid': 623.74, 'ask': 623.87}","{'bid': 623.34, 'ask': 623.47}",1288,623.52,623.74,623.34,623.66
2025-07-09 19:45:00,2025-07-09T20:45:00,2025-07-09T19:45:00,"{'bid': 623.65, 'ask': 623.78}","{'bid': 623.94, 'ask': 624.06}","{'bid': 624.15, 'ask': 624.28}","{'bid': 623.45, 'ask': 623.58}",2342,623.65,624.15,623.45,623.94
2025-07-09 20:00:00,2025-07-09T21:00:00,2025-07-09T20:00:00,"{'bid': 623.95, 'ask': 624.08}","{'bid': 624.19, 'ask': 624.31}","{'bid': 624.22, 'ask': 624.35}","{'bid': 623.8, 'ask': 623.93}",1178,623.95,624.22,623.8,624.19
2025-07-09 20:15:00,2025-07-09T21:15:00,2025-07-09T20:15:00,"{'bid': 624.18, 'ask': 624.31}","{'bid': 623.67, 'ask': 623.8}","{'bid': 624.2, 'ask': 624.33}","{'bid': 623.35, 'ask': 623.63}",582,624.18,624.2,623.35,623.67
2025-07-09 20:30:00,2025-07-09T21:30:00,2025-07-09T20:30:00,"{'bid': 623.66, 'ask': 623.8}","{'bid': 623.76, 'ask': 623.89}","{'bid': 623.9, 'ask': 624.03}","{'bid': 623.05, 'ask': 623.71}",281,623.66,623.9,623.05,623.76
2025-07-09 20:45:00,2025-07-09T21:45:00,2025-07-09T20:45:00,"{'bid': 623.74, 'ask': 623.9}","{'bid': 623.8, 'ask': 623.96}","{'bid': 623.88, 'ask': 624.11}","{'bid': 623.7, 'ask': 623.87}",202,623.74,623.88,623.7,623.8
2025-07-09 21:00:00,2025-07-09T22:00:00,2025-07-09T21:00:00,"{'bid': 623.05, 'ask': 623.96}","{'bid': 623.88, 'ask': 624.0}","{'bid': 623.88, 'ask': 624.03}","{'bid': 622.45, 'ask': 623.95}",17,623.05,623.88,622.45,623.88
2025-07-09 21:15:00,2025-07-09T22:15:00,2025-07-09T21:15:00,"{'bid': 623.88, 'ask': 624.03}","{'bid': 623.85, 'ask': 624.06}","{'bid': 623.92, 'ask': 624.06}","{'bid': 623.85, 'ask': 624.03}",14,623.88,623.92,623.85,623.85
2025-07-09 21:30:00,2025-07-09T22:30:00,2025-07-09T21:30:00,"{'bid': 623.85, 'ask': 624.05}","{'bid': 623.85, 'ask': 624.05}","{'bid': 623.85, 'ask': 624.06}","{'bid': 623.85, 'ask': 624.05}",5,623.85,623.85,623.85,623.85
2025-07-09 21:45:00,2025-07-09T22:45:00,2025-07-09T21:45:00,"{'bid': 623.88, 'ask': 624.05}","{'bid': 623.86, 'ask': 624.21}","{'bid': 623.9, 'ask': 624.21}","{'bid': 623.85, 'ask': 624.05}",11,623.88,623.9,623.85,623.86
2025-07-09 22:00:00,2025-07-09T23:00:00,2025-07-09T22:00:00,"{'bid': 623.86, 'ask': 623.99}","{'bid': 624.18, 'ask': 624.31}","{'bid': 624.25, 'ask': 624.45}","{'bid': 623.36, 'ask': 623.75}",353,623.86,624.25,623.36,624.18
2025-07-09 22:15:00,2025-07-09T23:15:00,2025-07-09T22:15:00,"{'bid': 624.18, 'ask': 624.35}","{'bid': 624.17, 'ask': 624.31}","{'bid': 624.4, 'ask': 624.95}","{'bid': 624.16, 'ask': 624.28}",221,624.18,624.4,624.16,624.17
2025-07-09 22:30:00,2025-07-09T23:30:00,2025-07-09T22:30:00,"{'bid': 624.16, 'ask': 624.31}","{'bid': 624.21, 'ask': 624.37}","{'bid': 624.31, 'ask': 624.65}","{'bid': 624.13, 'ask': 624.3}",188,624.16,624.31,624.13,624.21
2025-07-09 22:45:00,2025-07-09T23:45:00,2025-07-09T22:45:00,"{'bid': 624.2, 'ask': 624.36}","{'bid': 624.18, 'ask': 624.34}","{'bid': 624.24, 'ask': 624.39}","{'bid': 624.1, 'ask': 624.26}",103,624.2,624.24,624.1,624.18
2025-07-09 23:00:00,2025-07-10T00:00:00,2025-07-09T23:00:00,"{'bid': 624.17, 'ask': 624.34}","{'bid': 623.89, 'ask': 624.06}","{'bid': 624.19, 'ask': 624.65}","{'bid': 623.66, 'ask': 624.05}",113,624.17,624.19,623.66,623.89
2025-07-09 23:15:00,2025-07-10T00:15:00,2025-07-09T23:15:00,"{'bid': 623.89, 'ask': 624.05}","{'bid': 623.84, 'ask': 623.99}","{'bid': 623.97, 'ask': 624.35}","{'bid': 623.8, 'ask': 623.97}",152,623.89,623.97,623.8,623.84
2025-07-09 23:30:00,2025-07-10T00:30:00,2025-07-09T23:30:00,"{'bid': 623.84, 'ask': 623.98}","{'bid': 623.61, 'ask': 623.76}","{'bid': 623.85, 'ask': 624.05}","{'bid': 623.36, 'ask': 623.64}",212,623.84,623.85,623.36,623.61
2025-07-09 23:45:00,2025-07-10T00:45:00,2025-07-09T23:45:00,"{'bid': 623.61, 'ask': 623.78}","{'bid': 623.56, 'ask': 623.71}","{'bid': 623.65, 'ask': 624.05}","{'bid': 623.47, 'ask': 623.65}",179,623.61,623.65,623.47,623.56
2025-07-10 08:00:00,2025-07-10T09:00:00,2025-07-10T08:00:00,"{'bid': 622.71, 'ask': 623.15}","{'bid': 622.96, 'ask': 623.11}","{'bid': 623.09, 'ask': 623.3}","{'bid': 622.45, 'ask': 622.77}",378,622.71,623.09,622.45,622.96
2025-07-10 08:15:00,2025-07-10T09:15:00,2025-07-10T08:15:00,"{'bid': 622.96, 'ask': 623.1}","{'bid': 623.27, 'ask': 623.42}","{'bid': 623.41, 'ask': 623.75}","{'bid': 622.96, 'ask': 623.1}",309,622.96,623.41,622.96,623.27
2025-07-10 08:30:00,2025-07-10T09:30:00,2025-07-10T08:30:00,"{'bid': 623.28, 'ask': 623.43}","{'bid': 623.41, 'ask': 623.55}","{'bid': 623.46, 'ask': 623.63}","{'bid': 623.19, 'ask': 623.35}",253,623.28,623.46,623.19,623.41
2025-07-10 08:45:00,2025-07-10T09:45:00,2025-07-10T08:45:00,"{'bid': 623.38, 'ask': 623.54}","{'bid': 623.36, 'ask': 623.51}","{'bid': 623.39, 'ask': 623.55}","{'bid': 623.17, 'ask': 623.31}",224,623.38,623.39,623.17,623.36
2025-07-10 09:00:00,2025-07-10T10:00:00,2025-07-10T09:00:00,"{'bid': 623.37, 'ask': 623.51}","{'bid': 623.34, 'ask': 623.51}","{'bid': 623.46, 'ask': 623.63}","{'bid': 623.29, 'ask': 623.45}",232,623.37,623.46,623.29,623.34
2025-07-10 09:15:00,2025-07-10T10:15:00,2025-07-10T09:15:00,"{'bid': 623.33, 'ask': 623.5}","{'bid': 622.98, 'ask': 623.13}","{'bid': 623.36, 'ask': 623.51}","{'bid': 622.83, 'ask': 622.96}",295,623.33,623.36,622.83,622.98
2025-07-10 09:30:00,2025-07-10T10:30:00,2025-07-10T09:30:00,"{'bid': 622.98, 'ask': 623.12}","{'bid': 622.84, 'ask': 623.01}","{'bid': 623.01, 'ask': 623.16}","{'bid': 622.45, 'ask': 622.93}",289,622.98,623.01,622.45,622.84
2025-07-10 09:45:00,2025-07-10T10:45:00,2025-07-10T09:45:00,"{'bid': 622.85, 'ask': 623.01}","{'bid': 623.14, 'ask': 623.29}","{'bid': 623.34, 'ask': 623.75}","{'bid': 622.85, 'ask': 623.01}",262,622.85,623.34,622.85,623.14
2025-07-10 10:00:00,2025-07-10T11:00:00,2025-07-10T10:00:00,"{'bid': 623.12, 'ask': 623.27}","{'bid': 623.22, 'ask': 623.37}","{'bid': 623.44, 'ask': 623.59}","{'bid': 623.03, 'ask': 623.18}",268,623.12,623.44,623.03,623.22
2025-07-10 10:15:00,2025-07-10T11:15:00,2025-07-10T10:15:00,"{'bid': 623.23, 'ask': 623.38}","{'bid': 623.18, 'ask': 623.34}","{'bid': 623.24, 'ask': 623.75}","{'bid': 622.75, 'ask': 623.27}",213,623.23,623.24,622.75,623.18
2025-07-10 10:30:00,2025-07-10T11:30:00,2025-07-10T10:30:00,"{'bid': 623.17, 'ask': 623.34}","{'bid': 623.43, 'ask': 623.57}","{'bid': 623.44, 'ask': 624.05}","{'bid': 623.17, 'ask': 623.34}",248,623.17,623.44,623.17,623.43
2025-07-10 10:45:00,2025-07-10T11:45:00,2025-07-10T10:45:00,"{'bid': 623.43, 'ask': 623.58}","{'bid': 623.54, 'ask': 623.68}","{'bid': 623.66, 'ask': 624.06}","{'bid': 623.06, 'ask': 623.52}",194,623.43,623.66,623.06,623.54
2025-07-10 11:00:00,2025-07-10T12:00:00,2025-07-10T11:00:00,"{'bid': 623.5, 'ask': 623.66}","{'bid': 623.72, 'ask': 623.89}","{'bid': 623.82, 'ask': 624.35}","{'bid': 623.42, 'ask': 623.57}",313,623.5,623.82,623.42,623.72
2025-07-10 11:15:00,2025-07-10T12:15:00,2025-07-10T11:15:00,"{'bid': 623.72, 'ask': 623.88}","{'bid': 623.92, 'ask': 624.07}","{'bid': 623.99, 'ask': 624.16}","{'bid': 623.66, 'ask': 623.81}",304,623.72,623.99,623.66,623.92
2025-07-10 11:30:00,2025-07-10T12:30:00,2025-07-10T11:30:00,"{'bid': 623.91, 'ask': 624.06}","{'bid': 624.31, 'ask': 624.43}","{'bid': 624.31, 'ask': 624.43}","{'bid': 623.88, 'ask': 624.01}",341,623.91,624.31,623.88,624.31
2025-07-10 11:45:00,2025-07-10T12:45:00,2025-07-10T11:45:00,"{'bid': 624.31, 'ask': 624.45}","{'bid': 624.21, 'ask': 624.36}","{'bid': 624.43, 'ask': 624.58}","{'bid': 624.1, 'ask': 624.28}",409,624.31,624.43,624.1,624.21
2025-07-10 12:00:00,2025-07-10T13:00:00,2025-07-10T12:00:00,"{'bid': 624.17, 'ask': 624.36}","{'bid': 624.07, 'ask': 624.24}","{'bid': 624.22, 'ask': 624.4}","{'bid': 623.65, 'ask': 624.02}",472,624.17,624.22,623.65,624.07
2025-07-10 12:15:00,2025-07-10T13:15:00,2025-07-10T12:15:00,"{'bid': 624.06, 'ask': 624.23}","{'bid': 623.47, 'ask': 624.19}","{'bid': 624.1, 'ask': 624.24}","{'bid': 623.46, 'ask': 623.68}",494,624.06,624.1,623.46,623.47
2025-07-10 12:30:00,2025-07-10T13:30:00,2025-07-10T12:30:00,"{'bid': 623.81, 'ask': 624.19}","{'bid': 623.5, 'ask': 623.65}","{'bid': 624.06, 'ask': 624.19}","{'bid': 623.38, 'ask': 623.51}",739,623.81,624.06,623.38,623.5
2025-07-10 12:45:00,2025-07-10T13:45:00,2025-07-10T12:45:00,"{'bid': 623.5, 'ask': 623.64}","{'bid': 623.57, 'ask': 623.72}","{'bid': 623.62, 'ask': 624.0}","{'bid': 623.32, 'ask': 623.46}",424,623.5,623.62,623.32,623.57
2025-07-10 13:00:00,2025-07-10T14:00:00,2025-07-10T13:00:00,"{'bid': 623.57, 'ask': 623.71}","{'bid': 623.48, 'ask': 623.62}","{'bid': 623.8, 'ask': 624.14}","{'bid': 623.34, 'ask': 623.48}",589,623.57,623.8,623.34,623.48
2025-07-10 13:15:00,2025-07-10T14:15:00,2025-07-10T13:15:00,"{'bid': 623.46, 'ask': 623.6}","{'bid': 624.14, 'ask': 624.28}","{'bid': 624.2, 'ask': 624.85}","{'bid': 623.26, 'ask': 623.6}",640,623.46,624.2,623.26,624.14
2025-07-10 13:30:00,2025-07-10T14:30:00,2025-07-10T13:30:00,"{'bid': 624.12, 'ask': 624.25}","{'bid': 623.78, 'ask': 623.91}","{'bid': 624.35, 'ask': 624.48}","{'bid': 623.45, 'ask': 623.58}",3917,624.12,624.35,623.45,623.78
2025-07-10 13:45:00,2025-07-10T14:45:00,2025-07-10T13:45:00,"{'bid': 623.79, 'ask': 623.92}","{'bid': 623.33, 'ask': 623.46}","{'bid': 624.0, 'ask': 624.13}","{'bid': 623.05, 'ask': 623.18}",3134,623.79,624.0,623.05,623.33
2025-07-10 14:00:00,2025-07-10T15:00:00,2025-07-10T14:00:00,"{'bid': 623.35, 'ask': 623.47}","{'bid': 623.67, 'ask': 623.8}","{'bid': 623.73, 'ask': 623.86}","{'bid': 622.96, 'ask': 623.09}",3241,623.35,623.73,622.96,623.67
2025-07-10 14:15:00,2025-07-10T15:15:00,2025-07-10T14:15:00,"{'bid': 623.68, 'ask': 623.81}","{'bid': 623.67, 'ask': 623.8}","{'bid': 624.19, 'ask': 624.32}","{'bid': 623.25, 'ask': 623.37}",2664,623.68,624.19,623.25,623.67
2025-07-10 14:30:00,2025-07-10T15:30:00,2025-07-10T14:30:00,"{'bid': 623.7, 'ask': 623.83}","{'bid': 624.75, 'ask': 624.88}","{'bid': 624.8, 'ask': 624.92}","{'bid': 623.68, 'ask': 623.81}",2350,623.7,624.8,623.68,624.75
2025-07-10 14:45:00,2025-07-10T15:45:00,2025-07-10T14:45:00,"{'bid': 624.76, 'ask': 624.89}","{'bid': 624.8, 'ask': 624.93}","{'bid': 625.04, 'ask': 625.17}","{'bid': 624.52, 'ask': 624.65}",1925,624.76,625.04,624.52,624.8
2025-07-10 15:00:00,2025-07-10T16:00:00,2025-07-10T15:00:00,"{'bid': 624.79, 'ask': 624.91}","{'bid': 625.02, 'ask': 625.15}","{'bid': 625.25, 'ask': 625.38}","{'bid': 624.77, 'ask': 624.9}",1902,624.79,625.25,624.77,625.02
2025-07-10 15:15:00,2025-07-10T16:15:00,2025-07-10T15:15:00,"{'bid': 625.03, 'ask': 625.16}","{'bid': 625.45, 'ask': 625.58}","{'bid': 625.51, 'ask': 625.64}","{'bid': 624.92, 'ask': 625.05}",1397,625.03,625.51,624.92,625.45
2025-07-10 15:30:00,2025-07-10T16:30:00,2025-07-10T15:30:00,"{'bid': 625.44, 'ask': 625.56}","{'bid': 625.67, 'ask': 625.8}","{'bid': 625.69, 'ask': 625.81}","{'bid': 625.31, 'ask': 625.44}",1327,625.44,625.69,625.31,625.67
2025-07-10 15:45:00,2025-07-10T16:45:00,2025-07-10T15:45:00,"{'bid': 625.69, 'ask': 625.81}","{'bid': 625.64, 'ask': 625.77}","{'bid': 625.72, 'ask': 625.85}","{'bid': 625.48, 'ask': 625.61}",961,625.69,625.72,625.48,625.64
2025-07-10 16:00:00,2025-07-10T17:00:00,2025-07-10T16:00:00,"{'bid': 625.64, 'ask': 625.76}","{'bid': 625.15, 'ask': 625.28}","{'bid': 625.7, 'ask': 625.83}","{'bid': 625.05, 'ask': 625.18}",1138,625.64,625.7,625.05,625.15
2025-07-10 16:15:00,2025-07-10T17:15:00,2025-07-10T16:15:00,"{'bid': 625.14, 'ask': 625.27}","{'bid': 625.5, 'ask': 625.63}","{'bid': 625.55, 'ask': 625.68}","{'bid': 624.96, 'ask': 625.09}",1326,625.14,625.55,624.96,625.5
2025-07-10 16:30:00,2025-07-10T17:30:00,2025-07-10T16:30:00,"{'bid': 625.51, 'ask': 625.64}","{'bid': 625.61, 'ask': 625.74}","{'bid': 625.72, 'ask': 625.85}","{'bid': 625.18, 'ask': 625.31}",1124,625.51,625.72,625.18,625.61
2025-07-10 16:45:00,2025-07-10T17:45:00,2025-07-10T16:45:00,"{'bid': 625.62, 'ask': 625.75}","{'bid': 625.48, 'ask': 625.6}","{'bid': 625.65, 'ask': 625.78}","{'bid': 625.39, 'ask': 625.52}",984,625.62,625.65,625.39,625.48
2025-07-10 17:00:00,2025-07-10T18:00:00,2025-07-10T17:00:00,"{'bid': 625.47, 'ask': 625.59}","{'bid': 625.86, 'ask': 625.99}","{'bid': 626.03, 'ask': 626.15}","{'bid': 625.47, 'ask': 625.59}",1288,625.47,626.03,625.47,625.86
2025-07-10 17:15:00,2025-07-10T18:15:00,2025-07-10T17:15:00,"{'bid': 625.87, 'ask': 625.99}","{'bid': 626.03, 'ask': 626.16}","{'bid': 626.16, 'ask': 626.28}","{'bid': 625.73, 'ask': 625.86}",991,625.87,626.16,625.73,626.03
2025-07-10 17:30:00,2025-07-10T18:30:00,2025-07-10T17:30:00,"{'bid': 626.02, 'ask': 626.15}","{'bid': 626.31, 'ask': 626.44}","{'bid': 626.38, 'ask': 626.51}","{'bid': 626.02, 'ask': 626.15}",743,626.02,626.38,626.02,626.31
2025-07-10 17:45:00,2025-07-10T18:45:00,2025-07-10T17:45:00,"{'bid': 626.33, 'ask': 626.45}","{'bid': 626.52, 'ask': 626.65}","{'bid': 626.7, 'ask': 626.83}","{'bid': 626.13, 'ask': 626.26}",761,626.33,626.7,626.13,626.52
2025-07-10 18:00:00,2025-07-10T19:00:00,2025-07-10T18:00:00,"{'bid': 626.51, 'ask': 626.64}","{'bid': 626.55, 'ask': 626.68}","{'bid': 626.71, 'ask': 626.83}","{'bid': 626.39, 'ask': 626.52}",706,626.51,626.71,626.39,626.55
2025-07-10 18:15:00,2025-07-10T19:15:00,2025-07-10T18:15:00,"{'bid': 626.54, 'ask': 626.67}","{'bid': 626.53, 'ask': 626.66}","{'bid': 626.81, 'ask': 626.94}","{'bid': 626.51, 'ask': 626.64}",704,626.54,626.81,626.51,626.53
2025-07-10 18:30:00,2025-07-10T19:30:00,2025-07-10T18:30:00,"{'bid': 626.54, 'ask': 626.66}","{'bid': 626.28, 'ask': 626.41}","{'bid': 626.61, 'ask': 626.73}","{'bid': 626.26, 'ask': 626.39}",864,626.54,626.61,626.26,626.28
2025-07-10 18:45:00,2025-07-10T19:45:00,2025-07-10T18:45:00,"{'bid': 626.28, 'ask': 626.4}","{'bid': 626.2, 'ask': 626.33}","{'bid': 626.35, 'ask': 626.49}","{'bid': 626.03, 'ask': 626.16}",898,626.28,626.35,626.03,626.2
2025-07-10 19:00:00,2025-07-10T20:00:00,2025-07-10T19:00:00,"{'bid': 626.19, 'ask': 626.31}","{'bid': 626.37, 'ask': 626.5}","{'bid': 626.46, 'ask': 626.59}","{'bid': 626.12, 'ask': 626.25}",918,626.19,626.46,626.12,626.37
2025-07-10 19:15:00,2025-07-10T20:15:00,2025-07-10T19:15:00,"{'bid': 626.38, 'ask': 626.51}","{'bid': 626.14, 'ask': 626.27}","{'bid': 626.5, 'ask': 626.63}","{'bid': 626.06, 'ask': 626.19}",761,626.38,626.5,626.06,626.14
2025-07-10 19:30:00,2025-07-10T20:30:00,2025-07-10T19:30:00,"{'bid': 626.16, 'ask': 626.28}","{'bid': 626.43, 'ask': 626.56}","{'bid': 626.61, 'ask': 626.74}","{'bid': 626.1, 'ask': 626.23}",864,626.16,626.61,626.1,626.43
2025-07-10 19:45:00,2025-07-10T20:45:00,2025-07-10T19:45:00,"{'bid': 626.42, 'ask': 626.54}","{'bid': 625.79, 'ask': 625.91}","{'bid': 626.44, 'ask': 626.57}","{'bid': 625.15, 'ask': 625.28}",2773,626.42,626.44,625.15,625.79
2025-07-10 20:00:00,2025-07-10T21:00:00,2025-07-10T20:00:00,"{'bid': 625.77, 'ask': 625.9}","{'bid': 625.32, 'ask': 625.44}","{'bid': 625.82, 'ask': 625.94}","{'bid': 625.21, 'ask': 625.34}",1140,625.77,625.82,625.21,625.32
2025-07-10 20:15:00,2025-07-10T21:15:00,2025-07-10T20:15:00,"{'bid': 625.31, 'ask': 625.43}","{'bid': 625.43, 'ask': 625.56}","{'bid': 625.49, 'ask': 625.85}","{'bid': 625.29, 'ask': 625.41}",268,625.31,625.49,625.29,625.43
2025-07-10 20:30:00,2025-07-10T21:30:00,2025-07-10T20:30:00,"{'bid': 625.43, 'ask': 625.55}","{'bid': 625.64, 'ask': 625.78}","{'bid': 625.79, 'ask': 625.91}","{'bid': 625.42, 'ask': 625.54}",262,625.43,625.79,625.42,625.64
2025-07-10 20:45:00,2025-07-10T21:45:00,2025-07-10T20:45:00,"{'bid': 625.66, 'ask': 625.8}","{'bid': 625.46, 'ask': 625.66}","{'bid': 625.67, 'ask': 625.8}","{'bid': 625.39, 'ask': 625.54}",238,625.66,625.67,625.39,625.46
2025-07-10 21:00:00,2025-07-10T22:00:00,2025-07-10T21:00:00,"{'bid': 625.46, 'ask': 626.45}","{'bid': 625.47, 'ask': 625.71}","{'bid': 625.49, 'ask': 626.45}","{'bid': 625.44, 'ask': 625.69}",10,625.46,625.49,625.44,625.47
2025-07-10 21:15:00,2025-07-10T22:15:00,2025-07-10T21:15:00,"{'bid': 625.55, 'ask': 625.71}","{'bid': 625.44, 'ask': 625.7}","{'bid': 625.55, 'ask': 625.71}","{'bid': 625.44, 'ask': 625.6}",12,625.55,625.55,625.44,625.44
